560
145	230
145	229
61	170
61	171
58	268
58	268
128	418
128	418
222	352
222	352
222	352
222	352
104	228
104	228
42	41
42	41
190	378
190	378
190	378
190	378
193	441
193	441
249	374
249	374
249	374
249	374
144	65
137	67
77	28
77	28
52	43
52	43
127	287
127	287
66	384
66	384
77	434
77	434
195	399
195	399
142	214
142	214
142	214
142	214
221	34
222	34
218	63
217	65
143	236
143	236
143	236
143	236
158	85
152	92
76	260
76	260
44	492
44	492
50	184
50	184
251	26
251	26
251	26
251	26
218	471
218	471
154	12
153	13
212	48
211	49
126	146
126	146
126	146
126	146
167	9
166	10
36	182
36	182
125	21
125	23
55	231
55	231
65	490
65	490
268	379
268	379
166	437
166	437
178	416
178	416
178	416
178	416
275	449
275	449
275	449
275	449
64	252
64	252
99	39
99	39
236	67
235	67
77	148
77	148
103	187
103	188
109	132
109	132
100	415
100	415
79	36
79	37
66	144
66	144
212	387
212	387
175	446
175	446
264	42
264	42
272	458
272	458
222	456
222	455
263	88
263	88
45	10
45	10
184	484
184	484
87	273
87	273
97	173
97	173
97	173
97	173
97	173
97	173
41	260
41	260
261	20
261	20
88	18
88	18
66	44
66	44
59	34
59	34
201	502
201	502
201	502
201	502
273	101
273	101
273	101
273	101
152	73
148	78
206	41
206	41
62	488
62	488
28	56
28	56
28	56
28	56
106	148
106	148
106	148
106	148
242	337
242	337
242	337
242	337
136	15
136	16
145	309
145	309
131	240
131	240
39	55
39	55
281	386
281	386
70	420
70	420
107	6
107	7
93	199
93	199
72	210
72	210
281	9
281	9
281	26
281	26
26	441
26	441
136	215
136	215
105	143
105	143
241	330
241	330
253	385
253	385
182	423
182	423
210	378
210	378
208	469
209	469
149	444
149	444
79	383
79	383
95	332
95	332
95	332
95	332
224	330
224	330
234	389
234	389
238	51
238	51
55	184
55	184
98	25
98	25
206	25
206	25
206	25
206	25
71	202
71	202
205	373
205	373
59	118
59	118
59	118
59	118
93	422
93	422
190	501
190	501
282	375
282	375
234	376
234	376
95	143
95	143
133	26
133	27
148	433
148	433
270	59
270	59
270	59
270	59
273	372
273	372
91	340
91	340
184	406
184	406
128	29
128	30
146	182
146	182
74	253
74	253
79	269
79	269
227	451
227	451
115	112
115	112
150	11
149	12
39	7
39	7
39	7
39	7
106	40
106	41
227	451
227	451
127	17
127	18
134	125
134	125
134	125
134	125
136	251
136	251
203	483
203	483
119	179
119	179
119	179
119	179
271	38
271	38
161	487
161	487
161	487
161	487
27	441
27	441
27	441
27	441
125	180
125	180
125	180
125	180
190	390
190	390
77	274
77	274
44	311
44	311
169	487
169	487
169	487
169	487
36	440
36	440
36	440
36	440
51	488
51	488
84	41
84	42
137	35
137	36
254	35
254	35
153	257
153	257
62	413
62	413
61	39
61	39
213	55
213	56
132	165
132	165
69	419
69	419
260	377
260	377
260	377
260	377
101	43
101	43
84	31
84	31
84	31
84	31
194	392
194	392
274	107
274	107
196	50
195	50
222	53
222	54
236	67
237	67
245	347
245	347
134	384
134	384
127	342
127	342
132	292
132	292
132	292
132	292
153	439
153	439
125	294
125	294
153	304
153	176
153	318
153	318
278	52
278	52
62	25
62	25
126	244
126	244
72	47
72	47
38	189
38	189
96	389
96	389
96	389
96	389
268	446
268	446
266	58
266	58
134	365
134	365
116	383
116	383
239	456
240	456
99	362
99	362
184	395
184	396
268	373
268	373
218	55
218	56
37	304
37	304
38	271
38	271
51	298
51	298
51	298
51	298
280	100
280	100
140	20
140	20
116	103
116	103
11	500
11	500
262	325
262	324
233	52
233	52
37	310
37	310
263	10
263	10
268	446
268	446
73	16
73	17
284	371
284	371
71	51
71	51
95	411
95	411
271	99
271	99
77	275
77	275
77	275
77	275
63	51
63	51
142	48
142	49
82	337
82	337
82	337
82	337
95	378
95	378
140	20
140	20
209	475
209	475
102	163
102	163
262	48
262	48
123	34
123	35
103	177
103	177
67	389
67	389
67	389
67	389
121	283
121	283
121	283
121	283
162	69
157	73
67	382
67	382
96	145
96	145
96	145
96	145
200	368
200	368
115	382
115	382
142	392
142	392
256	374
256	374
37	317
37	317
75	265
75	265
89	259
89	259
206	502
205	503
192	407
192	407
194	350
194	350
83	375
83	375
200	342
200	342
137	13
137	14
72	35
72	35
178	480
178	480
176	442
175	442
136	294
136	294
200	36
200	36
281	445
281	445
281	445
281	445
194	413
194	413
203	29
203	29
277	444
277	444
61	319
61	319
174	45
174	45
10	31
10	31
266	52
266	52
172	439
172	439
234	327
234	328
242	345
242	345
279	366
279	366
40	314
40	314
270	52
270	52
279	59
279	59
117	254
117	254
280	362
280	363
64	348
64	348
133	179
133	179
54	194
54	194
87	295
87	295
87	295
87	295
260	368
260	368
100	440
100	440
110	31
110	32
283	366
283	366
234	343
234	343
129	302
129	302
37	276
37	276
281	55
281	55
100	327
100	327
100	327
100	327
145	12
145	13
99	426
99	426
111	178
111	178
111	178
111	178
58	111
58	111
90	389
90	389
99	164
99	164
40	307
40	307
40	186
40	186
40	186
40	186
130	247
130	247
239	372
239	372
89	429
89	429
89	429
89	429
276	367
276	367
140	133
140	133
100	176
100	176
69	264
69	264
109	382
109	382
100	437
100	437
134	105
134	105
126	218
126	218
113	32
113	33
141	32
141	33
141	32
141	33
259	42
259	42
62	46
62	46
103	38
103	39
199	39
199	39
277	363
279	366
94	203
94	203
72	197
72	197
64	383
64	383
65	47
65	47
65	47
65	47
152	17
150	18
54	247
54	247
114	92
114	92
114	92
114	92
40	178
40	178
40	178
40	178
65	175
65	175
182	417
182	417
107	440
107	440
109	37
109	37
232	70
232	70
99	429
99	429
99	429
99	429
192	42
192	42
161	7
161	9
90	369
90	369
220	392
220	393
237	58
237	58
237	58
237	58
5	504
5	504
53	261
53	261
262	365
262	365
155	5
155	7
238	365
238	365
93	392
93	392
213	396
213	395
257	370
257	370
131	203
131	203
238	347
238	347
67	124
67	124
67	124
67	124
204	377
204	376
103	46
103	46
51	314
51	314
51	314
51	314
144	115
144	115
144	115
144	115
234	58
234	58
266	449
266	449
263	361
263	361
272	33
272	33
101	301
101	301
179	427
179	427
62	124
62	124
110	49
110	49
88	429
88	429
261	448
261	448
68	284
68	284
130	361
130	361
60	205
60	205
75	196
75	196
75	196
75	196
77	213
77	213
209	41
209	41
209	41
209	41
44	287
44	287
71	383
71	383
275	92
275	92
126	282
126	282
66	316
66	316
100	369
100	369
95	402
95	402
95	402
95	402
276	345
276	345
119	124
119	124
134	214
134	214
128	163
128	163
128	163
128	163
97	408
97	408
97	408
97	408
63	409
63	409
111	181
111	181
68	176
68	176
279	347
279	347
65	195
65	195
58	204
58	204
58	204
58	204
60	382
60	382
60	382
60	382
151	315
151	315
151	315
151	315
88	176
88	176
244	48
244	48
94	429
94	429
94	429
94	429
276	89
276	89
96	156
96	156
236	385
236	385
140	149
140	149
140	149
140	149
122	209
122	209
122	209
122	209
283	101
283	101
130	21
130	22
114	191
114	191
69	130
70	130
126	163
126	163
272	105
272	105
90	177
90	177
240	59
240	59
151	308
151	308
126	227
126	226
93	319
93	319
236	371
236	371
19	497
19	497
19	497
19	497
266	379
266	379
102	416
102	416
72	380
72	380
110	34
110	35
275	348
275	348
84	262
84	262
75	261
75	261
114	268
114	268
95	355
95	355
75	204
75	204
84	296
84	296
135	231
135	231
94	272
94	272
94	272
94	272
220	389
220	390
211	380
211	380
124	211
124	211
59	316
59	316
240	56
240	56
110	142
110	142
266	361
266	361
18	4
18	4
19	501
19	501
260	362
260	362
143	251
143	251
213	393
214	393
58	219
58	219
134	283
134	283
269	48
269	48
60	388
60	388
60	388
60	388
85	175
85	175
85	175
85	175
128	224
128	224
88	347
88	347
88	347
88	347
278	96
278	96
154	8
154	9
44	45
44	45
85	345
85	345
268	344
268	344
264	382
263	382
66	345
66	345
111	42
111	43
61	356
61	356
142	182
142	182
101	118
101	118
101	118
101	118
115	123
115	123
122	280
122	280
78	210
78	210
50	266
50	266
50	266
50	266
272	363
273	363
110	184
110	184
110	184
110	184
130	195
130	195
130	195
130	195
5	499
5	499
64	391
64	391
48	110
48	110
48	110
48	110
84	432
84	432
132	155
132	155
70	246
70	246
70	246
70	246
270	339
270	339
127	137
127	137
40	182
40	182
40	182
40	182
40	182
40	182
75	284
75	284
68	149
68	149
97	147
97	147
144	20
143	20
101	434
101	434
93	373
93	373
93	373
93	373
266	345
266	345
116	200
116	200
57	344
57	344
57	344
57	344
263	358
263	358
139	115
139	115
139	115
139	115
283	50
283	50
60	217
60	217
124	347
124	347
113	143
113	143
275	442
275	442
73	193
73	193
56	174
56	174
56	174
56	174
98	197
98	197
70	150
70	150
56	360
56	360
56	360
56	360
281	453
281	453
57	161
57	161
236	331
236	331
50	262
50	262
92	369
92	369
184	401
184	400
86	394
86	394
102	432
102	432
102	432
102	432
213	44
213	44
213	44
213	44
98	375
98	375
89	137
89	137
50	280
50	280
50	280
50	280
77	160
77	160
57	351
57	351
57	351
57	351
235	382
234	376
258	36
258	36
65	422
65	422
65	422
65	422
