98
452
432
161
434
338
310
310
434
335
310
311
310
331
426
434
435
437
339
434
434
396
433
307
205
335
369
431
307
53
307
478
431
327
485
338
305
326
427
432
399
345
341
214
427
303
327
305
356
431
326
417
204
304
304
259
426
304
378
476
485
184
216
406
226
462
150
426
26
397
324
161
250
163
321
325
375
359
31
47
372
406
158
272
232
361
253
153
123
122
137
212
452
436
77
258
348
485
134
180
123
192
183
166
67
54
85
151
81
24
43
207
262
24
194
101
262
48
37
196
67
148
190
196
202
154
160
189
136
184
113
162
72
182
117
175
235
133
184
156
141
146
246
244
262
171
205
144
186
186
178
259
205
224
204
190
184
196
60
191
136
121
187
184
188
223
119
174
148
204
170
182
227
196
168
195
195
119
157
202
113
263
228
147
190
178
213
187
195
158
192
210
247
234
169
49
176
452
432
161
433
338
310
310
434
335
310
311
310
331
426
434
434
437
339
434
434
395
433
307
204
335
368
431
307
52
307
478
431
327
485
337
305
325
426
432
399
345
341
214
426
303
327
305
356
431
325
417
204
304
303
259
425
304
377
475
485
184
216
406
226
461
149
425
26
396
324
161
250
163
320
324
374
359
31
47
372
406
158
271
231
361
253
153
124
122
137
212
451
435
76
257
348
485
134
179
123
191
182
165
67
54
85
151
81
24
43
207
262
24
193
101
262
48
37
196
67
148
189
196
202
153
160
188
136
184
113
162
72
182
117
174
234
133
183
156
141
146
245
243
262
171
205
143
186
186
178
259
204
223
204
189
184
195
60
191
136
121
187
183
187
223
119
174
148
204
170
182
226
196
167
195
195
118
157
202
113
263
227
147
190
178
212
187
194
158
192
210
247
233
168
49
176
