96
393
129
476
109
129
71
129
132
132
258
86
424
130
454
326
129
85
394
62
459
337
140
34
27
55
245
300
401
99
130
105
316
463
255
46
432
72
398
48
130
135
174
394
130
37
101
441
339
48
97
345
306
337
142
131
193
443
28
116
196
130
69
94
131
412
393
130
276
300
321
136
74
312
487
157
72
379
407
359
444
164
465
86
313
316
356
341
189
115
455
132
340
93
385
132
478
238
118
33
61
157
44
136
28
61
63
55
28
175
42
40
147
40
42
64
261
35
51
245
259
49
59
40
248
256
187
73
31
32
41
248
44
55
227
238
205
248
63
53
48
235
51
28
185
224
63
226
55
50
29
236
75
41
24
47
65
259
253
244
226
34
261
215
261
68
53
82
31
263
70
66
65
241
258
43
263
54
44
66
252
63
26
209
37
71
73
38
197
76
29
71
254
393
129
476
109
129
71
129
132
132
258
86
424
129
454
326
128
85
393
62
459
337
140
33
27
54
245
300
401
99
129
104
316
463
255
46
432
72
398
47
130
134
174
393
129
36
101
441
339
48
97
344
306
336
142
131
193
443
28
115
195
129
69
94
131
412
392
130
275
300
321
136
73
311
486
157
72
379
407
359
443
164
464
86
312
316
356
340
189
115
455
132
340
93
384
131
478
238
117
33
61
156
44
135
28
61
62
55
28
174
42
40
147
40
42
64
261
34
50
245
258
49
58
40
247
256
187
73
31
32
41
248
44
55
226
238
204
248
62
52
48
235
51
27
185
224
63
225
55
50
28
236
74
41
24
46
64
258
253
244
226
34
260
214
261
68
53
81
31
262
70
65
65
240
258
42
262
54
44
66
251
63
26
209
37
71
72
38
196
76
29
70
253
