55
147
93
271
148
220
119
286
152
155
302
325
340
343
152
348
109
253
342
81
389
202
271
239
240
332
301
208
469
473
116
140
472
384
307
368
164
241
172
450
395
140
340
99
192
467
211
67
255
171
69
352
436
366
303
289
166
46
42
247
40
38
53
100
70
53
74
32
108
128
70
37
117
95
46
101
31
53
43
114
97
90
43
93
77
70
104
117
90
35
85
99
33
77
95
78
115
82
66
26
67
53
25
106
33
100
32
95
110
24
92
146
94
273
149
222
122
288
152
154
304
325
341
344
152
348
111
255
343
82
391
203
273
240
242
332
302
210
472
475
117
143
472
384
308
369
166
242
173
451
397
142
341
99
192
469
213
68
257
173
71
353
437
367
304
290
165
46
41
252
39
40
52
97
69
52
73
31
107
127
69
36
117
95
46
101
30
52
42
113
97
89
42
92
77
70
103
117
87
35
85
98
33
76
94
77
114
82
65
25
67
52
24
106
24
102
31
95
109
24
92
