98
393
129
476
109
129
71
129
132
132
258
86
424
130
454
326
129
85
394
62
337
459
140
34
27
55
245
300
99
130
105
401
316
46
463
255
432
72
398
130
40
136
174
394
130
101
441
50
339
345
97
306
337
60
142
131
131
28
193
443
115
196
69
131
94
412
393
312
276
300
321
136
74
157
72
487
359
407
379
164
465
86
313
316
356
341
189
115
455
444
132
340
93
478
385
132
487
404
486
238
118
33
61
157
44
136
28
61
63
55
28
175
42
40
147
40
42
64
35
261
51
245
260
49
59
40
256
187
73
248
31
248
32
41
44
55
227
205
229
246
63
53
48
51
28
224
185
226
63
55
50
263
29
236
256
24
75
41
47
65
253
223
244
34
261
263
261
68
53
82
31
66
65
70
43
258
241
54
44
66
252
63
26
209
37
71
73
263
38
197
76
254
29
71
58
47
26
393
129
476
109
129
71
129
132
132
258
86
424
130
454
326
128
85
394
62
337
459
140
33
27
55
245
300
99
130
105
401
316
45
463
255
432
72
398
130
39
136
174
394
130
101
441
50
339
345
97
306
337
60
142
131
131
28
193
443
115
196
69
131
94
412
392
312
276
300
321
136
74
157
72
487
359
407
379
164
465
86
313
316
356
341
189
115
455
443
132
340
93
478
385
132
487
404
486
238
118
33
61
157
44
135
28
61
63
55
28
175
42
40
147
40
42
64
34
260
51
244
259
49
59
40
256
187
73
248
31
247
32
41
44
55
226
204
229
246
63
53
48
51
28
224
185
226
63
55
50
263
29
235
256
24
75
41
47
65
253
222
244
34
260
262
261
68
53
82
31
66
65
70
43
258
241
54
43
66
251
63
26
209
37
71
73
262
38
197
76
253
29
71
57
47
26
