80
129
476
86
258
129
129
114
325
132
129
132
129
425
454
76
129
89
132
245
27
394
337
34
114
70
48
432
319
463
59
136
101
66
97
299
174
130
97
256
441
100
306
299
37
130
41
104
46
46
196
93
131
67
394
111
164
131
382
443
337
193
317
90
412
476
466
86
136
298
66
78
344
188
420
157
277
132
456
357
142
117
34
55
63
151
130
60
42
28
172
61
140
28
43
41
161
41
42
59
260
42
35
245
70
52
239
44
32
33
45
246
52
62
250
40
63
184
64
41
28
260
55
29
235
196
263
74
221
251
65
76
256
261
53
50
54
236
242
41
50
75
62
262
34
24
44
66
81
65
250
25
238
37
63
68
261
71
74
37
29
128
476
85
258
129
129
113
325
131
129
132
129
424
454
76
129
89
131
245
27
393
337
34
113
69
48
432
318
463
58
136
101
65
96
299
174
130
96
256
441
100
306
299
37
130
41
104
46
45
195
92
130
67
393
111
163
130
381
443
337
193
317
90
412
476
465
85
135
298
66
78
343
188
419
156
276
132
455
356
141
117
34
54
63
150
130
60
41
27
172
60
140
28
42
40
161
41
42
59
259
41
34
245
70
51
238
43
32
33
44
246
52
61
249
39
63
184
63
41
28
259
54
28
234
196
262
73
221
251
65
75
255
260
52
50
54
236
241
41
49
74
62
262
34
24
44
66
81
64
249
24
237
37
62
67
260
71
74
36
28
