91
451
446
216
401
445
403
203
293
266
414
221
213
64
42
451
61
401
447
410
67
349
39
204
223
85
141
263
97
36
314
430
219
98
73
215
218
84
77
406
235
378
240
85
258
341
444
203
222
486
364
475
224
264
221
398
478
329
293
223
73
243
83
221
330
210
391
205
184
158
476
58
263
292
351
403
377
201
258
447
464
277
193
392
203
133
57
390
138
233
382
446
60
72
160
72
87
82
59
28
76
42
76
26
61
109
107
104
41
97
24
79
107
93
76
58
55
70
66
109
82
39
34
109
91
91
171
254
40
69
98
96
82
82
91
91
26
236
25
98
73
97
98
124
106
48
31
86
46
38
34
109
33
104
86
32
91
80
112
37
91
73
114
48
89
97
62
72
101
37
262
58
79
52
101
48
101
87
90
82
39
105
251
451
446
216
400
444
403
203
292
266
413
220
212
64
41
450
61
401
447
409
66
349
39
203
222
84
141
263
96
36
314
430
218
98
72
214
218
83
76
406
234
378
239
85
258
341
444
203
222
486
363
475
224
264
221
398
477
329
292
222
73
242
83
220
329
209
391
204
184
158
475
58
263
291
351
402
377
200
258
447
464
277
193
392
203
133
56
389
138
232
381
445
60
71
160
72
86
81
58
28
76
41
75
25
60
108
107
103
40
97
24
79
106
93
76
57
54
69
65
108
82
38
34
108
91
91
171
253
39
69
97
96
81
82
90
91
25
235
24
98
73
97
97
124
105
48
30
85
45
37
34
109
32
103
85
31
91
80
111
36
90
73
114
48
89
97
61
71
101
37
262
58
79
52
101
48
100
87
89
81
39
104
250
