96
452
161
432
427
428
309
310
310
310
434
339
310
335
338
331
434
437
396
433
307
434
433
335
205
307
306
485
431
477
427
434
431
369
327
338
399
326
305
345
431
214
418
341
326
324
354
304
304
304
397
485
328
205
150
216
426
184
375
304
405
232
250
120
304
26
406
359
378
42
325
134
272
321
178
356
161
158
153
55
164
232
304
134
193
303
253
44
451
487
42
486
318
362
212
244
462
180
192
124
259
232
85
67
54
43
85
262
30
151
166
207
48
101
198
64
154
184
74
196
190
136
166
72
154
184
220
194
113
202
162
181
187
175
117
156
141
146
186
140
186
148
207
244
259
205
175
61
263
175
188
136
208
190
169
190
119
184
170
188
176
119
202
196
183
122
196
215
263
227
200
147
204
113
178
194
182
227
216
178
200
226
190
101
192
34
176
49
211
186
158
238
181
451
161
431
426
427
309
310
310
310
434
338
310
334
338
331
434
437
395
433
307
433
433
335
204
307
306
484
430
477
426
433
431
368
327
338
398
326
304
345
431
213
418
341
326
324
354
304
304
304
397
484
327
204
149
216
425
184
375
304
405
232
249
120
304
26
406
358
377
41
325
134
272
321
178
355
161
157
152
55
163
232
303
134
192
303
252
44
450
487
41
486
318
362
211
244
462
180
191
123
258
232
85
67
54
43
85
262
30
150
166
207
47
101
197
63
153
183
74
196
189
136
165
71
154
184
219
194
113
201
162
181
186
175
117
155
141
145
186
139
185
147
207
244
259
204
175
61
263
174
187
135
208
189
168
190
118
183
169
188
176
119
201
196
183
122
196
214
262
227
199
146
204
113
178
193
181
226
216
177
199
226
189
100
192
34
176
48
211
186
157
237
180
