96
452
432
161
434
338
310
310
434
335
310
311
426
331
310
339
437
435
434
434
396
433
307
205
335
369
431
307
307
478
53
431
327
485
338
305
326
427
399
432
345
341
214
427
327
303
305
356
431
326
204
304
418
304
259
426
304
476
485
378
184
216
406
226
462
150
426
26
304
397
324
321
161
250
163
325
375
359
47
372
406
232
158
272
361
253
153
212
452
137
348
436
178
122
485
487
134
180
123
192
183
166
67
54
85
151
81
24
262
207
43
262
101
194
48
37
196
67
148
190
196
202
154
160
136
184
189
113
162
72
182
117
175
235
184
133
156
141
146
246
262
244
171
205
144
186
178
259
186
205
224
204
190
196
60
184
191
136
121
187
184
188
223
119
220
174
148
227
204
170
182
196
168
195
119
157
202
228
113
263
147
190
178
158
192
195
169
210
201
187
49
34
178
452
432
160
434
338
310
310
434
335
310
311
425
331
310
339
437
435
434
434
396
433
307
204
335
369
431
307
307
478
52
431
327
485
338
305
326
426
399
432
345
341
214
426
326
303
304
356
431
325
203
304
418
304
259
425
304
476
485
377
183
216
406
226
462
149
425
26
303
397
324
321
160
250
162
325
374
358
46
372
405
232
157
271
361
252
153
211
452
137
348
435
177
122
485
486
134
180
123
191
183
166
67
54
85
151
81
24
262
207
43
262
101
194
47
37
196
67
148
189
196
202
154
160
136
184
188
113
162
72
182
117
175
235
184
133
156
141
146
245
262
243
171
204
144
186
177
259
186
204
223
203
190
196
60
184
191
136
121
186
184
187
223
119
220
174
148
226
204
170
181
196
168
194
119
157
202
227
112
262
147
189
178
157
192
194
169
209
200
187
49
34
178
