98
453
432
161
434
309
310
310
310
339
434
425
310
338
332
331
435
434
434
437
434
396
433
307
433
335
341
205
307
306
485
431
369
342
431
326
478
338
399
305
214
427
432
426
417
354
326
304
304
304
205
259
406
328
485
304
375
232
184
378
216
150
26
250
42
406
304
134
120
331
321
325
356
272
397
463
359
178
341
158
231
161
55
164
304
194
153
254
361
134
372
44
487
244
486
212
318
321
41
180
124
192
183
85
67
54
43
262
85
262
30
166
156
207
194
24
48
101
37
196
64
154
74
196
145
190
136
166
72
154
202
155
113
175
184
181
184
117
146
250
135
223
189
207
186
259
244
205
175
224
121
263
61
190
169
184
191
183
136
188
119
170
122
202
176
215
188
144
227
196
147
263
174
183
197
201
135
113
227
203
193
182
223
200
178
193
186
178
157
101
34
238
49
158
211
146
175
452
432
160
433
309
310
310
310
339
434
425
310
337
331
331
435
434
434
437
434
396
433
307
433
335
341
204
307
306
484
431
368
341
431
325
477
338
399
305
213
426
432
426
416
353
326
304
304
304
205
259
406
328
484
304
375
232
184
378
215
150
26
249
41
405
304
134
120
331
321
325
355
272
396
463
358
177
340
158
231
160
55
163
304
194
152
254
361
134
371
44
487
244
486
212
318
321
40
180
124
191
182
85
67
54
43
262
85
262
30
165
155
207
193
24
48
101
37
196
64
154
74
195
145
189
136
166
71
154
201
154
113
174
184
180
184
117
145
250
135
223
188
207
185
259
244
205
175
224
121
263
61
190
168
183
191
182
135
187
118
169
121
201
176
215
188
144
227
195
146
263
173
182
197
201
134
113
227
203
192
182
223
200
178
193
185
178
156
101
34
238
48
158
211
146
175
