94
129
393
476
129
129
109
71
258
86
132
454
130
424
326
132
394
62
85
459
132
34
27
337
245
46
99
130
105
401
300
463
256
72
40
136
130
315
394
305
398
174
101
445
344
50
339
431
40
142
306
97
337
131
196
69
131
131
276
193
393
115
312
412
443
300
157
317
136
72
74
407
379
465
27
356
313
86
115
93
444
164
359
455
189
152
132
341
407
322
244
375
478
313
385
118
238
33
136
157
61
44
63
55
61
43
175
28
40
28
42
64
40
261
43
248
260
35
59
248
256
187
73
248
40
33
41
55
229
246
205
31
53
24
227
63
51
33
226
224
185
44
263
28
55
63
50
256
65
253
236
223
261
75
261
47
263
34
44
68
68
62
82
65
31
258
241
44
24
26
252
66
71
76
263
54
43
73
37
57
71
209
45
52
42
205
254
42
29
128
392
475
128
128
108
70
257
86
131
453
129
424
326
132
393
62
84
459
131
33
26
336
244
45
99
130
104
401
300
462
255
71
40
136
130
315
393
305
397
174
100
444
343
50
339
431
39
141
305
96
337
131
195
69
130
131
276
192
393
115
312
411
442
299
156
316
136
71
74
407
379
464
27
356
313
85
115
92
444
163
358
455
188
151
131
340
406
321
244
374
477
313
384
118
237
32
136
157
61
43
62
55
60
43
174
28
39
27
41
64
39
260
43
247
260
34
58
247
255
186
73
248
39
33
41
55
229
245
204
30
52
24
226
63
51
33
226
223
184
44
262
27
54
63
50
255
65
252
235
222
261
75
260
46
263
33
43
67
67
61
82
65
31
258
240
43
24
25
252
66
71
76
262
53
42
73
37
56
71
208
44
51
42
205
253
42
28
