99
216
446
451
401
445
447
266
216
203
216
447
403
415
216
216
213
221
290
216
445
401
61
205
451
349
64
67
39
341
223
42
263
430
73
85
97
378
259
314
77
85
98
235
222
405
410
219
224
486
203
141
330
475
73
240
36
84
313
216
243
444
206
221
223
289
83
329
364
478
265
56
400
184
391
351
66
158
259
203
217
221
210
135
402
464
264
300
475
201
392
216
377
408
77
296
138
57
242
88
160
72
60
72
87
260
76
178
59
202
99
82
42
190
226
26
76
31
212
248
41
104
76
109
107
64
79
93
26
58
109
66
34
91
91
106
82
91
39
69
55
91
96
98
98
24
109
124
73
25
70
33
98
109
82
81
40
24
238
33
236
112
48
34
97
104
46
97
86
106
115
31
37
79
97
119
91
37
48
260
86
91
101
62
58
48
29
74
101
101
250
72
216
80
85
82
87
107
25
215
446
451
400
445
447
265
216
203
216
447
403
415
216
216
213
220
290
216
445
401
61
204
451
349
64
66
39
340
223
42
263
430
73
85
97
377
258
314
77
85
98
235
221
404
410
219
224
486
203
141
329
474
73
239
35
84
313
216
243
444
206
221
223
289
83
329
364
477
265
56
400
184
391
351
66
158
259
203
217
221
209
135
402
464
264
300
474
200
392
216
377
411
77
296
138
57
242
88
160
71
60
72
86
259
76
178
59
202
99
82
42
190
226
26
75
31
212
250
41
103
75
108
107
63
79
92
26
58
108
65
34
90
91
106
82
90
39
69
55
91
96
97
97
24
109
124
72
25
70
32
98
108
81
81
40
24
238
33
235
112
48
34
96
104
45
97
86
105
115
31
37
79
97
119
91
37
48
260
85
90
101
62
58
48
29
74
100
101
250
72
216
80
84
82
87
106
25
