93
452
432
310
161
310
310
434
434
310
434
434
339
335
338
435
335
437
434
396
434
307
434
425
306
205
307
431
367
478
431
327
397
336
485
306
338
326
305
417
427
427
341
304
432
463
304
326
345
304
259
354
205
210
485
304
26
476
150
426
134
216
426
324
184
361
232
321
326
360
386
406
406
325
250
232
161
178
304
47
73
378
158
164
304
348
303
250
253
397
244
487
452
372
180
124
54
192
34
67
85
183
78
24
34
262
151
166
194
205
101
48
196
70
148
58
262
166
190
136
154
202
184
113
162
181
193
72
88
182
175
117
186
246
232
141
244
135
181
205
195
156
256
224
209
175
149
61
190
119
199
189
220
215
136
204
148
191
147
184
227
185
188
190
121
199
205
170
227
204
201
176
119
245
180
112
182
216
166
226
132
190
171
238
34
192
157
451
432
309
161
309
309
433
434
309
434
434
338
335
337
435
334
437
434
395
433
307
433
424
306
205
306
430
367
478
431
326
396
336
485
305
337
326
305
417
427
426
341
304
432
462
304
325
344
304
259
354
205
209
485
304
25
476
149
425
133
215
426
324
184
361
231
321
326
360
386
406
406
324
250
231
161
178
304
47
73
378
157
163
303
348
303
250
252
396
243
487
451
372
179
124
54
192
34
66
85
183
78
24
34
262
151
165
193
205
101
48
196
70
148
58
261
166
190
136
154
201
183
112
162
180
192
71
87
181
175
116
186
246
232
141
243
134
180
205
195
155
256
224
208
174
149
60
190
118
199
188
220
214
136
204
148
190
147
184
227
185
187
189
120
199
205
170
227
203
201
176
118
254
179
112
181
215
165
225
131
190
170
238
34
192
157
