72
422
311
185
381
340
276
188
28
259
185
229
174
188
193
211
125
240
325
290
154
122
378
381
171
161
369
333
362
377
36
311
420
188
434
230
195
278
160
136
390
186
324
295
229
419
209
386
54
425
135
406
148
87
280
245
387
104
237
246
270
163
474
106
256
328
205
387
210
323
301
186
406
81
46
172
98
52
46
127
29
41
99
54
56
88
72
77
37
34
56
120
73
52
32
110
98
115
100
102
78
82
52
56
71
32
81
39
99
35
93
24
32
253
29
109
27
91
51
124
29
102
66
99
86
94
116
58
81
28
106
44
102
51
100
100
30
92
92
71
36
40
41
263
88
428
317
191
387
346
282
194
34
265
191
235
180
194
198
217
131
245
331
296
160
128
384
387
177
167
375
339
367
383
41
317
426
193
440
236
200
284
166
142
396
192
330
301
234
425
215
392
60
431
140
412
154
93
286
251
393
110
243
252
276
169
480
112
262
334
211
393
216
329
307
191
412
80
45
175
98
52
45
126
29
41
98
53
55
87
71
76
36
33
55
119
72
52
32
110
98
115
99
102
78
81
51
56
71
32
80
39
98
34
92
24
32
259
29
109
27
90
50
123
26
101
66
98
85
93
115
57
81
28
105
44
102
50
100
100
30
92
91
70
36
40
41
262
87
