46
334
302
83
445
121
55
82
310
435
31
27
199
409
473
373
83
309
123
35
440
264
424
347
199
92
434
331
378
373
250
311
426
152
153
202
308
374
129
324
293
221
387
244
300
478
440
30
44
118
45
24
260
130
64
60
227
239
66
44
52
30
193
200
38
217
31
59
45
43
56
26
73
56
259
233
59
218
262
42
57
237
190
247
68
30
244
77
45
24
64
261
252
333
300
85
443
118
53
83
307
433
28
24
193
406
472
367
87
310
119
32
437
261
421
345
194
94
433
327
378
373
248
311
425
148
151
199
308
374
127
323
293
217
387
240
297
474
437
30
44
118
48
24
260
124
64
60
226
244
66
44
55
30
199
199
37
217
31
59
45
43
56
26
73
59
258
232
58
217
261
42
59
236
190
246
67
30
244
77
45
24
64
261
249
