88
393
476
129
129
114
325
76
131
458
258
85
89
458
129
129
424
272
132
57
431
336
27
68
394
317
34
99
399
136
55
299
66
114
46
41
464
245
141
140
476
129
130
97
453
338
255
173
101
399
67
441
306
337
38
196
394
27
447
299
48
130
69
131
448
92
130
86
111
130
379
316
75
157
194
131
184
298
344
256
341
131
324
381
282
45
487
247
455
239
34
118
172
61
42
41
30
259
63
55
43
42
160
148
28
196
61
62
44
35
260
53
42
32
245
253
229
246
52
40
249
73
242
263
32
59
27
51
24
199
184
64
249
185
40
63
52
215
260
28
55
49
232
65
53
24
261
29
224
259
64
41
46
76
211
66
50
223
240
62
31
66
75
236
75
65
238
51
209
71
52
250
260
253
53
256
73
393
475
128
129
113
325
76
130
458
258
85
89
457
129
129
423
273
131
57
430
336
26
68
393
317
33
98
399
135
54
299
65
114
45
41
463
245
140
140
475
128
129
96
453
338
255
173
100
399
66
440
306
336
37
196
394
27
447
298
47
130
69
131
447
92
130
86
110
130
378
316
74
156
194
130
184
298
343
256
340
130
324
380
281
44
486
246
454
239
34
117
171
61
41
41
29
259
63
54
43
41
160
148
28
195
60
61
43
34
260
53
41
32
244
253
229
245
51
40
249
73
242
262
32
59
26
51
24
198
183
64
248
185
40
63
52
214
260
28
55
49
231
65
53
24
260
29
224
259
63
41
45
75
210
65
50
222
239
62
31
66
74
236
74
65
238
51
209
71
52
250
260
252
53
255
73
