83
129
476
86
258
114
129
325
132
132
425
454
76
89
132
245
27
394
337
56
341
34
114
70
459
432
137
319
463
48
59
97
101
66
299
174
256
97
441
306
37
299
41
46
46
100
104
130
196
93
131
66
394
111
164
131
487
443
337
193
317
412
476
465
27
90
86
136
298
78
67
339
188
487
420
157
456
132
357
441
142
32
478
385
117
34
55
63
60
127
42
28
61
28
43
41
41
42
59
260
42
35
59
206
245
70
52
261
44
246
32
33
239
45
253
52
62
40
63
41
64
28
55
235
29
263
251
221
263
74
226
65
76
236
262
53
50
54
256
70
41
50
75
62
34
24
44
24
263
66
81
65
25
250
181
37
53
63
68
73
71
37
263
29
49
251
32
128
476
85
258
113
128
324
132
131
425
453
76
89
131
244
27
394
336
57
340
34
114
69
458
431
136
318
462
48
59
97
100
66
298
174
255
96
440
305
37
298
41
45
45
99
104
129
195
93
130
65
394
111
164
130
486
443
336
193
316
411
476
465
27
89
85
136
297
77
66
339
187
486
420
157
455
131
357
440
142
31
477
385
117
34
54
62
59
127
41
28
61
27
42
41
41
41
58
259
42
35
64
200
244
70
52
261
43
245
32
33
238
45
252
52
61
40
62
40
64
28
54
235
28
262
250
221
262
74
225
65
76
235
261
53
49
54
255
70
40
50
74
61
34
24
43
24
262
66
80
64
25
249
177
37
52
62
68
72
70
37
262
29
48
251
31
