36
102
98
429
71
293
74
241
91
300
292
187
383
53
429
231
390
195
100
71
413
317
86
441
126
101
178
126
315
273
408
326
240
65
81
318
400
98
125
38
27
41
133
253
99
210
30
48
236
256
28
252
258
212
206
47
25
173
38
249
27
263
36
260
44
252
249
257
35
229
262
185
29
101
96
423
64
288
71
236
88
297
287
180
379
49
423
225
384
191
98
64
406
314
80
435
120
98
171
123
310
267
404
323
234
56
76
315
394
97
128
37
26
40
135
253
98
210
30
47
235
255
27
252
257
212
205
46
24
170
37
248
27
260
36
259
43
258
242
256
34
223
261
187
28
