81
431
309
159
451
308
432
330
432
306
433
423
335
436
432
395
432
432
329
434
334
203
367
475
304
303
394
484
430
462
306
395
430
337
324
426
324
211
382
484
414
324
340
431
352
369
302
302
202
302
302
258
424
226
425
405
53
184
430
322
487
25
41
404
394
230
345
468
303
250
334
214
318
372
138
210
177
242
372
363
302
451
124
27
191
180
78
37
156
48
148
183
262
166
101
85
196
70
58
207
195
196
190
202
181
136
117
175
72
113
181
88
163
157
262
262
238
193
146
180
61
186
183
136
135
209
171
259
244
178
205
190
221
204
193
226
202
193
190
145
146
184
119
122
119
185
227
166
203
217
173
146
136
217
181
216
158
200
238
160
212
229
192
430
308
159
451
307
432
329
431
305
432
422
334
436
432
395
431
431
328
433
333
203
366
475
303
303
394
483
430
461
305
394
429
337
324
425
323
211
382
484
413
323
339
431
352
369
302
302
202
301
302
258
423
226
424
404
53
183
430
321
486
25
41
404
394
230
345
467
302
250
333
214
318
371
138
209
176
242
371
362
301
450
124
27
190
179
78
37
155
48
147
182
262
166
100
85
195
69
58
206
194
195
190
201
180
135
116
175
72
112
180
87
163
157
261
261
238
192
145
180
60
186
182
135
135
209
171
258
244
178
204
190
221
203
193
226
202
193
190
145
145
183
119
121
119
185
227
166
203
216
173
145
135
217
181
213
158
199
238
159
211
229
192
