52
397
104
234
161
163
285
307
355
132
317
161
115
356
337
224
267
301
360
253
110
158
160
354
188
166
396
409
297
210
256
358
128
122
220
186
344
385
179
401
171
395
302
266
448
81
462
204
341
366
254
217
277
81
44
41
99
126
47
48
99
41
54
88
47
111
74
40
117
26
76
43
68
55
241
32
51
70
71
80
56
40
114
88
103
86
58
77
100
99
100
101
81
91
92
49
98
28
85
26
84
32
33
30
117
403
110
240
167
169
291
313
361
138
323
167
121
362
343
230
273
307
367
260
116
161
168
360
194
172
402
415
303
216
262
364
133
128
226
192
350
391
185
406
178
401
308
272
455
87
467
210
347
372
260
222
283
80
44
40
98
126
47
48
98
43
54
88
46
110
74
40
117
26
76
42
68
46
247
32
53
70
70
80
55
40
114
88
102
85
60
77
100
99
100
100
80
90
91
49
97
28
84
26
84
32
33
30
117
