98
216
446
451
401
445
266
216
203
216
447
403
415
216
213
290
221
216
401
64
205
61
447
451
67
39
341
34
349
223
263
430
73
85
97
314
259
85
235
98
77
405
222
486
219
410
224
378
313
203
475
141
330
36
240
73
84
47
216
243
206
221
223
83
400
58
478
289
364
391
184
351
265
329
259
158
203
444
210
217
221
135
366
402
264
300
296
201
392
464
384
216
77
138
57
480
475
88
233
160
72
60
72
87
76
178
59
202
99
82
42
226
26
31
76
212
41
64
76
104
263
109
79
93
26
104
107
58
66
34
91
91
106
39
91
55
96
91
69
98
98
73
109
24
124
82
24
25
98
70
33
81
82
109
40
107
238
33
112
48
34
104
31
114
86
97
97
79
37
97
106
46
37
91
48
233
91
260
86
101
24
62
48
29
85
101
101
58
216
250
80
82
87
260
74
25
39
216
445
450
400
444
265
216
203
216
446
403
415
216
213
289
221
216
401
63
205
60
447
450
66
39
341
33
348
223
263
430
72
85
96
314
259
85
235
98
76
404
221
486
219
410
224
378
312
203
474
141
329
36
240
73
84
46
216
243
206
221
223
83
400
57
477
288
363
390
183
350
265
328
259
158
203
443
209
217
220
134
366
402
264
299
296
200
392
464
387
216
76
138
57
480
475
88
233
160
72
60
72
86
76
178
58
201
99
81
42
226
26
31
76
212
41
64
76
103
262
108
79
92
26
103
106
57
66
34
91
90
105
39
91
55
95
90
69
98
97
73
108
24
124
81
24
25
98
70
32
80
81
109
40
106
238
33
112
48
34
103
31
114
86
97
96
78
36
96
106
45
37
90
47
232
90
259
85
100
24
62
47
28
84
100
101
57
216
250
80
81
87
260
74
25
39
