82
370
367
58
370
367
257
110
288
288
356
369
370
186
367
58
275
213
370
199
367
152
175
434
368
314
407
60
269
370
293
285
394
257
281
337
75
325
346
257
173
165
327
412
284
282
335
385
282
282
285
385
257
354
165
256
369
235
284
453
478
189
41
104
78
371
478
132
138
244
284
186
214
78
189
454
175
274
430
246
123
200
335
46
141
111
26
129
188
117
26
38
56
65
94
117
119
121
175
118
36
46
182
114
184
98
257
56
46
101
185
75
178
71
139
31
120
84
118
56
56
41
127
141
86
56
83
135
254
77
48
106
255
96
51
92
47
199
246
214
93
88
115
45
34
73
90
105
96
172
114
129
198
68
44
76
129
77
199
206
47
195
120
122
244
369
366
57
369
367
256
110
287
288
356
369
370
185
367
57
274
213
369
199
366
151
174
434
367
314
407
60
268
370
292
285
394
256
280
337
74
325
346
257
172
164
327
412
283
281
334
385
282
281
285
385
256
353
164
255
368
235
283
452
477
188
41
103
78
371
477
132
137
244
284
186
213
77
189
453
174
273
429
245
123
200
334
45
141
110
26
128
187
116
25
38
55
64
93
116
118
120
174
117
36
46
181
114
183
97
257
56
45
100
184
75
177
70
139
31
119
84
117
56
55
41
126
140
86
56
82
134
253
77
47
106
255
96
50
92
47
198
246
213
92
87
114
44
33
73
89
105
95
171
114
128
198
67
44
75
129
77
198
205
46
195
119
122
244
