76
452
432
434
310
310
310
310
138
434
437
311
435
335
434
434
434
340
335
433
337
427
434
396
205
307
478
368
335
431
431
327
485
305
305
214
326
338
304
427
324
432
345
354
417
325
304
462
358
327
476
485
426
258
341
204
216
375
386
406
42
26
406
158
453
427
250
304
325
232
321
54
365
232
253
270
436
180
124
183
54
81
34
67
218
85
101
24
193
151
24
34
48
262
205
75
166
259
64
196
190
145
184
201
193
113
154
165
72
169
117
146
178
181
259
232
148
135
156
207
189
205
244
180
196
262
196
60
204
224
141
178
136
168
189
121
122
119
202
113
190
220
170
180
195
184
227
192
211
227
190
222
208
452
432
433
310
310
309
310
138
434
436
311
434
334
434
434
434
340
334
433
336
426
434
395
204
306
478
368
335
430
430
326
485
304
305
213
325
337
303
426
324
432
345
353
417
325
303
462
357
326
475
485
426
257
341
204
215
374
386
406
42
26
406
157
453
427
250
304
325
231
321
54
364
232
252
269
436
179
124
182
53
81
33
67
221
84
100
24
193
151
24
34
48
261
205
74
166
258
63
195
189
144
183
200
193
113
153
165
72
168
116
146
177
180
259
231
148
134
156
207
189
205
244
180
195
261
196
60
204
223
140
178
136
168
188
120
121
118
202
112
190
220
170
180
194
183
226
192
211
227
190
221
207
