99
401
451
216
446
445
403
203
415
216
266
216
293
221
451
42
216
216
444
213
69
64
216
401
263
447
97
223
349
67
410
446
204
313
85
37
141
84
219
73
430
98
234
36
240
405
378
59
77
85
258
203
341
224
486
475
313
221
264
222
364
399
329
216
223
478
329
206
221
66
243
293
158
210
82
391
476
184
293
403
201
351
56
365
217
258
264
277
464
383
193
418
57
377
203
390
393
138
233
135
72
60
160
72
87
82
59
42
178
76
205
28
76
107
109
191
226
239
26
103
64
215
41
66
97
109
58
107
79
24
251
76
39
55
85
70
40
109
91
34
91
96
97
82
101
82
104
69
91
91
25
26
124
73
98
24
48
106
98
97
31
33
238
34
86
46
112
86
119
33
38
91
91
104
80
73
37
90
62
101
97
115
24
256
37
48
79
60
105
52
77
87
72
48
90
101
82
39
101
401
451
216
446
445
403
202
414
216
266
216
293
221
451
42
216
216
444
213
68
63
216
401
263
447
96
222
349
66
410
446
204
313
84
36
140
83
219
72
430
97
234
35
239
404
377
58
76
84
257
202
340
224
486
474
312
220
263
222
363
399
328
215
223
477
329
206
221
65
243
293
157
210
82
390
475
184
293
403
200
351
55
364
216
258
263
277
464
382
193
417
57
377
202
390
392
137
233
134
71
60
160
71
87
82
58
41
178
76
205
28
75
107
109
191
225
241
26
103
64
215
41
65
97
108
58
106
79
24
253
75
39
55
85
70
40
109
90
33
90
95
97
81
101
81
104
69
90
90
25
25
123
73
98
24
47
106
98
97
31
32
237
34
86
46
112
85
118
32
37
90
91
104
80
73
37
90
61
101
97
114
24
255
37
47
79
59
104
51
77
87
71
48
90
100
82
38
100
