86
394
476
76
129
457
89
258
85
129
325
131
114
458
129
129
424
129
132
56
431
27
136
336
319
130
34
140
98
245
101
394
97
114
46
66
300
476
466
174
446
399
441
337
67
447
141
129
399
255
338
306
196
298
111
276
394
164
341
131
27
73
92
46
131
313
157
194
448
184
130
379
316
131
348
381
477
298
393
487
357
256
223
151
437
456
376
238
34
41
117
259
43
63
58
136
42
30
61
41
169
148
28
158
61
59
44
260
246
35
32
181
245
51
253
59
52
42
64
73
239
249
40
24
31
63
244
228
28
49
260
261
27
196
215
41
185
55
65
28
50
261
53
54
209
256
24
31
76
250
41
258
66
75
46
75
228
240
62
71
235
250
252
65
258
70
42
51
82
56
259
73
205
394
475
76
128
457
89
257
85
128
325
131
113
457
129
129
424
129
132
55
431
27
136
335
318
130
33
139
98
245
101
394
97
114
46
65
300
475
465
174
446
398
441
337
66
447
140
129
399
254
338
306
196
297
110
275
393
164
340
131
27
73
91
46
130
312
156
194
447
183
129
378
315
131
348
380
476
298
393
486
357
256
222
150
437
456
376
238
34
40
116
259
43
62
58
136
41
29
61
40
168
147
27
158
61
59
43
259
245
34
32
181
245
51
252
58
52
41
63
73
238
249
39
24
31
63
244
227
28
48
260
261
27
195
214
40
184
55
65
27
49
261
52
54
209
256
24
31
75
250
41
257
65
74
45
75
227
240
61
70
235
249
251
64
257
69
41
51
81
56
259
72
205
