97
452
432
434
310
310
434
310
335
331
437
338
339
434
311
310
426
435
434
434
309
396
433
307
431
205
369
307
335
166
306
478
125
338
431
484
327
305
326
327
396
427
345
431
136
341
139
427
303
214
204
259
304
326
304
418
354
359
426
304
378
216
476
178
406
226
485
462
26
321
160
125
324
427
47
325
250
119
304
375
55
406
150
158
486
253
361
212
372
452
271
153
436
361
305
41
231
110
180
124
183
54
64
85
75
151
207
101
166
262
24
24
42
262
194
37
48
85
196
67
151
154
190
202
136
196
187
166
184
194
182
113
72
165
120
175
262
178
246
156
141
247
141
218
234
244
146
178
224
256
186
205
186
208
198
204
190
184
136
196
192
121
187
60
184
119
227
198
206
148
223
119
196
170
184
220
168
194
202
188
113
49
190
147
158
157
192
263
178
210
188
110
175
227
219
451
432
433
310
310
433
310
334
330
437
337
338
434
310
309
425
435
434
434
309
396
433
307
430
204
368
307
334
166
306
477
125
337
431
483
327
305
325
327
395
427
345
430
136
340
138
427
303
213
203
258
304
325
303
417
353
358
426
304
377
215
475
177
406
225
485
462
25
321
160
125
323
426
47
324
250
118
303
375
54
405
149
158
486
252
360
212
371
451
270
152
435
361
305
40
231
110
179
123
182
54
64
85
75
150
206
101
165
262
24
24
41
261
194
37
48
85
195
67
151
154
190
201
136
195
187
165
183
193
181
112
71
164
120
174
262
177
246
155
140
249
140
218
234
244
145
178
223
255
185
204
186
207
197
204
189
183
135
196
191
121
186
60
184
119
227
198
206
148
223
118
195
170
183
219
168
194
202
188
112
49
189
146
157
156
192
262
178
210
188
110
175
226
219
