79
451
446
266
216
401
207
451
404
221
445
293
401
415
217
42
64
447
212
67
70
222
36
60
235
73
350
97
486
263
39
341
478
430
314
141
411
222
220
240
406
475
77
224
378
84
444
243
66
220
329
158
364
331
223
399
351
264
222
203
393
377
292
292
264
464
193
202
57
403
390
181
446
233
383
205
277
447
365
256
60
72
76
160
72
56
107
82
76
87
29
41
42
226
109
64
97
26
79
102
58
81
104
96
91
107
109
73
66
94
26
86
34
39
70
24
98
109
82
98
98
69
124
82
40
236
33
119
46
46
91
97
32
34
31
97
106
86
46
101
72
39
89
48
58
52
25
87
62
80
34
251
39
103
112
79
263
108
81
450
446
266
216
400
207
450
404
220
444
292
400
415
217
42
64
446
211
67
69
222
36
60
235
72
350
96
485
263
39
341
477
430
313
140
411
221
220
240
405
475
77
224
378
83
444
243
65
220
329
157
363
331
222
399
351
263
222
202
392
377
291
292
264
464
193
201
56
402
390
186
446
232
382
204
276
447
365
255
59
71
75
160
72
56
106
82
75
86
29
41
41
225
108
64
97
25
78
102
58
81
104
96
91
106
109
72
65
93
26
86
34
39
69
24
98
108
81
98
98
69
123
82
39
235
32
118
46
45
90
96
31
34
31
97
106
85
46
100
72
38
89
47
58
52
25
86
61
80
42
250
38
103
111
78
262
107
81
