93
453
432
434
338
310
310
310
434
339
311
437
310
335
427
161
435
434
434
433
335
307
433
396
205
431
368
307
306
478
336
485
431
327
345
305
397
432
338
427
427
341
214
354
328
418
259
431
304
325
303
476
326
426
184
378
485
406
304
304
204
216
324
226
375
139
150
26
463
304
361
406
250
54
47
321
125
158
121
153
372
305
126
253
361
452
231
364
155
258
42
90
485
436
180
123
183
166
54
70
81
85
262
24
101
43
151
259
191
193
48
37
75
205
151
64
198
190
154
201
136
166
184
193
72
113
165
156
120
181
133
181
246
235
140
146
207
263
186
224
144
205
205
244
199
190
204
192
184
60
121
259
190
178
136
148
190
168
214
189
119
184
176
190
202
170
192
119
227
207
113
189
178
157
110
217
190
147
192
227
211
201
234
176
197
49
210
452
432
434
337
310
309
309
433
338
311
437
310
335
427
160
434
434
434
433
335
307
433
396
204
431
367
306
305
477
336
485
430
327
345
305
397
432
338
427
427
341
213
353
328
418
259
431
303
324
303
475
325
426
184
378
485
406
304
303
203
216
324
225
375
139
151
25
463
304
360
406
249
54
46
320
123
157
121
153
371
305
124
253
360
452
230
364
154
258
41
89
485
436
179
123
183
165
53
70
81
85
261
24
100
43
151
259
190
192
48
37
75
204
151
64
197
190
154
200
135
165
184
192
72
113
165
156
120
180
133
181
245
234
140
146
206
262
185
223
144
204
204
243
198
189
204
191
184
59
121
259
189
178
136
148
190
168
219
189
118
184
175
189
201
169
192
119
227
206
112
189
178
156
110
217
189
146
192
226
210
200
233
176
196
49
209
