99
401
451
446
266
216
445
403
290
208
415
216
447
64
216
221
214
400
216
70
205
350
36
67
42
263
216
216
39
97
452
85
223
487
141
73
235
60
430
203
341
406
220
98
410
313
264
378
85
475
240
84
329
444
478
210
224
79
224
222
217
300
220
262
400
83
292
205
66
244
56
135
221
364
184
464
366
159
377
196
78
403
277
200
217
264
351
259
329
175
419
390
476
393
185
339
447
256
88
216
72
61
72
76
160
87
82
31
59
41
178
99
64
205
76
26
41
226
102
76
108
81
79
109
66
216
193
93
109
109
55
58
73
70
91
96
104
37
25
26
98
109
91
24
42
106
83
91
98
82
40
33
239
86
91
124
69
34
98
238
29
46
94
31
104
90
109
119
25
115
101
87
97
37
60
24
91
73
55
81
62
78
99
260
48
97
37
46
25
77
79
74
101
50
49
262
83
25
250
401
451
446
266
216
445
402
290
208
415
215
447
64
216
221
214
400
216
69
205
350
36
67
42
263
215
215
39
96
452
85
223
487
141
72
234
60
430
203
340
405
219
97
410
313
263
377
84
475
239
84
328
444
478
209
223
78
224
222
216
300
220
262
400
82
292
205
66
244
56
135
220
363
184
464
366
159
377
196
77
403
277
200
216
264
351
259
328
175
419
389
476
392
185
338
447
255
88
215
72
61
72
76
160
87
82
31
59
41
177
99
64
205
76
26
41
225
102
76
107
80
78
108
66
215
193
92
108
109
55
58
73
70
91
96
103
37
25
26
98
109
91
24
41
105
83
90
98
81
40
32
239
86
91
123
69
34
98
237
29
46
94
31
103
90
109
119
25
114
101
87
97
37
60
24
91
72
55
80
62
78
99
260
48
96
37
46
25
77
79
74
100
50
48
262
82
25
249
