86
453
161
431
310
310
310
437
434
427
310
310
331
332
434
338
434
340
307
433
434
335
433
306
307
205
428
433
431
342
327
338
214
359
477
485
369
401
305
341
432
326
304
432
304
327
184
259
204
485
304
121
406
163
150
331
375
232
250
26
325
42
216
54
177
304
356
321
162
158
134
272
361
463
270
253
257
231
229
212
304
245
134
487
44
153
261
180
192
121
81
54
67
101
85
214
30
43
207
156
48
166
34
262
154
75
61
196
184
166
136
190
239
197
154
154
168
181
146
196
184
72
202
199
117
144
133
178
244
111
259
262
191
221
178
60
205
188
121
182
188
144
169
184
170
119
195
122
136
192
201
220
147
227
203
112
215
263
186
183
222
190
233
227
196
158
234
238
178
33
101
178
209
452
161
431
310
309
310
436
433
427
309
310
331
332
434
338
434
339
306
432
433
335
433
305
307
205
427
433
431
342
327
338
213
358
477
484
369
401
304
341
432
326
303
432
303
327
184
259
203
484
303
120
405
162
149
331
375
232
249
25
325
41
215
54
177
303
356
320
162
157
134
271
361
463
269
252
257
231
228
211
303
245
133
486
43
152
260
180
191
121
81
54
67
101
85
214
29
42
206
155
48
165
34
262
154
75
61
195
183
165
136
189
242
196
154
153
167
181
145
192
180
72
201
201
117
143
133
177
243
111
259
262
191
221
177
60
204
188
120
181
187
143
169
184
170
118
195
121
135
191
201
220
146
226
203
112
215
262
186
183
221
190
232
226
196
157
233
237
177
33
101
178
209
