76
452
432
340
161
309
310
310
310
434
310
310
434
335
434
435
338
437
434
433
433
433
485
307
205
431
431
425
478
345
326
327
432
305
304
304
326
341
431
213
463
205
476
485
259
178
406
232
324
250
216
26
134
120
272
150
427
356
55
232
161
47
158
193
453
253
164
44
153
42
188
396
134
485
372
178
261
180
123
262
192
85
54
75
64
183
43
30
85
151
24
193
166
101
43
64
75
54
72
136
190
113
154
261
184
156
175
165
133
123
244
113
186
141
144
152
181
175
196
58
224
190
121
184
148
170
137
119
215
188
263
188
204
147
194
227
203
119
113
200
190
193
182
101
178
176
187
163
178
46
157
200
209
451
432
340
161
309
310
309
310
434
310
310
434
335
434
435
338
436
434
433
433
433
485
307
205
430
430
423
478
345
326
326
432
305
303
304
326
341
430
213
462
205
476
485
258
178
406
232
324
250
215
26
133
119
272
149
426
356
54
232
161
46
157
192
453
253
163
43
152
42
188
395
134
485
371
177
260
179
123
262
192
84
54
74
63
182
43
30
84
151
24
192
166
101
43
64
74
54
71
136
190
113
154
261
183
156
186
165
132
122
243
113
183
141
143
152
180
175
196
58
223
190
120
184
148
170
137
119
214
188
262
187
209
146
194
227
203
118
112
200
189
193
182
101
178
176
187
163
178
46
156
199
209
