97
452
431
161
310
310
310
331
434
310
434
437
311
338
332
435
434
434
434
340
311
396
307
434
427
434
335
307
205
478
368
431
340
327
307
305
338
342
485
305
399
214
432
427
326
427
354
304
184
431
432
304
417
358
150
327
303
485
177
462
426
258
204
303
375
406
121
476
426
26
158
250
386
42
330
232
325
304
397
216
453
356
163
134
321
406
162
303
365
153
244
361
378
372
254
42
229
485
180
121
192
81
54
67
207
85
34
183
101
24
166
156
193
48
24
34
262
44
196
157
70
259
58
196
136
190
184
201
154
145
168
147
169
181
156
72
117
184
146
133
232
178
246
207
259
191
144
111
244
189
196
188
262
190
60
201
180
204
224
178
205
168
121
188
199
220
119
113
170
189
122
144
184
195
220
174
136
190
147
182
215
227
202
203
180
211
178
196
186
178
157
193
176
196
46
451
430
160
309
309
309
331
433
309
434
437
311
337
331
434
434
434
434
340
311
395
307
433
426
433
335
307
205
477
368
431
339
326
307
305
337
341
484
305
398
214
431
427
325
427
353
304
184
431
431
304
416
357
150
327
302
485
177
462
426
257
203
303
374
405
120
476
426
26
157
250
385
41
329
232
325
304
396
216
452
355
162
134
321
405
161
302
365
152
243
361
378
371
253
41
229
485
179
120
192
81
53
66
207
84
34
182
100
24
166
155
192
48
24
34
262
44
196
156
70
259
58
196
135
190
184
201
153
145
168
146
168
180
155
72
116
183
146
133
232
178
245
207
258
191
143
111
244
188
195
187
262
189
59
201
179
204
224
178
205
168
120
187
199
220
119
113
169
188
122
144
183
195
220
173
136
190
147
181
215
227
202
202
179
210
177
195
185
177
156
192
176
196
45
