80
452
432
434
310
310
310
310
434
437
335
311
435
434
434
434
340
335
433
307
396
427
434
338
307
478
367
431
431
335
338
327
485
307
305
326
397
304
150
324
345
432
214
427
427
354
417
304
476
327
485
325
462
426
356
371
341
216
357
121
406
386
42
26
406
250
158
453
427
134
54
325
364
153
436
372
42
250
373
361
134
180
124
183
54
81
34
67
85
101
151
24
193
24
34
48
262
205
75
157
196
259
64
166
145
184
201
154
113
193
181
165
72
133
117
178
181
259
189
148
156
135
146
232
243
207
189
244
196
263
60
204
180
204
147
168
141
136
195
188
121
189
122
119
202
170
113
190
220
215
192
194
211
178
208
157
176
132
181
185
178
451
431
434
310
310
309
310
434
437
334
311
435
434
434
434
339
335
433
306
395
427
434
337
306
477
367
431
430
335
338
326
485
306
304
325
396
303
149
323
345
431
213
427
427
354
417
303
476
326
485
325
462
426
356
371
340
215
356
120
406
386
41
25
406
250
157
453
427
134
53
325
364
152
436
371
41
250
373
361
133
179
124
182
53
81
33
67
84
100
151
24
193
24
34
48
261
205
74
157
195
259
63
166
144
183
200
153
113
193
180
164
72
132
117
177
180
258
188
148
156
135
146
232
243
207
188
244
195
262
60
204
179
204
146
167
140
135
194
188
121
188
122
118
201
170
112
189
220
214
191
193
211
178
207
156
176
132
180
184
178
