93
394
129
476
258
132
85
114
454
129
129
325
132
425
76
129
89
27
56
132
337
394
480
245
70
34
380
319
48
431
66
299
136
59
100
463
174
256
130
426
98
114
339
66
101
299
40
394
130
441
41
130
130
93
338
485
306
393
131
46
345
131
443
164
475
94
50
193
487
313
189
111
466
104
90
439
66
277
298
318
412
459
73
188
455
157
487
313
357
407
385
132
344
137
238
118
33
63
28
58
61
43
130
172
42
61
28
41
161
41
260
59
43
35
42
248
59
52
245
241
32
239
44
62
40
246
45
256
33
63
41
184
116
65
71
185
262
52
29
229
53
208
28
263
196
226
76
49
261
55
261
256
250
226
236
41
54
259
244
224
75
70
261
61
50
44
75
254
261
251
261
65
59
31
259
31
37
73
68
53
249
37
43
32
71
238
81
393
128
476
257
132
85
114
454
129
128
325
131
424
76
128
89
27
56
131
337
394
479
245
70
33
380
318
48
430
65
298
136
59
99
463
174
255
130
420
98
114
338
65
101
298
39
393
129
440
41
129
129
93
338
484
306
392
131
46
345
130
442
164
474
93
50
192
486
312
189
111
466
104
89
438
65
276
297
318
411
458
73
187
454
157
486
313
357
406
385
132
344
137
237
118
33
63
28
57
61
42
130
172
41
61
27
41
160
41
259
59
42
35
42
250
59
52
244
241
32
239
44
62
40
246
45
255
32
62
40
183
115
64
71
185
261
51
28
229
53
208
28
263
195
226
75
49
261
55
261
256
250
226
236
41
54
259
243
224
74
70
261
60
49
44
74
253
261
250
261
65
59
31
258
31
37
73
68
52
248
37
43
31
70
238
80
