88
452
432
434
338
310
310
310
339
434
311
310
437
335
427
435
434
434
335
433
396
307
433
431
205
307
306
336
478
166
327
431
485
338
305
326
399
432
341
427
427
128
345
214
417
178
327
431
303
304
326
204
426
378
476
304
485
325
406
304
226
216
150
462
324
304
272
375
26
359
406
54
250
47
397
321
372
158
178
160
361
305
232
253
153
42
212
485
257
180
123
183
166
54
70
81
262
85
24
43
101
151
259
193
48
37
205
75
196
151
64
154
190
136
163
193
184
188
162
113
72
182
120
175
184
133
140
235
246
223
156
146
186
190
262
144
244
205
190
178
204
184
199
259
60
204
121
190
187
136
189
184
148
174
263
168
119
195
202
192
170
119
174
227
157
113
200
198
147
110
227
190
179
176
158
49
234
451
432
434
338
310
310
310
338
434
311
310
437
335
426
434
434
434
335
433
395
307
433
431
205
307
306
335
477
166
327
430
484
337
305
325
398
432
341
427
426
127
344
213
417
178
326
431
302
303
326
203
426
377
476
303
485
325
406
303
226
215
150
462
324
304
272
375
25
358
406
54
249
47
397
321
372
158
178
159
361
305
231
253
152
42
212
485
257
179
123
182
166
54
70
81
262
85
24
43
101
150
259
192
48
37
205
75
195
151
64
153
189
136
163
193
184
187
162
113
71
182
120
175
183
133
140
235
245
223
155
145
185
189
261
144
243
204
190
178
203
183
198
258
60
203
121
190
187
135
188
183
148
173
262
167
118
194
202
192
169
119
174
226
157
112
199
198
147
110
227
190
179
176
157
49
233
