69
452
432
310
434
310
310
161
434
310
434
434
335
435
437
434
425
396
434
369
434
205
478
303
431
431
485
306
399
305
427
427
432
341
334
345
462
417
205
485
213
426
150
216
184
476
26
232
406
232
121
178
397
261
426
250
47
161
134
158
406
244
54
164
436
452
153
250
372
134
180
124
54
183
34
67
192
85
78
24
34
151
194
101
48
262
196
70
202
58
190
184
244
154
113
72
88
184
117
232
246
135
141
262
156
180
190
175
61
152
204
189
136
191
199
119
184
121
227
188
201
174
209
220
170
119
204
215
112
202
238
192
182
208
190
178
132
157
178
452
432
309
433
309
309
160
433
309
434
434
335
435
437
434
424
395
433
368
433
205
478
303
430
431
485
305
398
305
426
427
432
341
334
345
461
416
205
485
213
426
149
216
183
476
26
232
406
231
121
177
397
260
426
249
47
161
133
157
405
243
53
163
436
452
152
249
372
133
179
124
54
182
34
66
192
85
78
24
34
150
193
100
48
261
195
70
201
58
190
184
241
153
112
71
87
184
117
232
246
134
140
261
155
179
190
175
60
152
204
188
135
190
199
119
184
120
226
188
201
173
211
219
170
118
204
215
112
202
237
191
182
207
190
178
131
157
178
