72
452
432
434
331
161
310
310
310
310
434
335
437
435
434
434
434
433
307
427
434
205
478
431
431
485
307
305
345
324
427
432
427
150
214
418
476
397
485
426
462
184
205
121
341
426
216
375
406
26
42
158
351
250
453
134
178
232
54
162
232
164
436
272
153
42
250
134
152
245
29
487
212
180
124
183
204
192
54
81
34
67
85
151
101
193
24
34
48
75
157
259
64
190
184
113
154
72
133
117
156
148
232
135
243
189
146
186
196
175
60
204
180
191
175
188
141
220
136
168
121
119
122
113
189
170
190
215
201
227
192
203
184
182
208
263
178
176
132
178
207
195
196
49
158
451
431
433
330
161
309
309
309
309
433
335
436
434
434
434
434
432
306
426
433
204
478
431
430
485
306
305
344
323
427
431
426
149
213
418
476
397
485
426
461
184
204
121
341
425
215
374
405
26
42
158
344
250
452
134
178
232
54
162
232
164
435
271
153
42
249
134
152
244
28
487
211
179
123
182
203
191
54
80
34
66
85
150
101
192
24
34
48
75
156
259
64
190
183
112
154
72
132
116
158
147
231
134
243
188
145
186
195
174
60
204
179
190
175
188
141
219
135
171
121
119
121
113
180
169
190
215
201
227
191
202
183
181
207
262
178
175
132
177
206
194
195
49
157
