78
401
451
446
216
266
290
445
403
415
64
207
400
447
221
42
214
205
223
349
61
263
36
38
452
97
141
487
430
60
410
341
444
203
264
85
235
405
73
219
313
329
475
377
79
478
225
210
240
258
66
220
224
71
377
300
222
277
184
292
244
364
77
196
221
158
391
402
464
351
393
200
329
259
477
264
175
185
57
72
61
72
160
76
31
87
82
41
64
56
41
99
76
109
26
76
58
108
104
66
81
94
109
109
70
73
37
233
24
26
236
25
106
91
96
98
91
109
42
33
98
83
69
86
33
91
82
91
119
47
124
102
73
29
98
78
37
90
25
97
81
55
87
91
79
62
60
97
101
99
46
37
73
48
25
50
87
400
451
445
215
266
289
445
403
415
64
206
399
447
220
41
213
204
222
349
60
263
36
37
451
96
141
486
430
66
410
341
443
202
263
85
234
405
73
219
313
328
475
376
78
477
224
209
240
258
65
219
224
71
377
299
222
276
184
292
244
364
76
196
221
157
391
401
464
351
392
199
328
258
477
264
175
184
56
72
61
71
160
76
30
86
81
40
63
55
40
99
75
109
25
75
58
107
103
65
81
94
109
108
69
72
36
238
24
25
235
25
106
90
95
98
90
108
41
33
97
83
69
86
33
91
81
90
118
46
123
102
73
29
98
77
36
90
24
97
81
55
86
90
79
62
60
97
101
98
45
36
72
47
24
50
87
