38
301
331
249
87
472
97
405
93
299
364
384
311
200
223
428
434
192
276
245
314
389
64
89
422
144
123
377
83
432
261
223
440
367
190
376
69
296
256
58
47
263
63
30
28
45
38
48
33
47
197
235
61
251
73
58
49
44
218
34
69
235
56
42
40
250
38
58
62
34
40
44
68
224
242
250
31
300
330
246
83
466
99
402
96
297
358
384
312
198
218
428
433
187
277
244
317
389
64
91
420
141
122
374
80
426
258
218
435
363
185
376
67
296
254
57
46
262
60
29
26
42
38
48
32
46
193
231
58
248
69
55
46
44
226
33
68
256
56
38
43
229
37
58
61
31
36
43
67
221
239
247
28
