92
453
161
431
310
310
310
437
434
310
331
310
338
332
339
434
307
433
427
433
434
335
426
306
307
205
428
369
431
342
478
327
214
359
338
485
341
397
305
401
432
326
304
304
432
327
354
184
304
259
304
205
485
406
121
163
331
150
304
371
232
250
26
325
42
216
177
464
304
54
321
162
356
158
134
272
361
270
253
372
257
231
229
245
397
219
304
381
134
487
153
44
396
179
192
121
81
54
67
101
85
30
207
43
166
156
262
24
154
184
195
75
61
196
262
166
136
190
208
202
154
154
184
168
146
196
181
72
144
181
117
198
133
178
244
259
111
262
207
191
190
221
205
175
60
121
188
182
144
188
176
171
184
170
119
195
122
136
201
184
223
192
227
203
147
112
215
263
186
222
190
157
233
227
196
238
171
161
234
172
178
33
178
101
160
452
161
431
310
309
310
437
433
309
330
310
338
332
339
434
306
433
427
432
434
334
425
305
307
204
427
368
430
342
477
326
213
358
338
485
341
396
304
401
432
326
303
303
432
326
353
184
304
259
304
205
484
405
120
162
331
150
304
370
231
249
25
324
41
215
177
463
304
54
320
162
356
157
133
271
360
269
252
372
257
231
228
245
397
218
304
380
133
486
152
43
396
178
192
120
81
54
67
101
85
29
206
42
166
156
261
24
154
183
194
75
61
195
262
165
136
190
207
201
153
153
183
168
145
195
181
72
144
180
117
198
133
177
243
259
111
261
207
191
190
221
204
174
60
120
188
182
143
188
176
170
184
170
118
195
121
135
201
184
223
191
226
203
147
112
215
262
185
221
190
157
232
226
195
237
171
160
233
172
177
33
178
101
159
