85
129
393
476
86
258
114
129
132
129
425
325
132
454
129
75
85
132
27
394
337
56
245
70
34
319
432
48
463
59
66
101
136
100
299
97
312
130
441
256
174
114
66
130
40
306
299
394
130
104
131
92
46
164
196
131
443
94
50
344
487
337
192
111
317
276
412
476
466
90
27
478
66
86
95
298
448
78
157
487
136
188
412
421
455
357
118
238
34
55
63
61
130
28
172
28
42
61
43
161
40
40
42
260
42
35
59
59
52
245
32
44
239
33
45
62
52
246
256
40
64
246
184
28
41
63
71
262
208
229
55
29
53
196
74
256
76
250
54
65
236
41
244
224
238
70
50
75
50
62
261
34
24
44
254
24
252
251
66
42
65
259
25
68
53
81
37
241
63
73
37
129
393
476
86
258
114
128
131
129
424
324
132
454
129
75
84
131
27
394
336
55
245
70
33
318
432
47
463
59
65
101
136
100
298
96
312
129
441
256
173
113
66
130
40
306
298
394
130
104
130
92
45
163
196
131
443
94
50
344
486
336
191
111
316
275
412
476
466
90
27
477
66
86
95
297
448
77
156
486
135
188
406
420
454
356
117
238
34
55
63
61
129
27
171
28
42
60
42
160
39
39
42
260
42
35
58
59
52
245
32
44
238
32
44
61
52
246
256
40
63
248
184
28
41
63
70
262
207
228
55
28
53
195
74
255
75
249
54
65
235
40
244
223
238
69
50
75
50
62
261
34
24
43
254
24
251
250
66
42
64
247
24
67
53
81
37
255
63
72
37
