77
393
476
86
258
114
325
132
132
130
425
454
76
89
132
245
394
337
56
70
432
459
319
463
59
101
66
299
97
441
174
256
339
380
306
398
114
299
403
104
93
394
111
196
164
344
337
443
393
487
193
317
313
412
341
465
86
299
136
78
157
407
188
487
420
313
132
455
357
344
478
276
32
142
385
246
151
356
238
34
55
63
61
42
28
61
175
28
43
41
41
42
59
42
35
59
52
44
261
32
33
45
52
62
40
64
28
63
41
185
242
55
228
71
29
247
74
76
53
50
65
54
226
50
41
261
70
75
62
261
34
209
44
66
65
81
25
68
258
37
53
63
249
71
73
37
238
252
261
49
29
32
258
57
25
393
476
86
257
113
324
132
131
129
425
453
75
88
131
244
394
336
55
69
431
458
318
463
58
100
66
298
96
440
174
255
339
380
305
398
113
298
403
103
92
394
110
196
164
343
336
442
393
487
193
317
313
412
340
465
86
298
135
77
156
407
188
486
419
312
132
455
357
343
477
276
31
142
385
245
150
356
237
34
55
63
61
41
28
60
172
27
43
40
41
41
58
42
35
59
51
43
261
32
33
44
52
61
40
64
28
62
40
184
241
55
228
70
28
246
73
75
53
50
64
54
226
50
41
260
70
74
62
260
34
209
44
66
65
80
24
67
258
37
53
62
248
71
72
37
238
252
260
49
29
31
258
57
24
