92
129
393
476
258
132
85
114
454
129
129
129
132
325
425
76
129
479
89
27
56
337
132
394
245
70
34
319
136
48
432
66
299
59
100
463
414
130
256
174
394
105
101
403
339
66
380
450
459
299
441
40
130
130
97
42
93
131
338
46
306
115
164
443
94
193
190
487
50
486
393
466
111
317
90
276
27
407
399
412
66
298
487
455
73
157
188
357
344
407
476
385
324
117
238
33
63
28
58
61
43
130
151
172
61
42
28
41
161
251
41
260
59
35
43
42
59
52
245
32
246
239
44
62
40
45
256
33
116
184
41
63
53
73
52
247
185
262
242
234
259
29
28
229
208
196
63
263
76
256
49
250
55
71
54
41
244
75
61
70
224
262
261
44
50
62
254
261
24
258
218
31
251
65
53
73
31
68
37
37
238
43
262
32
52
129
393
475
258
131
85
113
453
128
129
129
132
324
425
76
129
479
89
27
56
336
132
394
245
70
34
318
135
48
432
66
298
59
100
462
414
130
256
173
394
104
100
402
338
65
379
450
459
298
440
39
130
130
96
42
92
130
337
46
306
114
163
443
94
192
189
486
50
486
392
466
110
316
89
275
26
407
399
411
66
298
486
454
73
156
187
356
343
407
476
385
324
116
238
33
63
27
58
61
42
129
159
172
60
41
27
41
161
250
41
259
58
34
43
41
58
52
245
31
246
239
43
61
40
45
256
33
115
183
41
62
52
73
52
246
185
262
241
234
259
28
27
229
207
195
63
262
76
255
48
250
54
70
54
41
243
74
61
70
224
262
260
43
50
62
254
260
24
258
215
31
250
64
53
73
31
67
37
36
237
42
261
31
51
