82
129
393
109
129
129
86
258
476
132
454
425
325
71
394
128
56
85
132
132
129
337
27
34
459
58
68
294
245
463
99
319
105
401
256
101
40
174
306
306
398
431
441
394
338
97
70
196
142
61
443
136
186
115
136
296
157
321
412
93
407
299
73
304
75
276
465
115
164
455
356
86
27
359
478
314
132
380
151
385
189
316
244
118
238
61
175
151
55
63
33
61
43
28
42
44
42
141
59
40
31
42
187
35
260
245
261
44
55
38
59
33
256
32
73
248
41
51
229
63
24
55
227
44
28
53
49
63
65
65
28
263
41
81
70
47
246
28
68
53
32
76
43
65
24
43
34
261
44
71
54
73
26
66
24
43
254
42
71
242
57
29
36
63
42
129
392
108
127
128
85
257
475
132
453
425
324
71
394
128
56
85
131
131
125
336
26
34
458
58
68
293
245
462
79
318
105
400
255
101
39
174
306
305
397
431
441
394
337
97
69
196
142
60
443
136
186
114
136
296
157
320
411
93
406
298
73
304
75
275
464
114
164
454
356
86
27
359
477
313
132
380
150
385
188
315
244
118
238
60
178
150
54
63
33
60
43
28
41
44
42
141
59
40
30
41
190
35
260
245
260
44
55
37
59
33
262
32
72
248
40
51
228
63
24
54
226
43
27
53
49
62
64
65
28
262
41
80
69
47
245
27
68
53
31
75
43
64
24
43
34
258
44
70
54
72
26
66
24
43
253
42
71
241
56
29
36
63
42
