86
217
446
401
451
445
207
403
266
216
221
216
415
293
451
213
401
64
447
70
263
67
42
205
60
447
222
39
349
73
430
97
84
219
141
36
240
235
258
77
406
341
203
475
378
486
84
224
222
223
364
330
399
221
293
329
478
244
264
82
210
206
221
351
184
201
402
293
259
65
391
242
217
476
464
55
392
196
277
133
138
418
264
377
390
57
89
160
72
72
60
87
56
82
76
178
76
202
42
28
107
26
41
64
97
102
66
79
109
76
104
260
58
93
107
91
34
106
55
109
70
81
82
96
91
69
98
26
25
97
82
73
40
124
98
34
97
33
31
48
38
46
86
25
106
104
91
112
86
97
37
101
62
88
37
119
79
36
259
73
58
115
101
55
79
101
82
77
48
72
90
87
25
216
446
401
450
445
206
403
265
215
220
215
415
292
450
213
400
63
447
70
263
66
42
204
60
446
221
38
348
73
429
97
83
218
141
36
240
235
258
77
405
341
202
475
378
485
84
223
222
222
364
330
399
220
293
329
478
243
263
81
209
205
221
351
183
201
401
293
259
64
391
242
217
476
463
54
392
196
277
132
138
418
264
376
389
57
88
159
71
72
59
86
56
81
76
178
75
196
41
28
106
25
41
64
97
102
65
78
108
75
104
260
57
92
106
91
34
105
55
108
69
80
81
96
90
69
97
25
24
96
82
72
39
124
97
34
97
33
31
47
37
46
85
25
106
103
91
112
85
96
36
101
62
87
36
118
78
35
259
73
58
115
101
55
79
100
82
76
48
71
90
87
24
