94
453
432
434
310
310
310
339
437
310
310
434
434
332
335
434
435
396
427
433
307
342
433
205
368
161
307
306
431
337
335
431
478
485
397
306
341
338
326
305
463
427
135
432
427
214
304
178
325
304
418
304
124
140
231
426
485
325
475
205
378
303
303
406
259
375
331
250
46
216
257
26
321
125
304
272
165
406
356
55
452
325
158
178
232
188
153
139
372
436
487
347
341
113
361
180
124
183
67
78
54
262
101
43
27
85
37
156
205
48
193
196
259
75
148
157
59
190
201
191
136
160
154
168
193
113
184
72
181
88
145
181
175
120
181
235
253
135
246
146
172
190
205
205
186
256
192
218
184
204
58
195
199
175
183
190
244
121
219
169
144
170
119
135
233
119
227
206
223
263
181
202
147
193
190
185
113
200
227
184
178
228
157
210
34
169
135
208
186
452
431
434
310
310
310
339
437
309
310
433
434
332
334
434
434
395
427
433
307
342
432
204
367
161
306
306
431
337
334
430
477
485
396
306
341
337
325
304
463
427
135
432
427
214
304
177
324
303
418
304
123
139
230
426
485
324
474
205
378
302
303
405
258
375
331
249
45
216
256
26
320
125
304
272
165
406
356
55
451
325
157
177
231
188
153
139
371
436
487
347
340
113
361
180
123
182
67
78
53
262
101
42
27
85
37
156
205
48
192
196
259
75
147
157
59
189
200
191
135
160
154
168
192
113
183
72
180
88
144
180
175
120
181
234
253
135
245
146
172
189
205
205
186
255
191
217
183
204
58
194
198
174
183
190
243
121
219
168
143
170
119
134
233
119
227
205
222
262
181
202
146
193
189
184
113
200
227
183
178
228
156
209
34
168
134
207
185
