85
452
432
309
434
310
310
310
433
339
434
311
435
310
437
434
434
427
396
311
434
335
205
433
121
431
166
485
431
368
477
399
338
305
431
327
427
427
304
354
462
476
341
214
304
304
327
259
378
304
485
426
397
204
184
272
325
126
324
426
216
361
152
139
406
226
232
375
356
250
406
47
178
110
452
27
158
54
155
364
325
436
127
304
117
487
180
123
85
183
54
64
75
86
262
24
24
193
34
101
37
48
259
198
44
70
205
190
60
190
154
187
72
113
201
186
187
181
120
138
165
235
246
259
209
180
196
140
146
205
190
263
224
183
244
60
204
175
178
191
263
205
210
148
223
136
190
179
214
121
190
227
168
148
170
202
119
201
241
192
119
112
192
200
211
185
210
223
216
180
34
452
431
309
433
310
310
309
432
338
434
311
435
310
437
434
434
426
395
311
434
335
205
433
120
431
165
485
430
368
477
399
337
304
430
326
427
426
303
354
462
475
341
214
304
304
326
259
378
303
485
426
396
204
183
271
324
125
323
425
216
360
152
139
405
226
232
375
355
249
406
47
177
110
452
26
158
54
155
364
324
435
126
303
117
487
179
122
84
183
54
64
74
85
261
24
24
192
34
100
37
48
259
198
44
69
204
189
60
189
153
187
71
113
200
185
186
180
120
137
165
234
245
259
208
180
195
139
146
205
192
262
223
183
243
60
204
175
177
190
262
204
209
147
223
135
189
179
214
121
189
226
168
147
170
202
119
200
240
191
119
112
192
200
210
184
210
223
219
179
34
