37
221
258
62
34
80
37
258
81
115
93
229
215
260
355
105
116
306
316
355
448
28
115
263
51
264
392
85
121
49
47
438
58
270
116
487
358
38
94
220
46
49
103
76
209
46
213
46
116
25
55
69
46
148
83
51
130
109
105
121
167
52
125
145
121
79
42
139
59
206
81
108
52
81
198
221
253
61
41
84
35
253
80
109
92
234
221
255
351
105
109
307
312
360
452
32
107
258
50
256
389
86
113
48
48
435
49
271
109
485
357
31
96
208
46
49
106
75
208
45
216
46
116
25
61
69
46
148
85
51
135
106
107
127
169
51
128
150
124
81
41
138
58
205
81
117
51
81
201
