88
393
129
476
129
114
76
258
129
325
85
89
131
458
129
424
132
458
56
68
431
27
317
136
34
336
99
114
394
66
46
453
55
97
300
338
42
129
132
129
245
101
441
255
466
173
141
399
67
337
47
299
306
37
130
99
196
69
447
394
130
111
92
480
345
379
316
86
448
73
194
157
131
184
298
322
131
487
151
381
344
45
477
256
487
223
93
165
89
239
118
34
172
61
41
63
136
42
55
43
30
41
154
28
61
259
59
53
44
260
32
246
245
35
253
73
42
249
242
249
49
64
40
185
263
184
43
199
59
52
28
40
31
63
27
215
260
49
224
29
55
232
211
263
65
64
261
53
259
50
76
263
226
240
62
66
46
31
75
66
229
75
65
52
71
70
56
250
238
253
252
51
53
82
241
53
251
393
129
476
128
114
76
257
129
325
85
89
131
457
129
424
131
458
55
67
431
26
317
136
33
335
99
114
394
65
46
453
55
97
300
338
41
128
132
129
244
101
441
255
465
173
141
398
67
337
46
299
305
36
130
98
196
69
447
393
130
111
92
480
344
378
315
85
448
73
194
156
131
184
297
322
130
486
150
380
343
45
476
256
486
223
93
165
89
238
118
34
172
60
40
63
136
42
54
42
29
40
153
28
61
259
58
53
43
260
32
246
244
34
252
73
41
249
242
248
49
63
39
185
262
183
43
199
58
51
27
40
31
62
27
214
259
48
224
28
54
232
211
262
64
63
260
52
259
49
76
262
225
239
61
65
45
30
74
65
229
74
65
51
70
70
56
250
237
253
254
51
52
82
240
53
251
