79
129
393
476
86
258
129
129
114
325
132
129
132
129
425
454
76
129
89
132
245
394
337
56
114
70
432
319
463
59
101
66
299
136
174
256
97
130
441
398
380
306
339
299
130
403
130
104
196
93
394
111
164
443
337
193
317
412
476
465
27
312
86
393
136
299
78
487
188
33
420
157
132
456
357
277
142
344
385
407
117
238
34
55
63
151
130
60
42
28
172
61
140
28
43
41
161
41
42
59
42
35
59
70
52
44
32
33
45
52
62
40
246
63
41
64
184
28
228
242
55
185
29
208
247
196
74
65
76
53
50
54
41
50
75
62
34
24
44
24
263
66
261
81
65
25
53
37
52
63
68
71
73
37
261
29
238
32
258
129
392
475
86
257
128
129
113
324
132
129
131
129
424
453
76
128
89
131
244
394
336
56
114
69
431
318
463
59
100
65
298
135
173
255
97
130
440
398
379
305
339
298
130
403
130
104
196
93
394
111
164
442
336
193
317
411
475
465
26
311
86
393
136
298
77
486
187
32
420
156
131
455
357
276
142
343
385
406
116
238
34
55
63
151
130
59
41
28
172
61
139
27
42
41
161
41
41
58
42
35
59
70
52
44
32
33
45
52
62
40
245
62
40
64
184
28
227
241
55
185
28
208
246
195
74
64
76
53
49
54
40
50
74
62
34
24
43
24
262
66
260
80
65
25
53
37
52
63
67
70
72
37
261
29
237
31
258
