91
451
446
216
266
207
401
451
404
221
445
415
293
42
64
447
401
212
222
67
204
70
36
60
350
235
73
97
341
263
39
486
314
98
478
430
259
84
141
411
85
222
219
406
224
240
77
475
378
313
84
444
243
66
220
158
329
364
400
331
223
351
210
83
259
201
217
264
222
135
203
393
264
138
292
292
56
205
464
193
57
202
377
403
181
391
446
233
383
277
365
256
60
72
160
76
56
72
107
82
76
87
42
29
109
64
97
41
26
58
79
76
102
81
104
107
96
91
109
26
66
94
73
39
91
86
34
91
55
70
24
91
98
109
98
124
82
69
98
82
24
40
236
33
119
46
91
46
97
31
32
34
97
91
104
37
102
260
106
86
101
46
101
48
82
39
90
115
112
58
52
87
25
72
62
34
80
251
39
103
79
108
81
451
446
215
266
207
401
451
404
221
445
415
292
41
64
447
400
212
221
67
203
69
36
60
350
235
72
97
341
263
38
486
314
98
478
430
259
83
140
411
84
222
219
406
223
240
76
474
378
312
83
444
243
66
220
158
329
364
400
331
223
351
210
82
259
201
216
263
222
134
203
393
264
137
291
292
56
205
464
193
57
202
377
402
181
391
446
233
383
277
365
256
60
72
160
76
56
72
106
81
75
86
42
29
109
64
97
41
25
58
79
75
102
81
103
106
95
90
109
26
66
94
73
38
90
85
34
91
55
70
24
90
98
108
98
124
82
69
97
81
24
40
236
32
119
45
91
45
97
30
31
33
97
90
103
37
101
260
105
85
101
45
101
47
82
39
89
115
111
58
51
87
24
71
62
33
80
250
39
103
79
107
81
