96
452
432
434
310
310
310
437
310
339
310
434
335
434
332
434
435
396
433
427
307
342
433
161
205
368
306
307
431
335
337
431
478
485
397
341
338
326
305
462
427
431
178
128
135
307
354
427
214
304
325
304
418
304
124
139
231
426
485
325
475
139
205
378
303
406
259
375
250
216
331
426
42
257
356
26
321
304
125
406
165
55
358
272
452
178
325
158
188
153
113
372
232
436
321
364
487
180
124
183
67
54
78
101
43
262
27
85
205
37
156
48
193
196
75
259
148
157
59
191
190
201
160
136
154
193
168
113
184
72
181
145
181
175
120
180
235
138
190
223
250
88
209
246
146
172
205
205
186
256
192
214
184
204
58
195
199
226
175
183
244
121
219
169
170
136
144
220
122
233
147
119
227
223
205
202
181
193
196
263
190
200
185
113
184
178
208
157
227
210
146
211
34
451
431
434
310
309
310
436
309
339
309
433
334
434
332
434
434
395
433
426
306
342
433
161
204
368
305
306
431
334
337
430
477
485
397
341
337
325
305
462
427
431
178
128
134
307
354
426
213
303
324
303
418
304
123
139
231
426
485
324
474
138
205
378
303
406
259
375
250
215
331
425
41
256
356
26
320
303
125
406
164
54
358
272
451
178
324
158
188
153
113
371
232
436
321
364
487
180
124
182
67
54
78
101
43
262
27
84
205
36
155
48
192
195
74
258
147
157
59
190
189
200
160
136
153
193
168
113
183
72
180
144
181
174
120
179
234
137
189
223
249
87
208
245
146
172
204
204
186
256
192
214
183
204
58
194
198
226
174
182
244
120
218
169
169
136
143
219
122
233
146
118
227
222
204
202
180
193
196
263
189
199
184
112
184
177
208
157
226
210
145
211
34
