93
452
432
434
310
338
310
437
434
310
435
311
332
434
310
332
205
434
339
434
433
396
307
427
433
335
307
306
431
369
338
478
341
431
342
326
485
161
305
396
431
214
326
427
427
304
378
304
304
476
354
426
417
463
188
487
325
304
321
359
27
405
216
331
427
250
178
361
304
304
120
158
406
453
372
487
55
436
361
272
375
47
305
178
253
250
42
212
348
158
304
194
487
137
180
124
183
54
166
67
101
85
81
193
24
156
24
43
207
190
37
262
48
73
196
151
259
62
196
136
166
154
202
182
184
142
113
156
171
72
191
120
178
141
146
181
246
235
244
184
205
256
196
209
204
186
181
184
62
195
190
226
198
119
119
136
144
223
170
200
188
220
176
188
180
202
191
157
52
193
210
147
263
168
119
110
190
190
132
176
158
169
112
234
203
34
195
451
431
434
310
338
310
436
433
310
434
311
331
434
310
331
205
434
339
433
432
396
307
427
432
334
307
305
430
368
337
478
340
430
341
325
485
160
305
396
430
214
325
427
427
303
378
304
303
476
354
425
416
463
188
487
324
303
320
359
26
405
215
331
427
250
178
360
304
304
119
157
406
453
372
487
55
435
361
272
375
46
305
178
253
249
42
212
347
157
303
193
486
136
180
123
182
54
166
67
101
84
81
192
24
156
24
43
206
193
36
261
47
72
196
150
259
61
195
135
165
154
201
182
183
141
112
156
171
72
191
119
178
141
146
181
245
234
244
183
205
256
195
208
203
186
180
183
62
194
190
225
197
119
118
135
143
222
170
199
187
220
176
188
180
201
190
157
52
193
209
147
262
168
119
109
189
190
132
175
157
169
112
233
203
34
194
