84
370
58
370
367
194
106
264
176
369
289
59
412
252
307
370
337
186
357
347
480
368
369
154
209
370
434
368
367
323
167
337
285
257
138
324
322
76
165
332
286
174
313
274
283
312
191
455
407
286
276
46
373
284
283
60
133
182
257
205
284
175
284
386
285
477
29
387
274
454
154
452
237
355
105
241
430
164
430
187
227
356
380
455
78
46
111
27
129
45
118
184
184
65
26
121
54
190
213
93
86
115
57
56
108
221
257
109
121
75
98
168
156
55
53
255
71
33
114
215
86
118
141
233
255
127
57
187
48
223
128
96
44
198
175
39
106
83
139
101
172
47
50
44
106
198
149
96
95
119
53
76
206
75
51
193
223
92
73
47
83
82
47
68
197
102
30
85
76
369
57
369
366
193
105
263
175
369
288
58
411
252
306
369
336
185
356
346
479
367
368
153
208
369
433
367
366
322
166
336
284
256
137
323
321
75
165
332
285
173
312
273
282
311
190
454
406
286
275
45
372
283
282
59
132
181
256
204
283
174
283
385
284
476
28
386
274
454
153
451
236
354
105
240
429
163
430
186
227
355
379
454
77
46
110
27
128
44
118
184
184
65
26
121
53
190
212
93
85
115
57
56
108
220
257
109
121
74
98
168
155
54
52
255
71
33
113
215
86
117
141
233
255
127
57
187
47
222
128
95
44
197
174
39
105
82
139
100
172
46
49
44
106
198
149
96
94
119
53
76
205
75
51
193
222
91
73
46
82
81
47
68
197
101
29
85
75
