75
129
476
86
258
129
129
114
325
132
129
425
129
132
454
76
129
89
132
245
394
337
56
114
70
432
319
463
59
136
101
66
299
174
256
97
130
441
339
306
380
299
130
104
196
93
394
111
164
131
131
443
337
193
317
412
476
465
27
86
136
298
78
188
487
33
420
157
132
357
456
448
277
142
344
385
117
34
55
63
151
130
60
42
28
172
28
140
61
43
41
161
41
42
59
42
35
59
70
52
44
32
33
45
246
52
62
40
63
41
64
184
28
185
55
242
29
196
74
65
76
53
50
54
256
236
41
50
75
62
34
24
44
24
66
81
65
25
37
53
52
63
68
71
37
74
242
261
29
238
32
129
476
85
258
129
129
113
325
131
129
424
129
132
453
76
129
89
131
245
393
337
55
113
69
431
318
462
59
135
101
66
299
174
256
96
129
441
339
306
380
299
129
104
195
92
393
111
163
130
130
443
337
193
316
411
475
465
27
85
135
298
78
188
486
32
419
156
132
356
456
447
276
141
343
384
116
34
54
63
150
129
60
41
27
171
27
140
60
42
41
161
41
42
59
41
34
58
70
51
43
32
33
44
245
52
61
39
63
41
63
183
28
185
54
242
28
195
73
65
75
52
50
54
255
235
40
49
74
61
34
24
43
24
66
81
64
24
37
52
52
62
67
71
36
73
242
260
28
237
32
