87
129
394
476
86
258
129
114
325
129
132
129
129
425
129
132
454
76
89
132
394
337
27
245
70
339
459
34
432
48
463
59
317
101
136
66
100
97
299
441
256
174
114
130
66
40
341
299
306
313
41
398
104
394
92
131
46
130
164
131
196
443
94
50
193
487
337
111
412
317
476
466
90
27
66
86
298
478
78
157
136
487
188
421
455
357
132
142
118
237
34
55
63
151
61
42
130
28
163
175
28
140
61
43
41
41
42
42
35
260
59
52
188
261
245
44
239
33
45
32
52
246
62
256
64
40
28
41
63
71
187
262
229
208
29
55
258
263
227
74
53
76
256
250
197
54
236
65
41
244
224
75
70
50
50
34
62
24
44
254
24
251
66
65
252
25
68
81
53
37
63
73
37
71
29
128
393
475
86
257
129
114
324
129
132
128
128
425
129
131
454
76
89
131
394
336
27
245
70
338
459
33
432
48
462
59
316
101
135
65
99
97
298
440
255
174
114
130
65
39
341
298
305
312
41
398
104
393
92
131
46
129
164
131
195
442
93
50
192
486
336
111
412
316
476
465
89
27
65
86
297
478
78
157
136
486
187
420
454
357
132
142
118
236
34
55
63
150
60
41
130
28
162
174
27
140
61
42
40
41
41
42
35
259
58
51
184
261
244
43
239
33
44
32
52
245
62
255
64
40
28
40
62
70
186
261
229
204
28
54
258
263
226
73
53
76
256
250
196
54
235
64
41
243
224
74
69
50
49
34
62
24
44
253
24
250
65
64
252
25
68
80
52
37
63
72
37
70
29
