86
451
446
401
445
403
203
216
293
266
216
414
221
42
213
64
451
69
401
447
39
67
349
216
204
223
85
141
263
36
314
430
219
98
73
218
84
77
406
235
378
240
85
258
444
222
341
203
486
364
475
264
221
478
329
293
223
243
224
221
330
210
391
184
56
66
158
476
263
292
351
403
377
258
464
447
277
193
392
203
133
57
390
138
233
382
446
60
72
72
87
82
59
160
28
76
209
42
76
109
26
61
107
103
41
97
93
79
107
197
76
58
55
70
66
82
39
34
109
91
91
254
40
69
98
96
82
82
91
91
236
98
26
25
73
97
98
106
48
86
46
38
34
33
124
86
32
91
80
37
115
119
91
73
48
89
97
62
72
37
58
262
79
52
101
48
101
87
90
82
39
105
251
451
446
400
444
402
203
216
292
265
215
413
220
41
212
64
450
68
401
446
39
66
349
216
203
222
84
141
262
36
314
429
219
98
72
217
83
76
406
234
378
239
85
258
444
221
341
203
486
364
475
264
221
478
329
292
222
242
223
220
329
209
391
184
55
66
157
476
262
292
351
402
376
258
464
447
276
193
392
203
132
56
389
137
232
382
446
60
72
72
87
81
58
159
28
76
223
41
75
109
25
61
107
102
41
97
92
79
106
205
76
57
54
70
65
82
38
33
109
90
91
253
39
68
98
95
81
81
91
90
236
97
25
24
72
96
98
106
48
86
45
37
34
32
123
85
31
90
80
37
114
119
90
72
47
89
96
62
71
37
58
262
79
52
101
48
100
86
89
81
39
104
250
