86
452
432
310
310
310
434
310
434
434
434
435
339
335
338
335
437
434
396
434
307
434
425
306
307
431
367
478
431
327
397
336
485
306
338
326
305
417
427
427
341
432
304
463
304
326
345
304
259
213
328
205
485
304
476
26
216
426
232
426
324
361
321
326
386
406
360
406
250
232
325
304
47
54
158
378
272
304
348
303
250
253
397
244
42
452
487
180
124
54
34
67
85
78
24
183
34
194
262
151
166
205
101
48
196
70
148
58
262
166
136
154
202
184
113
162
181
193
72
88
182
175
117
186
232
246
141
135
244
181
205
195
156
259
224
152
263
175
61
190
199
119
136
204
184
220
148
147
227
185
189
121
188
199
170
227
205
176
119
192
112
178
263
216
166
226
132
190
171
238
176
192
34
452
432
309
309
309
433
309
434
433
434
435
339
335
337
335
436
434
395
433
307
433
424
306
306
430
366
478
431
326
396
336
485
305
337
325
305
417
426
427
341
432
304
463
304
325
344
303
259
213
328
205
485
304
476
26
216
426
231
425
324
361
320
325
386
406
360
406
250
231
324
304
47
55
157
378
271
303
348
302
250
252
396
243
42
451
487
179
124
54
34
66
85
78
24
183
34
194
262
151
165
204
101
48
196
69
148
58
261
166
136
154
201
183
112
162
180
192
71
87
181
175
116
186
232
246
141
134
244
180
205
194
155
259
223
152
262
175
60
190
199
118
136
204
184
220
148
147
226
184
188
120
187
199
170
226
204
176
118
194
112
178
263
215
165
225
131
190
170
238
176
192
34
