96
452
432
434
309
310
310
338
310
433
434
339
435
311
310
437
335
434
434
427
335
311
434
396
205
433
166
307
307
368
431
306
338
485
431
478
336
345
121
305
327
399
427
326
432
463
304
354
214
341
304
476
328
431
326
77
304
417
204
304
139
378
485
426
325
324
184
226
216
272
232
426
406
360
250
110
304
406
397
453
47
361
178
150
26
54
158
375
372
160
125
487
253
348
305
436
321
180
123
183
85
54
64
166
75
86
24
262
194
24
34
101
151
37
48
259
205
44
70
196
190
60
187
148
136
202
154
166
181
72
113
184
193
156
190
120
165
184
235
178
133
181
259
209
146
140
205
196
263
144
193
250
244
186
178
190
214
183
60
204
204
148
191
190
136
263
227
223
121
188
170
241
176
202
174
192
119
147
201
187
119
192
112
168
157
198
210
34
190
169
110
210
226
451
432
433
309
310
310
337
309
432
434
338
434
311
310
437
334
434
434
427
335
311
434
395
205
433
166
307
307
368
430
305
338
485
431
477
336
345
121
305
326
399
426
326
432
462
304
354
214
341
304
476
328
431
326
76
304
416
203
303
139
377
485
426
325
323
183
225
215
271
231
425
406
359
249
109
304
406
397
452
46
360
177
149
26
53
158
374
371
160
124
487
253
348
304
436
320
180
123
182
85
54
64
166
75
85
24
262
193
24
34
100
151
37
48
259
204
44
69
195
190
60
186
147
135
202
153
165
181
71
113
184
192
155
190
120
165
184
234
178
133
180
259
208
145
139
205
195
262
143
193
250
244
186
178
190
213
183
60
203
203
147
191
190
135
262
227
223
121
187
170
241
176
201
173
191
119
147
200
186
118
191
111
168
157
198
210
34
190
168
109
210
225
