93
370
367
59
370
367
200
175
106
369
288
366
186
58
288
220
288
429
304
370
317
367
370
367
367
283
368
368
367
368
370
282
152
282
356
314
288
167
257
337
213
407
60
346
254
327
274
253
285
394
414
165
321
294
75
282
175
191
454
284
190
325
385
45
212
286
478
369
201
77
385
210
452
232
286
157
260
356
297
487
133
293
335
284
200
480
257
173
286
371
164
186
264
116
46
141
111
26
120
47
186
118
65
35
130
117
121
176
199
24
101
122
94
82
198
36
179
168
47
257
233
156
209
75
119
115
106
57
56
246
53
33
84
118
46
101
55
188
86
207
131
68
142
56
141
126
213
118
129
199
128
88
95
45
56
77
39
47
188
117
246
121
90
96
197
193
197
225
48
173
100
194
206
172
121
127
198
211
106
50
129
261
106
82
68
190
119
370
367
59
369
367
200
174
105
369
287
365
186
58
287
220
288
429
304
370
317
367
369
366
367
282
367
367
366
368
370
282
152
282
356
313
288
166
257
336
213
407
60
345
253
327
274
253
284
393
414
165
320
294
75
282
175
191
454
283
190
324
385
45
211
286
478
369
200
77
384
210
452
231
286
156
260
356
297
486
133
293
335
284
200
480
256
173
286
371
164
186
263
115
46
140
110
26
120
47
185
117
65
34
129
117
121
176
199
24
101
122
94
81
198
36
178
167
46
256
232
155
208
74
119
114
106
57
56
245
53
32
83
117
45
101
54
187
85
207
131
68
141
55
141
125
212
117
129
198
128
87
95
45
55
77
39
47
188
116
246
120
89
96
197
192
197
225
48
173
99
194
205
171
120
127
197
211
105
49
129
260
105
82
68
189
118
