53
85
303
88
443
301
434
29
66
406
304
368
267
427
95
194
210
476
267
310
69
90
470
154
120
65
193
307
345
434
227
147
262
383
199
64
328
249
471
378
256
421
485
309
367
206
227
447
380
388
126
352
218
130
118
58
64
48
44
60
220
37
44
24
30
26
249
28
58
64
26
51
200
49
81
59
55
38
69
68
68
44
73
61
42
62
47
237
27
59
59
70
26
28
49
43
188
42
54
31
61
259
34
70
55
77
53
88
301
86
441
299
432
26
65
405
302
363
268
427
97
191
206
471
266
311
69
92
470
153
117
64
190
305
343
433
223
144
260
384
197
63
324
247
471
378
255
419
480
310
363
202
223
443
380
388
126
350
215
127
118
58
64
50
44
60
220
37
43
24
30
25
248
28
58
64
26
50
200
52
80
58
54
38
69
68
68
43
72
60
42
61
47
236
26
62
58
69
25
28
48
42
188
42
54
31
63
258
34
70
54
76
53
