94
450
446
216
401
207
290
221
266
42
216
64
451
213
404
401
216
223
415
445
67
486
447
70
73
39
204
85
406
406
349
36
97
219
342
217
430
263
84
98
478
314
78
444
85
141
475
221
225
235
203
258
380
240
60
243
329
83
66
377
200
221
217
364
351
300
158
393
292
259
366
223
403
57
181
329
209
203
390
233
193
265
222
396
133
446
476
56
365
242
205
256
382
264
383
61
72
160
72
56
31
77
76
109
189
64
107
26
82
41
222
58
42
87
79
73
97
102
91
94
76
55
27
98
107
80
109
109
27
232
34
66
40
91
86
39
69
236
91
70
98
123
98
96
25
91
83
82
104
33
33
104
119
73
101
44
244
97
97
29
91
101
90
37
24
34
62
87
34
46
90
46
80
39
52
106
87
30
101
251
73
114
108
107
111
80
36
49
105
449
446
216
401
206
289
220
266
41
215
63
451
213
404
400
216
222
415
445
66
486
447
69
72
38
204
84
406
405
348
36
96
218
342
217
430
262
83
98
477
314
77
443
84
141
475
221
225
235
202
258
379
239
59
242
328
83
65
377
199
221
217
364
350
300
158
393
292
258
365
223
402
56
180
328
209
203
390
232
192
265
221
396
132
445
475
55
365
242
205
256
381
263
382
61
71
160
72
55
30
77
75
108
182
64
106
26
81
41
221
58
42
87
79
72
97
102
90
94
76
55
27
97
106
79
109
109
26
232
33
65
40
90
85
39
69
235
90
70
98
123
98
96
25
91
82
82
103
32
32
103
119
73
101
44
244
97
96
29
90
101
90
36
24
34
61
87
34
45
90
46
79
39
52
106
87
29
100
250
73
114
108
106
111
79
36
48
105
