42
413
297
411
320
293
69
306
69
298
157
422
52
413
294
79
189
200
446
180
413
345
170
81
465
291
372
290
40
135
461
421
349
433
165
151
41
237
425
446
187
117
171
199
45
91
128
103
76
88
64
55
77
154
99
235
128
77
180
179
97
122
263
52
39
126
65
166
62
80
100
214
97
96
128
84
126
64
174
77
74
86
46
55
49
402
287
401
310
283
58
296
58
287
147
411
42
403
284
68
180
190
436
170
403
335
160
71
455
281
362
279
30
125
451
410
339
423
155
141
31
226
414
436
177
107
161
195
45
91
127
103
76
87
64
58
77
154
99
238
128
77
179
179
97
122
262
51
39
125
67
165
62
80
99
217
96
96
127
84
126
64
174
77
74
85
45
55
49
