93
453
432
161
427
310
310
434
310
310
437
338
339
310
332
434
434
331
434
307
434
434
335
205
307
306
431
399
431
477
342
338
326
369
485
214
433
433
359
305
341
432
326
354
304
327
378
304
431
304
259
121
205
184
485
304
150
406
325
26
331
232
46
216
304
375
361
164
55
250
162
397
304
420
158
134
321
177
463
272
372
253
232
361
227
257
44
487
261
244
212
487
354
396
180
123
192
259
81
67
85
54
30
101
166
262
43
156
24
48
207
34
154
70
58
196
190
136
166
113
184
154
184
154
181
171
202
72
146
197
184
196
117
144
133
181
207
244
262
184
259
144
190
221
188
175
191
61
205
188
121
195
119
144
184
119
136
176
169
147
182
193
170
203
174
223
187
113
215
226
201
183
263
157
190
227
186
196
233
101
46
209
238
158
33
220
160
453
432
161
427
310
310
433
310
310
437
338
338
310
332
434
434
331
434
307
434
434
335
205
307
306
430
399
431
477
342
338
325
369
485
214
433
433
358
305
341
432
326
354
304
327
377
304
431
303
259
121
205
184
485
303
150
405
325
26
331
232
46
216
304
374
361
164
55
250
162
397
303
420
158
134
321
177
462
271
372
253
232
360
227
257
44
487
260
243
212
487
354
396
179
123
192
258
81
67
85
54
30
101
166
261
43
156
24
47
206
33
154
70
57
195
190
136
166
112
184
154
184
154
181
171
202
72
146
196
183
196
116
144
133
181
207
244
261
183
259
144
189
221
188
175
191
61
204
188
120
194
119
144
184
119
136
175
169
147
182
193
170
203
173
222
189
113
215
226
201
182
262
157
190
226
186
196
233
101
46
209
237
158
33
220
159
