88
370
367
58
370
367
369
106
288
200
186
175
366
58
306
288
317
429
359
367
371
370
152
367
283
250
287
370
60
367
282
220
314
213
257
337
407
367
395
295
167
347
284
285
255
285
165
327
75
320
414
284
478
284
326
175
369
335
232
297
45
274
190
454
190
200
284
285
480
385
77
385
214
173
263
286
157
260
285
452
487
200
133
257
103
356
104
180
371
46
141
111
26
120
65
118
35
47
117
186
130
121
125
24
84
101
59
257
96
36
115
179
47
191
176
75
101
168
106
199
56
118
33
84
46
156
142
216
53
56
149
71
131
186
141
86
118
126
56
95
116
84
57
200
246
127
199
194
39
208
45
88
129
121
200
225
106
77
90
96
44
129
190
261
48
173
215
193
206
211
172
50
179
97
73
44
106
369
366
57
369
366
368
105
287
199
185
174
365
57
306
287
316
428
358
366
370
369
151
366
282
250
286
369
59
366
281
219
313
212
256
336
406
366
394
294
166
346
283
284
255
284
164
326
74
319
413
284
477
283
325
175
368
334
231
296
45
273
189
453
189
200
283
285
479
384
76
384
213
172
262
285
156
259
284
451
486
200
133
256
103
355
103
179
370
46
141
110
25
120
65
118
34
47
117
185
130
121
125
24
83
100
58
256
95
36
114
178
47
191
175
75
100
168
106
199
56
117
33
83
45
156
141
215
53
55
149
71
130
186
141
86
117
126
55
95
115
83
56
199
246
127
199
194
38
207
45
87
129
120
200
224
105
76
90
95
43
128
189
261
48
173
214
193
206
211
171
49
179
97
73
44
106
