91
369
367
58
370
367
257
288
110
288
369
267
370
152
186
367
199
367
317
370
213
434
284
367
368
59
314
407
356
293
176
370
60
346
257
284
366
394
282
257
332
173
281
412
285
165
326
284
75
285
282
282
386
257
354
335
235
369
386
165
284
256
285
138
133
453
45
181
454
283
478
370
78
286
214
277
104
274
186
189
77
335
235
283
175
244
246
241
478
322
377
429
46
141
117
26
129
188
26
117
38
65
182
94
114
117
119
46
224
84
36
118
98
167
197
257
127
56
46
56
177
184
75
101
56
31
74
155
139
106
41
86
127
120
56
219
141
56
87
118
255
139
149
76
51
92
255
214
246
96
47
198
199
243
114
172
88
39
44
77
48
116
104
90
230
43
179
73
206
68
129
76
245
224
64
199
128
195
41
96
223
144
83
369
367
58
369
367
256
288
110
288
369
266
369
152
186
367
199
367
317
370
213
434
284
367
368
59
314
407
356
293
175
370
59
346
256
284
366
394
281
257
332
173
281
412
285
164
326
284
74
285
281
281
385
256
353
335
235
369
386
165
283
256
285
138
132
453
45
181
454
283
478
369
78
285
214
277
104
274
186
189
76
335
235
282
174
244
246
241
478
326
376
428
46
140
117
25
128
187
26
116
38
65
181
94
114
116
118
46
223
83
35
118
98
167
196
257
127
56
45
56
176
183
75
101
55
31
73
154
138
106
41
85
126
120
56
219
140
56
87
117
254
139
149
76
50
91
255
213
245
96
47
197
198
243
113
171
88
39
43
77
48
116
103
90
230
43
179
72
206
68
129
75
245
223
63
199
127
194
41
96
234
144
82
