92
401
451
446
216
266
290
445
403
216
415
64
207
447
400
221
216
214
205
70
223
349
42
216
67
263
36
216
38
452
97
60
84
141
430
410
341
264
219
444
235
203
85
84
73
313
329
377
475
240
405
79
478
225
210
258
224
377
220
300
400
222
277
216
292
205
184
313
244
364
77
135
221
196
391
158
402
200
464
351
216
329
393
259
447
477
264
175
185
383
57
390
365
72
61
72
160
76
31
87
82
178
41
64
56
99
41
76
226
26
76
102
58
108
109
193
79
66
81
216
94
109
106
104
55
70
37
24
26
106
109
239
96
25
91
40
91
42
33
83
98
82
98
69
86
33
91
91
124
73
47
29
31
98
78
238
90
109
37
24
25
97
81
101
87
55
79
91
62
99
60
97
253
46
101
37
263
73
48
25
50
105
87
90
108
401
451
446
216
265
290
445
403
216
415
64
206
447
399
220
216
213
204
70
223
348
41
216
67
262
36
215
37
452
97
59
84
140
430
409
341
263
219
444
234
202
85
84
73
313
329
377
475
240
404
78
478
225
210
257
224
376
220
300
399
222
276
216
292
204
184
313
244
363
77
134
220
196
390
157
402
200
464
350
216
329
392
259
447
476
264
175
184
382
56
389
364
72
61
72
159
76
31
87
82
177
41
64
55
99
40
75
226
26
76
102
58
108
109
192
78
66
80
216
93
109
105
103
55
69
37
24
26
106
108
238
95
25
91
40
90
42
33
82
98
82
98
69
85
32
90
90
124
73
47
29
31
98
77
238
90
109
37
24
25
97
81
100
87
55
79
91
62
98
60
96
252
46
100
37
262
73
47
25
50
105
87
90
107
