99
451
446
401
266
216
445
403
290
208
415
216
216
64
447
221
214
400
216
205
70
67
36
350
42
216
216
263
97
452
39
85
223
341
141
487
73
235
407
203
406
98
220
60
313
430
264
378
85
240
329
84
475
444
224
478
210
79
222
224
217
300
313
220
83
262
205
244
292
58
397
464
135
221
184
377
364
366
159
196
277
77
403
351
200
217
259
264
479
329
175
476
419
390
393
185
339
57
88
390
61
72
72
76
160
87
82
31
59
41
175
205
64
99
76
26
41
226
76
102
79
81
108
109
188
216
66
109
109
93
55
58
26
70
73
91
96
27
25
98
91
109
104
42
37
106
83
91
82
33
40
98
239
124
86
91
69
98
34
238
29
24
46
104
94
109
25
90
114
31
60
101
87
37
73
97
24
91
55
78
81
62
97
99
260
37
48
224
46
25
74
77
79
101
50
49
87
25
90
451
446
401
265
216
445
403
289
208
415
216
216
64
447
221
214
400
216
205
69
67
36
349
42
216
216
263
97
452
39
85
223
341
141
487
73
235
407
203
406
98
220
60
313
430
264
378
85
240
329
84
475
444
224
478
210
79
222
224
217
300
313
220
83
262
205
243
291
58
397
464
135
221
184
377
364
366
159
196
276
77
403
351
200
217
259
264
480
329
175
476
419
390
393
185
339
57
88
390
61
72
72
76
160
86
82
30
59
41
175
205
64
99
76
26
41
226
76
102
79
81
108
108
188
216
65
108
108
93
55
58
26
70
73
91
96
27
25
98
91
109
104
42
37
106
83
91
81
33
40
98
238
124
86
91
69
98
34
238
29
24
46
103
94
109
24
90
113
31
60
101
87
37
73
97
24
91
55
78
81
62
97
99
260
37
47
224
46
25
74
77
79
101
50
49
87
25
90
