95
452
432
434
310
310
338
310
434
437
309
339
434
311
435
310
331
332
434
434
433
396
307
205
427
434
335
307
368
431
166
338
431
478
341
484
326
305
399
427
304
126
431
427
326
327
304
304
354
214
476
378
462
304
204
259
485
434
184
325
417
406
139
226
216
26
331
250
360
54
231
397
304
47
91
321
406
304
453
272
160
153
178
113
305
375
372
134
112
150
356
304
250
158
348
396
180
124
183
54
64
166
75
85
101
85
262
24
24
193
43
207
156
37
48
73
196
151
190
259
61
196
136
202
154
187
182
113
184
142
72
171
120
184
235
256
206
141
246
183
262
205
244
209
146
196
184
180
190
178
224
61
208
191
195
186
121
214
190
136
119
144
170
188
192
227
174
176
119
197
226
202
223
192
263
198
178
201
208
110
168
157
179
238
189
147
234
132
112
169
163
452
432
433
310
310
338
310
434
437
309
338
434
311
434
310
330
332
434
434
433
395
306
204
427
434
334
306
368
430
165
337
431
478
341
484
326
304
398
426
304
126
430
426
326
326
304
304
354
214
476
377
462
304
203
258
485
433
184
324
417
406
139
226
216
26
331
250
360
54
231
397
304
47
91
321
406
304
453
272
159
152
177
113
305
374
371
134
112
149
355
303
250
158
348
395
180
123
182
54
64
165
75
85
101
85
262
24
24
192
43
206
155
37
48
73
195
150
189
259
61
195
135
201
153
187
181
113
184
142
72
170
120
183
234
255
206
140
246
183
262
204
244
208
145
196
183
179
189
178
223
61
208
191
194
186
121
213
189
136
118
144
169
188
192
227
174
175
119
196
226
201
222
191
262
198
178
201
208
110
167
157
179
238
188
146
234
131
112
169
163
