77
393
85
130
75
475
423
257
114
131
85
394
458
97
320
55
400
135
69
59
465
33
27
431
130
46
338
337
114
80
173
441
41
396
318
67
255
129
129
27
66
297
140
448
337
294
244
99
97
188
316
157
343
306
109
165
384
394
94
406
86
313
73
357
342
151
192
298
446
356
378
477
487
455
485
413
310
95
238
55
31
41
33
28
59
63
61
39
45
42
67
34
59
248
246
52
45
30
245
259
43
43
221
185
35
73
166
63
28
262
228
46
62
40
236
199
24
262
28
27
46
49
39
59
52
263
61
62
67
221
55
52
53
29
34
126
258
66
255
31
43
232
56
75
65
262
24
241
252
55
73
26
29
34
42
392
84
130
74
474
423
257
113
131
85
394
458
97
320
55
400
135
68
58
465
33
27
431
130
46
338
337
114
95
173
441
41
395
318
66
255
129
129
27
65
297
139
448
337
294
243
99
97
188
316
157
342
305
108
165
384
394
106
406
85
312
72
356
342
151
191
298
446
355
378
477
486
454
485
412
310
95
237
54
31
40
32
28
58
62
60
39
44
42
66
34
59
247
246
51
44
29
245
258
42
43
218
184
34
72
160
62
27
261
228
46
61
40
235
204
24
262
27
27
45
49
38
59
52
262
61
62
67
220
55
52
53
28
33
125
257
66
255
30
42
231
56
74
64
262
24
241
251
55
73
26
28
33
42
