92
452
432
161
434
310
434
310
310
331
338
335
437
426
311
434
339
434
310
435
434
309
307
396
433
205
431
335
369
306
307
478
338
431
484
327
305
326
128
399
427
432
345
341
327
427
214
303
356
204
304
304
326
259
418
426
378
178
136
476
304
216
485
462
226
26
406
321
120
397
324
427
304
325
47
250
375
53
359
406
158
232
486
272
452
253
305
361
212
178
188
153
42
180
124
191
183
54
85
64
75
207
166
151
101
262
24
24
262
37
40
194
48
85
151
196
67
190
154
196
202
166
136
184
182
113
72
165
120
175
223
184
235
135
156
141
262
246
146
244
205
178
256
205
186
224
186
204
184
190
247
196
190
136
60
184
187
119
121
226
187
174
148
223
220
196
119
170
168
189
195
202
113
228
49
263
192
190
110
147
158
200
187
178
175
452
431
160
434
309
433
309
309
330
338
335
437
426
311
434
339
434
310
435
434
308
307
395
432
204
431
334
369
306
307
478
337
430
484
326
304
325
128
398
427
432
345
341
327
427
213
303
356
203
304
304
325
259
418
426
377
177
136
475
303
215
485
462
225
26
405
321
119
397
324
427
304
324
47
250
374
53
359
406
157
232
485
272
452
253
304
361
211
178
188
152
42
179
124
190
183
53
85
64
75
207
166
151
101
261
24
24
261
36
40
194
47
84
151
195
67
189
153
195
201
166
135
183
181
112
72
165
120
175
223
184
234
135
155
141
262
246
145
244
204
177
256
205
186
224
185
203
184
190
247
195
190
136
59
183
187
119
121
226
187
174
147
223
220
195
118
170
168
189
194
201
112
228
48
262
192
190
109
147
158
199
187
178
174
