76
393
476
86
258
114
325
132
132
425
454
76
89
132
245
337
394
27
56
70
137
459
432
319
463
59
101
66
299
97
441
174
256
339
380
398
306
114
299
41
130
403
104
93
394
196
111
164
344
337
443
487
192
313
393
317
412
341
476
465
86
277
478
299
78
136
157
407
487
188
420
132
455
444
357
344
32
238
34
55
63
61
42
28
61
28
43
41
41
42
59
35
42
259
59
52
246
261
44
32
33
45
52
62
40
64
28
63
41
185
242
228
55
71
29
263
211
247
74
76
53
65
50
54
226
50
41
70
75
261
261
62
34
209
24
44
66
261
252
65
25
81
68
258
53
37
63
71
73
263
37
238
49
393
476
85
257
113
324
132
131
425
453
75
89
131
244
336
393
26
56
69
136
458
431
318
462
59
100
65
298
96
441
173
255
339
379
397
305
113
298
41
129
403
103
92
393
195
111
164
343
336
443
486
191
312
393
317
411
340
476
465
85
277
477
298
77
135
157
407
486
187
420
132
454
444
357
343
31
238
34
55
63
61
41
28
60
27
43
41
40
41
58
35
41
259
59
51
245
261
44
32
33
44
52
62
40
63
28
62
40
184
241
227
55
71
28
262
211
246
74
75
53
64
50
54
226
50
40
69
75
261
261
62
34
209
24
43
66
260
252
65
24
81
68
258
52
36
63
70
72
262
37
238
49
