91
393
129
476
76
89
258
129
85
129
131
114
458
129
424
129
325
132
458
56
431
69
27
136
336
317
34
140
129
98
245
114
46
66
453
101
97
66
300
55
394
476
466
173
441
129
255
67
337
141
446
399
306
38
130
298
196
399
111
48
99
394
130
338
276
27
92
73
131
313
157
407
194
316
448
131
165
184
381
130
298
151
131
46
393
357
344
94
256
487
477
380
238
118
34
41
43
63
136
58
172
30
61
41
148
28
158
42
61
259
59
44
52
260
246
35
32
245
51
184
253
59
73
242
249
249
52
64
62
40
49
42
24
31
63
28
199
40
260
49
27
261
228
55
232
211
28
65
215
50
224
263
53
259
185
261
24
76
31
41
255
66
258
75
62
46
232
53
75
249
221
65
56
71
252
258
42
238
241
51
53
252
239
393
129
475
75
89
257
129
84
128
131
114
457
129
423
129
325
132
457
56
431
68
26
136
335
316
33
140
129
98
244
114
46
66
452
101
97
65
300
54
393
475
465
172
441
129
254
67
336
140
445
398
305
37
130
298
195
398
111
48
98
393
130
338
275
27
91
72
131
313
157
406
193
315
448
131
165
183
380
130
297
150
131
46
392
357
343
94
255
486
477
380
237
118
34
41
42
63
135
58
172
29
60
40
147
28
157
42
60
259
59
44
51
260
246
34
31
244
51
184
252
59
72
241
248
249
52
63
62
39
48
41
24
31
62
27
199
39
259
48
27
260
228
55
232
211
27
64
214
49
224
262
53
259
185
260
24
75
31
40
254
65
257
74
61
45
231
53
75
249
220
64
55
70
252
257
42
238
240
50
53
249
238
