94
401
451
446
216
266
290
445
403
216
415
64
207
447
400
216
221
70
214
205
223
349
42
216
67
263
36
216
38
97
452
60
84
141
430
487
410
341
219
98
203
264
235
444
85
84
73
313
329
475
377
405
79
478
225
210
240
258
224
83
220
56
377
300
400
222
216
277
292
184
313
205
244
135
77
364
365
195
221
391
158
403
351
200
464
216
329
259
393
383
477
264
175
185
57
72
61
72
160
76
31
87
82
178
41
64
56
99
41
226
76
102
26
76
58
108
109
190
79
66
81
216
94
109
109
104
55
70
37
73
24
26
109
88
25
106
96
236
91
40
91
42
33
98
83
98
69
86
33
91
82
91
124
104
47
115
73
29
31
98
238
78
90
37
24
109
25
101
81
97
24
52
87
79
91
62
97
99
60
253
46
37
101
106
73
48
25
50
87
401
451
446
215
266
290
444
403
216
415
64
207
446
400
216
220
69
214
204
222
349
42
216
67
263
36
215
37
97
451
59
84
141
430
486
410
341
219
97
203
263
235
444
84
84
73
313
329
474
377
405
79
477
224
209
240
258
224
83
219
56
377
300
400
222
216
277
291
183
313
205
244
134
76
364
364
194
220
391
158
403
351
200
464
216
329
259
393
383
476
264
175
184
56
72
61
72
160
76
31
86
82
178
41
64
55
98
41
225
75
102
26
75
58
108
108
190
78
65
81
215
93
109
108
104
55
69
37
72
24
26
109
87
24
106
95
235
90
40
90
42
33
98
83
98
69
86
32
90
82
90
124
103
46
115
73
29
30
97
238
78
90
36
24
108
25
100
80
97
24
51
86
79
91
62
97
98
60
252
46
37
101
106
73
48
25
49
87
