79
369
367
58
369
367
288
301
106
366
174
152
58
370
256
367
367
370
199
60
356
434
317
316
370
367
283
331
394
212
293
285
368
186
319
407
167
316
284
258
75
386
255
257
386
286
414
284
285
226
133
175
346
282
172
453
76
185
166
181
40
478
283
189
285
454
451
117
354
245
232
211
104
377
241
196
478
305
404
429
47
141
111
65
120
35
216
118
130
186
114
121
37
184
224
257
94
47
101
56
97
84
122
75
168
47
59
142
118
179
71
246
117
132
46
141
56
95
44
118
76
195
33
97
218
56
155
255
196
172
200
56
106
127
88
93
68
51
44
35
114
182
129
228
76
193
120
92
188
82
42
73
135
41
81
97
121
62
83
369
366
57
368
366
287
300
105
365
173
152
57
369
255
366
366
369
198
59
356
434
317
314
369
366
282
331
394
211
292
284
367
185
316
406
166
315
284
257
74
385
255
256
386
285
414
284
285
225
132
175
345
281
171
452
75
185
166
180
40
477
284
188
284
454
451
117
353
245
231
211
104
376
241
196
478
302
403
428
47
140
111
65
119
35
216
117
130
185
113
121
37
183
223
256
93
47
100
56
96
84
122
75
174
46
58
142
118
176
70
245
116
132
45
141
55
94
43
117
75
195
32
97
217
56
155
254
195
171
200
55
106
127
88
93
67
51
44
35
114
178
129
227
76
193
120
91
188
81
41
72
134
40
81
96
120
62
83
