96
129
393
476
109
129
71
132
132
258
86
424
130
454
326
129
85
394
62
337
459
140
27
34
55
245
300
99
130
105
46
401
316
463
255
432
37
72
305
130
136
174
394
398
101
130
48
41
441
50
339
40
97
306
336
60
142
131
131
193
443
115
196
69
131
94
276
412
393
300
321
74
136
157
72
487
359
164
407
379
465
86
316
313
356
341
189
115
444
455
132
340
93
375
385
132
478
118
238
33
61
157
44
28
61
63
55
28
175
42
40
147
40
42
64
35
261
51
260
248
49
59
40
256
187
73
248
248
31
32
41
44
238
55
24
205
246
63
53
227
51
48
238
263
28
224
185
226
63
55
50
263
29
236
256
75
41
47
65
253
223
244
261
34
261
68
53
31
82
66
65
70
43
54
258
241
44
66
63
252
26
209
37
71
263
73
38
197
76
205
29
71
254
128
392
476
109
129
71
132
131
258
86
424
130
454
326
128
85
394
62
337
458
139
27
34
55
245
300
99
130
104
46
400
315
463
255
432
37
72
305
130
136
174
394
397
101
129
48
41
441
50
339
40
96
306
336
59
142
131
130
193
443
114
196
68
131
94
276
412
393
300
321
74
135
156
72
487
359
164
407
378
465
86
316
312
356
340
189
114
443
454
132
340
92
374
385
131
478
117
237
33
61
157
44
28
61
63
55
28
175
42
40
147
40
42
64
35
261
51
260
247
49
59
40
255
187
73
247
248
31
32
41
44
238
55
24
205
245
63
53
226
51
48
237
262
28
223
185
225
63
54
50
262
29
235
256
75
41
47
65
252
223
243
261
34
261
68
53
31
82
65
65
70
43
54
258
240
44
66
63
252
26
208
37
71
262
73
37
196
76
204
29
70
254
