97
266
451
401
446
216
445
290
403
208
415
216
221
216
64
447
214
400
216
205
350
67
36
216
216
70
42
97
85
39
223
452
341
264
141
487
73
235
407
220
203
406
313
430
378
85
265
60
240
329
84
444
79
475
478
224
222
300
217
220
224
313
210
83
262
244
58
292
205
397
464
184
221
377
159
364
196
78
403
264
277
351
217
259
200
175
329
447
419
476
390
185
393
339
256
390
383
88
76
61
72
72
160
87
31
82
60
41
175
76
205
64
99
26
41
226
76
108
79
81
188
216
102
109
109
55
93
58
109
26
66
70
73
91
96
27
109
25
98
42
37
83
91
106
104
82
33
40
239
69
98
86
34
98
29
238
46
124
24
91
104
94
25
114
90
109
31
60
37
86
73
91
97
55
81
62
48
78
97
256
37
99
25
46
263
77
74
79
50
101
49
83
90
105
25
265
450
400
445
216
444
290
402
208
415
216
220
216
63
446
213
399
216
205
349
66
36
216
215
70
41
97
84
39
222
452
340
263
141
486
72
234
406
219
202
406
312
429
377
85
264
59
240
328
83
444
78
475
477
223
222
299
217
219
223
313
210
82
261
243
57
292
205
397
464
183
220
376
158
363
196
77
402
263
276
350
217
258
200
175
328
447
418
476
389
184
393
338
255
389
383
88
76
61
71
72
159
86
30
81
60
40
175
76
204
64
98
26
40
225
76
107
79
81
188
215
102
108
109
55
93
57
108
26
66
69
72
90
96
27
108
25
98
41
37
83
90
105
104
82
33
40
238
69
98
86
34
98
29
238
46
124
24
90
104
93
24
113
90
109
31
59
36
86
72
91
97
55
81
61
47
78
96
256
37
99
25
45
262
77
73
78
49
101
48
83
89
104
25
