82
452
432
161
310
310
310
434
310
434
434
335
434
435
339
335
338
437
434
396
434
307
434
425
307
367
477
431
431
327
397
485
306
338
335
305
326
463
417
427
427
341
432
345
354
378
485
26
476
213
150
216
426
426
325
324
361
325
321
406
406
250
121
163
134
46
303
158
54
153
397
348
134
371
250
42
372
436
487
153
487
452
303
180
124
192
54
34
67
85
78
183
24
205
34
194
262
151
166
101
48
196
70
148
58
262
136
202
184
113
154
162
181
72
88
181
193
117
175
181
186
232
246
141
135
156
207
184
61
119
199
152
189
136
204
220
203
148
147
188
227
121
199
170
188
182
215
119
177
112
192
207
171
166
178
171
132
176
157
210
34
178
49
192
229
452
432
161
309
309
309
433
309
433
434
335
434
434
339
335
337
437
434
396
433
306
433
424
307
367
477
431
430
326
396
485
305
338
335
305
325
462
417
427
427
341
432
345
353
377
485
25
476
213
150
215
426
426
325
324
360
325
320
406
406
250
121
162
133
46
303
157
53
153
396
347
134
371
250
41
371
435
487
152
487
451
302
179
124
191
54
34
66
85
78
183
24
205
34
193
261
150
166
101
48
196
70
148
58
261
136
201
183
112
154
162
180
71
87
180
193
116
174
180
186
232
246
141
134
155
206
184
60
118
199
152
188
136
204
219
203
148
146
188
227
120
199
172
188
182
214
118
174
112
191
207
170
166
178
170
132
176
156
209
34
178
49
192
228
