70
431
159
451
432
433
306
432
432
330
423
335
436
432
431
329
203
334
433
476
367
304
324
430
484
133
395
430
462
304
324
426
337
324
211
484
431
369
302
302
123
202
352
414
270
258
302
424
226
53
25
185
487
41
345
318
303
250
425
231
214
473
302
210
149
372
177
190
340
451
484
124
191
180
37
183
148
24
48
156
262
166
101
85
59
207
190
196
194
183
202
136
171
113
72
259
163
157
181
171
262
238
262
190
146
61
135
171
259
244
197
178
209
186
263
221
190
204
193
193
119
187
184
122
166
217
216
173
216
227
136
202
226
158
189
160
200
199
156
192
49
430
158
450
432
432
305
431
432
329
422
334
435
431
430
328
202
333
432
475
367
303
323
429
484
132
394
429
461
304
324
426
337
323
210
484
431
368
302
302
123
202
352
413
270
257
302
423
225
52
25
184
486
40
345
317
302
249
424
230
213
472
301
209
148
371
177
189
340
450
483
123
190
180
36
182
147
24
47
156
261
166
100
84
59
206
190
195
193
182
202
135
170
112
71
258
162
157
180
167
261
231
262
190
146
60
135
171
259
244
197
178
208
185
262
221
189
203
193
192
119
187
183
121
166
216
215
172
215
227
136
201
225
157
188
159
200
199
156
192
49
