72
129
393
476
86
258
129
114
325
132
129
425
132
454
76
129
89
132
245
394
337
70
432
319
463
59
101
66
299
97
174
441
256
130
339
398
380
306
114
299
403
104
196
93
394
111
164
443
337
193
317
412
476
465
27
86
393
136
299
78
188
487
420
456
157
344
132
357
313
277
142
385
407
118
238
34
55
63
130
61
42
28
172
28
61
43
41
161
41
42
59
42
35
52
44
32
33
45
52
62
40
64
63
28
41
184
185
228
242
55
71
29
247
74
65
76
53
50
54
41
50
75
62
34
24
44
24
66
261
81
65
25
37
53
63
74
68
238
71
37
249
261
29
32
258
128
393
476
85
258
129
114
325
131
129
425
132
454
76
129
89
131
245
394
337
70
432
318
463
59
101
66
299
96
174
440
256
129
338
397
380
306
113
299
402
103
195
92
394
111
164
443
337
193
316
412
476
465
27
85
393
135
299
78
187
486
420
456
156
343
132
356
313
277
141
384
406
118
237
34
54
63
130
61
41
27
171
28
60
42
41
160
40
42
58
41
34
51
44
32
32
45
51
61
39
63
63
28
41
183
185
228
241
54
70
28
246
73
65
75
53
49
54
40
49
74
61
34
24
44
24
65
260
81
64
24
36
53
62
74
68
238
71
36
249
260
28
32
257
