97
401
451
446
266
216
445
403
208
290
415
216
447
64
221
214
400
216
70
350
205
36
67
263
42
216
97
39
452
85
223
487
141
73
235
60
430
203
406
341
98
410
313
220
264
378
85
475
240
84
329
478
224
210
444
224
79
222
217
220
262
300
400
83
292
205
66
244
135
221
56
184
464
364
366
159
377
196
78
403
277
200
351
217
264
259
329
175
419
390
476
185
393
339
256
88
447
57
72
61
72
76
160
87
82
59
31
41
178
99
64
76
26
41
226
102
108
76
81
79
66
109
216
109
93
109
55
58
73
70
91
96
104
37
25
98
26
91
24
42
109
106
83
91
98
82
40
33
86
124
91
239
34
69
98
238
46
94
29
31
104
90
109
119
25
101
87
115
37
60
97
24
91
73
55
81
62
78
99
97
260
48
37
46
25
77
79
74
50
101
49
83
25
263
87
400
451
446
265
216
444
402
208
289
415
215
446
64
221
214
400
215
69
350
205
36
67
263
41
215
97
39
451
85
223
487
141
73
235
59
430
203
405
340
98
410
312
220
263
378
85
475
240
84
329
478
224
210
443
224
79
222
216
220
261
300
400
83
292
205
66
243
135
221
55
184
464
363
366
159
377
196
78
403
277
200
351
216
264
258
329
175
419
390
476
185
392
339
255
88
446
56
72
61
72
76
159
86
81
59
31
41
177
99
64
76
25
41
225
102
107
76
81
78
66
108
215
109
92
108
55
58
72
70
90
95
103
37
25
98
26
90
24
41
108
106
82
90
98
82
40
33
86
124
90
239
33
69
97
237
45
93
28
31
103
90
108
118
24
101
87
114
37
60
97
24
91
72
55
81
62
78
99
97
259
48
36
46
25
77
78
74
50
100
48
82
25
262
87
