92
393
129
476
76
129
114
258
325
129
89
85
131
458
424
132
56
458
68
27
431
317
136
34
336
99
453
129
339
399
66
394
114
46
55
245
97
300
140
129
101
173
477
441
466
337
255
141
399
67
67
306
47
447
37
130
394
299
403
99
196
130
480
111
443
316
92
73
379
131
313
27
86
448
157
194
165
276
131
184
131
487
298
256
151
45
344
487
357
322
392
381
455
239
118
34
41
172
61
63
42
136
43
55
30
41
28
61
59
259
53
260
44
32
246
245
35
253
247
184
188
229
249
42
73
242
49
59
64
40
51
199
52
63
24
28
31
49
40
27
215
260
64
55
224
261
232
211
53
29
244
263
65
259
263
50
244
62
76
31
240
41
255
24
66
46
66
75
53
261
229
75
71
70
65
51
56
253
238
53
42
52
258
250
73
393
129
475
75
128
114
258
324
129
88
84
130
457
423
131
56
458
67
26
430
316
135
33
335
99
453
128
338
398
65
394
113
46
55
244
97
300
139
129
100
173
476
440
465
336
254
140
398
67
66
305
46
447
36
129
394
299
402
98
195
129
480
110
443
316
92
72
378
131
312
27
86
447
157
193
165
276
131
184
130
486
297
255
150
45
344
486
356
322
392
381
455
239
118
34
40
171
60
63
41
136
42
55
29
40
28
61
59
258
53
260
44
32
245
244
35
252
246
184
188
228
249
42
73
242
49
58
64
39
51
199
52
62
24
27
31
48
39
27
215
259
64
54
224
260
232
210
52
28
243
262
65
259
262
49
244
61
75
31
239
41
254
24
65
45
65
74
53
260
228
74
70
70
65
50
55
253
238
53
42
51
258
250
73
