96
452
432
434
310
338
310
310
434
437
309
339
434
311
435
310
332
331
434
434
433
396
311
307
166
427
434
335
307
368
431
306
431
338
341
478
342
484
326
305
122
399
304
427
431
427
326
327
354
304
304
476
213
378
204
184
304
462
153
259
426
485
325
178
417
406
232
26
331
216
136
427
250
160
361
54
397
304
304
231
321
47
406
453
153
272
436
125
305
372
371
250
158
113
396
253
348
180
124
183
54
166
64
75
85
101
85
262
24
24
193
34
156
207
37
48
73
196
44
151
187
259
61
196
136
202
154
166
113
182
142
184
156
72
171
120
190
184
256
235
141
246
181
262
209
205
244
196
152
183
178
191
190
180
188
224
204
61
195
201
186
121
184
119
144
136
247
223
170
198
188
192
174
223
176
227
226
119
202
192
178
263
210
205
110
157
171
132
112
208
163
190
169
452
432
434
310
337
310
310
434
437
309
339
434
311
435
310
332
331
434
434
433
396
311
307
165
427
434
335
307
368
431
305
431
337
340
478
341
484
326
305
122
399
304
426
431
427
326
327
354
304
304
476
212
378
203
183
304
462
153
259
425
485
325
178
417
406
232
26
331
215
135
426
250
160
361
53
397
304
304
231
321
47
406
453
152
272
435
125
305
372
371
250
158
113
396
253
348
180
124
183
54
165
64
75
85
101
85
262
24
24
193
34
156
207
37
48
73
196
44
150
186
259
61
196
136
202
154
165
113
181
142
184
156
72
171
120
189
184
256
235
141
245
181
262
209
205
243
196
151
182
178
191
190
180
187
223
203
61
195
200
186
121
184
119
144
136
246
222
170
197
187
191
174
222
175
226
226
118
202
192
178
263
209
205
110
156
170
132
112
207
162
190
168
