95
452
432
309
434
310
338
310
310
433
339
434
311
435
310
437
335
434
434
427
396
311
434
335
205
433
307
307
431
166
345
306
485
431
368
477
335
399
338
305
431
327
427
326
427
304
354
462
476
341
214
304
304
327
259
325
378
304
417
485
426
397
204
152
178
304
272
325
324
426
216
360
406
178
226
139
74
375
232
356
406
250
47
452
155
304
27
158
54
188
117
325
364
436
304
372
180
123
85
183
54
166
64
75
86
262
24
24
193
34
101
151
37
48
259
198
44
70
205
190
60
151
136
154
187
156
163
72
113
201
186
193
187
181
120
138
165
235
175
246
259
209
180
196
140
146
205
190
263
224
195
183
244
189
60
204
175
178
179
190
174
263
205
148
223
136
190
121
200
190
214
233
168
227
148
202
170
119
192
200
226
119
112
192
184
180
185
211
210
216
157
451
432
309
434
310
338
310
310
433
339
434
311
435
310
437
335
434
434
427
396
311
434
335
204
433
307
307
430
166
345
306
485
431
368
477
335
399
338
305
430
327
427
326
427
304
354
462
476
341
213
304
304
327
258
325
378
304
417
485
426
397
203
152
177
303
272
325
324
426
216
360
406
177
226
138
73
375
231
356
406
250
47
452
154
304
27
158
53
187
117
325
364
436
304
372
180
122
85
183
54
166
64
75
86
262
24
24
193
34
101
151
37
48
259
198
44
70
205
190
60
150
136
153
187
156
162
72
113
201
186
193
187
181
120
137
165
235
175
246
259
209
180
196
140
145
205
190
263
223
195
183
244
189
60
204
174
178
178
189
173
263
205
148
223
136
190
121
199
190
214
233
168
227
148
202
169
119
192
200
226
119
112
191
184
180
185
211
210
216
157
