93
452
161
432
309
310
310
310
434
339
310
424
335
331
338
434
434
437
396
433
306
433
435
335
308
205
306
369
485
431
477
431
327
326
345
305
338
399
431
214
341
354
326
304
304
417
324
304
259
328
406
485
205
375
184
216
232
150
120
250
134
26
42
304
378
397
272
325
359
356
424
158
161
178
164
231
321
54
194
304
153
462
134
253
212
44
487
244
372
486
361
318
42
396
180
192
124
85
67
54
43
85
262
30
262
151
207
166
48
183
101
196
64
154
74
195
196
136
190
166
202
72
154
184
113
162
175
156
117
181
184
141
146
140
207
186
244
259
186
148
205
224
263
121
61
175
169
191
136
184
189
188
170
215
119
122
176
183
174
263
196
196
147
201
113
204
201
182
227
227
192
200
217
178
181
178
190
158
101
34
238
157
49
186
211
176
160
452
160
431
309
310
310
310
434
338
310
424
334
331
337
434
433
437
396
433
306
433
434
335
308
204
306
369
484
430
477
431
327
325
344
305
338
398
430
213
340
354
325
303
304
416
324
304
259
327
406
484
204
375
183
215
232
149
119
250
134
26
42
304
378
396
272
325
359
356
424
158
161
177
163
231
320
53
194
304
152
462
133
253
211
44
487
244
371
486
360
318
42
396
180
191
124
85
67
54
43
85
262
30
261
151
206
166
47
183
101
195
63
154
74
194
195
136
189
165
201
71
153
184
113
162
174
156
117
180
183
140
146
140
206
186
243
259
185
148
204
224
262
120
61
175
168
191
136
183
188
188
169
214
119
121
175
182
173
263
196
195
147
201
113
204
201
181
226
226
191
200
217
177
181
178
190
158
101
34
238
156
48
186
210
176
159
