79
452
432
161
309
434
310
310
310
310
435
310
434
332
434
338
437
304
434
433
427
433
433
307
396
485
307
205
306
431
431
368
477
341
326
394
432
305
427
304
378
427
431
354
462
213
475
485
426
426
417
178
406
375
232
216
26
331
250
134
120
397
356
330
150
453
55
436
161
42
406
158
193
164
44
41
153
364
188
178
180
123
192
85
183
54
75
64
43
193
30
85
156
24
166
101
244
43
64
259
75
54
151
196
72
136
190
166
113
154
202
184
142
175
183
133
123
232
113
183
243
144
207
180
152
196
58
217
204
189
190
121
169
184
137
119
144
170
215
188
172
147
204
188
190
194
208
203
122
202
113
200
182
101
175
178
212
184
200
451
431
161
309
433
310
309
310
310
434
310
434
332
434
338
436
302
434
433
426
433
433
306
396
485
306
205
305
430
430
368
476
341
325
394
431
304
426
304
378
427
430
353
461
212
475
485
425
425
416
177
405
374
232
215
25
331
249
133
120
397
355
330
150
452
54
435
161
42
406
157
193
163
44
41
153
363
187
178
179
123
192
84
182
54
74
63
43
192
30
84
155
24
166
101
243
43
64
258
74
54
151
195
72
135
189
166
113
153
202
184
141
174
182
132
123
232
113
183
243
143
206
180
151
196
58
216
203
188
190
121
169
186
136
119
144
170
214
188
171
147
207
188
190
194
208
203
122
202
112
200
182
100
175
178
211
184
200
