96
401
451
216
446
445
403
203
415
216
445
266
293
221
42
451
216
216
213
69
64
216
401
263
447
97
349
223
67
410
204
313
85
141
37
84
219
430
73
98
234
36
240
405
378
59
77
85
258
203
341
475
224
486
313
221
264
222
364
399
329
216
223
478
329
206
221
66
243
293
158
210
82
391
476
184
351
293
403
201
56
217
258
264
277
464
383
193
418
57
377
203
390
393
138
233
135
72
60
160
72
87
82
59
42
178
248
76
28
76
109
107
191
226
26
103
64
215
41
66
97
109
107
58
79
24
76
39
55
70
85
40
109
34
91
91
96
97
82
101
82
104
69
91
91
25
26
98
124
73
24
48
106
98
97
31
33
238
34
86
46
112
86
119
33
38
91
91
104
80
73
37
97
90
62
101
115
256
37
48
79
60
105
52
77
87
72
48
90
101
82
39
101
400
450
216
445
444
403
203
415
216
444
265
292
220
41
451
216
215
212
69
64
216
400
262
446
97
348
223
67
410
203
312
85
141
37
83
218
430
72
98
233
36
240
405
378
59
77
85
258
203
341
475
223
485
313
221
263
221
364
399
329
216
222
477
329
205
220
66
242
292
158
209
82
390
475
183
350
293
402
201
56
217
257
264
277
463
383
193
418
56
376
203
389
392
138
232
135
72
59
160
72
87
81
58
41
178
245
76
28
76
109
107
191
226
25
103
63
214
40
65
96
108
106
57
78
24
76
38
54
69
85
39
108
33
91
91
95
96
82
100
82
104
68
91
91
24
26
98
124
72
24
48
105
98
97
31
33
238
33
86
46
111
85
118
33
37
91
90
104
80
73
36
97
90
61
100
115
256
36
48
79
60
105
52
77
87
71
47
89
100
81
39
101
