95
453
431
161
310
331
310
310
311
434
310
437
434
338
332
435
434
434
434
311
340
307
427
396
434
434
307
205
478
431
368
342
338
305
307
327
341
485
305
399
432
214
326
427
427
304
354
432
431
304
417
327
184
358
485
150
258
426
205
121
304
406
476
375
331
378
463
426
26
232
250
42
158
163
177
397
216
453
356
321
272
54
406
162
303
134
361
364
244
372
153
254
487
229
231
270
180
121
192
81
207
54
67
24
85
34
101
183
166
156
193
48
24
34
44
262
157
259
196
70
58
136
190
184
154
201
154
181
169
147
168
144
72
117
184
133
146
178
232
246
259
207
111
144
244
189
262
191
196
60
188
224
204
175
188
205
121
196
168
144
184
181
220
119
184
170
122
112
182
201
174
136
190
147
227
263
192
202
204
180
215
186
211
196
157
178
193
46
196
227
221
452
430
160
309
330
309
309
311
433
309
436
433
338
331
435
434
434
434
311
339
307
426
395
433
433
306
205
477
431
367
341
338
305
306
327
340
485
305
399
431
214
325
426
427
304
353
431
430
304
416
327
183
357
485
150
257
425
204
121
304
406
476
374
330
378
463
425
26
232
250
42
157
162
177
397
216
452
356
320
272
54
405
162
302
133
360
364
244
371
153
254
486
229
231
270
179
121
192
80
207
53
66
24
84
34
101
183
165
155
192
48
24
34
44
262
156
259
196
70
58
135
190
183
153
200
154
180
169
146
168
144
72
116
184
133
146
177
232
245
259
206
110
143
243
189
262
191
196
59
187
224
204
174
187
204
121
198
167
144
184
180
220
119
183
170
122
112
182
201
174
136
190
146
226
262
191
202
204
179
215
186
210
196
156
178
192
45
196
227
220
