99
452
161
432
309
310
310
310
434
339
434
310
335
428
338
331
434
427
434
425
437
434
396
433
435
306
433
335
308
205
306
485
369
431
427
431
477
327
326
345
305
338
399
341
431
214
417
354
326
425
304
304
324
259
304
205
406
485
375
216
232
184
304
134
150
250
120
26
42
325
304
406
397
378
356
272
359
178
158
231
161
164
54
321
304
153
462
194
134
253
44
372
487
244
486
212
361
42
318
396
180
192
124
85
67
54
43
85
262
183
30
151
232
166
207
24
243
48
262
101
37
196
64
195
154
74
196
136
190
166
72
202
154
220
113
184
162
175
156
117
181
184
140
141
146
186
207
186
204
244
259
148
224
205
175
121
61
169
136
184
191
190
215
188
170
188
119
122
196
176
202
174
183
147
263
196
201
113
227
204
182
192
227
220
178
180
200
178
190
101
157
34
238
49
158
186
176
211
160
452
161
431
309
310
310
310
434
338
434
310
335
427
338
330
433
427
433
424
437
433
395
433
435
306
433
334
308
204
306
485
369
431
427
431
477
327
325
344
305
337
398
340
431
214
417
354
325
425
304
304
324
259
304
205
405
485
375
216
232
184
304
134
149
250
120
26
42
324
304
406
396
378
355
272
359
178
158
230
161
163
53
320
304
152
462
194
134
253
43
372
487
243
486
212
361
42
317
395
179
192
124
85
67
54
43
85
262
183
30
151
231
166
206
24
243
47
261
101
36
196
63
194
154
74
195
136
189
166
72
202
153
217
113
184
162
175
156
117
180
184
140
140
145
185
207
185
204
244
259
148
224
205
174
121
61
169
135
183
191
190
215
187
169
188
118
121
195
176
201
174
183
147
263
196
201
113
227
204
181
191
226
220
177
179
200
178
189
100
157
33
237
48
158
185
176
211
159
