98
216
446
451
401
445
266
216
203
216
403
447
290
216
415
221
216
213
216
401
64
70
451
67
205
447
60
223
39
34
349
263
341
430
73
445
85
97
314
259
85
98
235
77
405
486
222
410
224
219
378
203
475
141
36
240
84
47
216
243
206
331
223
82
58
221
400
478
184
289
444
391
351
364
265
259
158
329
203
133
221
217
293
402
210
264
300
201
464
392
216
354
77
138
57
88
475
233
377
160
72
60
72
87
76
178
59
202
82
99
31
226
42
76
190
26
212
41
64
102
109
79
76
260
104
58
93
104
107
66
26
34
91
245
91
106
39
91
55
91
96
69
98
73
98
24
124
109
82
25
97
70
81
82
40
107
238
33
112
32
34
104
114
48
31
86
37
97
233
79
97
97
106
37
91
46
48
101
86
260
87
62
91
48
29
101
58
101
250
222
80
82
87
25
74
39
72
216
445
451
401
444
266
216
203
216
403
446
290
216
415
220
216
213
216
401
63
70
450
66
205
446
60
223
39
34
349
263
341
430
72
444
85
97
314
259
84
98
235
76
405
486
221
410
224
219
378
203
475
141
36
240
83
47
216
243
206
330
223
82
58
221
400
478
184
289
444
390
351
364
265
259
158
328
203
133
221
217
293
402
209
264
300
201
464
392
216
355
77
138
56
88
475
233
377
160
71
60
72
87
76
178
59
202
81
98
30
226
42
75
190
26
212
41
63
102
109
79
75
259
104
58
92
104
107
66
25
34
90
245
90
106
39
91
54
90
96
69
97
72
97
24
124
108
82
25
97
70
81
82
39
107
238
33
111
31
34
104
114
48
31
85
37
97
233
78
97
97
106
37
91
45
48
101
85
260
87
62
90
48
29
100
58
100
250
222
80
82
87
25
73
39
72
