93
452
432
434
310
310
338
310
434
437
309
339
434
311
435
310
335
434
434
433
396
335
427
307
205
434
166
307
369
431
306
431
336
122
338
478
345
305
484
326
399
427
304
327
431
327
326
341
476
213
378
326
304
304
462
485
126
304
259
204
184
325
426
324
417
406
226
26
359
216
139
250
360
73
397
231
110
47
406
304
54
153
453
272
160
178
150
375
372
436
356
305
158
117
180
124
183
54
64
166
75
85
101
85
262
24
24
193
43
151
37
48
73
196
205
259
151
190
61
187
136
202
154
166
113
193
190
182
184
156
120
72
171
184
235
256
161
141
262
183
141
196
152
184
193
205
244
180
61
210
190
224
178
191
204
204
148
186
121
190
119
198
136
214
170
188
233
174
227
241
119
202
176
192
178
192
263
198
201
189
168
157
208
147
110
112
180
451
432
434
310
310
338
310
434
437
309
338
434
311
435
310
335
434
434
433
395
334
426
307
204
434
166
307
368
431
305
431
335
122
337
477
345
305
484
325
399
427
304
326
431
326
325
341
476
212
378
325
304
304
461
485
126
304
259
203
184
324
426
324
417
406
226
26
358
215
139
250
360
73
397
231
109
47
405
304
54
153
452
271
159
177
149
375
371
435
356
305
158
116
179
124
183
54
64
166
75
85
101
85
262
24
24
192
43
151
37
48
73
195
205
259
150
189
61
187
136
201
154
165
113
193
190
181
183
155
120
72
171
184
235
256
161
141
262
183
141
195
151
183
192
205
243
179
61
209
190
224
177
191
204
204
148
185
121
189
119
197
135
214
169
187
233
174
227
241
119
202
175
192
178
191
262
197
201
188
167
157
207
147
110
111
180
