92
432
161
425
309
310
310
310
310
434
339
331
335
338
437
434
434
434
434
433
307
433
335
307
485
205
369
306
478
431
431
427
327
326
345
338
399
305
214
341
432
326
304
304
304
354
205
328
259
485
406
397
304
232
216
178
375
378
324
134
250
42
26
178
304
120
359
321
406
325
272
150
232
158
356
161
164
361
304
193
305
55
254
244
188
153
44
487
303
372
261
212
42
124
192
262
85
67
54
43
30
85
262
207
151
166
101
24
48
37
183
64
154
75
196
136
72
190
202
166
184
154
113
217
165
175
156
181
187
120
146
140
135
186
205
244
259
209
175
263
224
58
121
175
190
184
136
190
169
183
148
215
170
122
119
200
176
188
198
227
202
196
263
188
227
113
147
203
182
188
216
200
110
194
193
238
187
178
101
46
226
157
209
158
176
431
161
425
309
310
310
310
310
434
338
331
334
337
437
434
434
434
433
433
307
433
335
307
485
205
369
306
477
430
430
426
327
326
344
337
398
305
214
340
431
326
304
304
304
354
205
327
258
485
406
396
304
232
216
178
375
378
324
133
250
42
26
177
304
120
358
321
409
324
272
150
231
158
356
160
163
361
304
193
305
54
254
243
187
153
44
487
303
372
260
212
42
123
191
262
85
67
54
43
30
85
262
207
150
166
101
24
48
37
182
64
154
75
196
136
72
190
201
166
183
153
112
213
165
175
156
181
187
120
146
139
134
186
205
243
259
209
175
262
223
58
120
174
190
184
136
189
169
182
147
215
170
121
119
200
176
188
197
227
192
196
262
187
227
112
146
203
182
188
215
199
110
193
193
238
186
178
100
46
226
157
208
158
176
