80
129
393
454
109
129
86
476
129
132
425
258
129
326
71
132
85
56
132
394
245
337
58
294
70
319
339
136
306
97
66
465
256
130
431
101
130
105
174
441
196
338
401
130
131
164
380
394
130
136
382
412
443
186
93
111
317
465
142
296
393
78
157
304
300
188
357
276
487
314
33
86
115
244
131
478
319
344
356
385
412
118
238
42
61
140
55
33
172
61
28
63
161
42
41
28
41
59
42
42
59
35
44
38
52
32
188
246
55
64
62
32
41
184
44
51
205
74
63
28
65
49
248
194
256
54
240
53
215
81
250
34
41
69
76
50
62
44
28
28
261
25
68
43
68
37
37
261
53
42
52
66
71
42
71
249
52
238
26
29
60
129
393
453
109
129
86
475
128
132
424
258
129
325
71
131
85
56
131
394
245
336
58
294
69
318
338
136
306
96
66
464
256
130
430
100
129
104
173
440
195
337
400
129
130
163
380
393
130
135
381
412
442
185
92
111
316
464
141
296
392
78
156
304
300
188
356
276
486
314
33
86
115
244
130
477
319
343
355
384
412
118
237
42
61
128
55
32
171
60
28
63
160
41
41
27
41
59
42
41
59
35
44
38
52
32
188
246
54
63
62
32
40
184
44
50
205
74
63
27
64
49
247
194
255
54
239
53
215
81
250
34
40
69
76
49
62
44
28
27
260
24
67
43
68
37
37
261
52
42
52
66
71
41
70
249
51
238
25
29
59
