96
451
266
446
216
401
445
294
404
208
447
216
70
214
221
206
216
64
67
415
223
217
401
452
35
350
73
216
97
341
406
43
263
141
430
85
36
79
217
60
203
220
235
240
84
330
406
224
379
206
85
487
222
99
221
84
313
221
61
259
266
464
478
475
313
444
195
184
82
221
266
244
217
210
217
384
403
396
56
364
293
57
292
351
262
330
278
377
476
447
175
414
390
139
89
391
200
61
76
72
160
72
87
29
82
59
99
175
102
26
76
76
186
61
79
41
58
220
41
109
100
108
91
210
109
26
98
112
66
70
37
55
80
69
232
101
25
109
96
82
40
33
27
34
82
109
91
73
98
91
44
104
42
123
121
91
106
59
86
98
24
236
52
37
79
86
55
25
256
91
244
100
62
31
111
97
39
87
89
97
42
46
79
72
74
262
25
88
90
82
25
80
99
451
266
445
216
401
444
294
403
207
446
216
70
214
220
205
215
63
67
414
222
217
401
451
34
350
72
215
97
340
405
43
262
140
429
84
35
79
216
60
203
220
234
239
83
329
405
224
379
205
85
486
222
99
220
84
312
221
61
259
266
464
478
474
312
443
195
183
82
220
265
243
216
210
216
383
403
396
56
364
293
56
291
350
261
329
277
376
476
446
174
413
389
138
88
390
200
61
76
72
160
72
86
29
81
59
98
174
102
25
75
76
186
61
78
41
58
219
40
108
100
107
90
209
109
26
98
111
65
69
37
55
80
69
231
101
24
108
95
81
39
32
27
34
82
108
90
72
98
90
44
103
42
123
120
91
106
58
85
97
24
235
52
36
78
85
55
24
255
91
243
99
61
31
110
97
39
87
89
97
42
46
78
71
73
261
24
87
90
82
24
79
99
