97
216
446
401
451
445
266
216
203
216
403
216
415
447
213
221
290
216
401
61
42
451
205
67
349
64
39
341
223
263
430
73
97
85
85
259
378
77
314
98
235
411
224
222
405
220
203
486
141
73
475
330
240
36
216
84
444
243
313
264
329
223
289
66
364
206
221
400
55
477
184
83
351
391
158
203
259
210
217
482
402
201
221
366
264
464
300
475
135
392
377
77
294
368
242
217
138
57
160
72
72
60
87
76
178
59
202
82
226
42
99
26
76
31
212
41
104
109
109
76
79
107
64
93
26
58
66
34
91
106
55
91
91
82
69
39
91
96
24
125
98
98
109
25
73
70
109
97
33
82
81
238
40
239
33
24
106
46
34
97
119
97
112
48
31
115
86
37
104
97
79
91
48
37
91
260
259
62
102
86
24
48
58
29
74
101
101
72
80
87
111
107
250
82
87
215
446
401
451
445
266
215
203
216
403
216
414
447
213
221
290
216
401
60
42
451
205
66
349
64
38
341
223
263
429
73
97
85
85
259
377
77
314
98
235
411
223
222
405
220
203
486
141
72
475
330
240
35
216
84
443
243
313
264
329
223
289
65
364
206
221
400
54
477
184
82
351
391
157
203
259
210
217
482
402
201
221
366
264
464
300
475
134
392
377
77
294
367
242
217
138
56
160
72
72
60
86
76
177
59
202
81
226
41
99
26
76
31
212
41
104
108
108
76
79
106
64
93
26
58
66
34
90
105
55
91
91
82
69
39
91
96
24
124
98
97
109
25
72
70
109
97
33
82
81
238
40
239
33
24
106
46
34
97
118
97
112
48
31
114
85
37
104
96
79
90
48
37
91
260
258
61
101
86
24
48
58
29
73
101
100
72
80
87
110
107
250
82
87
