89
452
161
432
309
310
427
310
339
310
434
310
434
335
338
331
434
437
434
396
433
306
433
335
308
205
306
369
485
431
431
327
478
345
338
305
431
214
341
354
326
304
304
324
304
259
485
405
205
375
216
184
232
250
150
120
26
406
42
304
397
378
134
325
272
359
161
321
158
178
356
164
232
54
304
153
194
134
253
44
372
487
244
212
486
361
318
42
396
261
180
192
124
85
67
258
54
262
43
85
30
183
151
166
207
48
101
37
196
64
154
74
196
136
190
166
202
72
154
113
162
184
156
181
117
141
146
140
207
186
244
259
148
205
224
61
119
175
169
136
191
184
170
188
188
119
202
122
176
174
183
215
196
263
196
204
227
113
201
147
182
227
192
217
178
200
178
190
101
157
34
238
158
49
186
211
176
160
209
452
160
431
309
310
427
310
339
310
434
310
434
335
338
330
434
437
434
396
433
306
432
334
308
204
305
369
485
430
430
327
478
345
337
305
430
213
341
353
325
303
304
323
304
258
485
405
204
374
215
183
232
250
150
120
25
410
42
304
397
377
134
324
272
358
161
321
158
177
356
163
231
54
304
152
193
134
252
44
371
487
244
211
486
361
317
42
395
260
180
191
123
85
67
258
54
262
43
85
30
182
150
166
206
48
100
37
196
64
153
74
196
136
189
165
201
72
154
113
161
183
155
180
117
140
146
139
206
185
243
259
147
205
224
60
118
174
169
136
190
183
170
187
188
119
189
121
176
174
183
215
196
263
195
204
227
113
201
146
181
227
192
216
178
199
177
190
100
156
34
238
158
49
185
211
175
159
209
