83
452
432
434
310
310
310
437
339
310
310
434
161
332
434
434
435
338
433
427
396
433
369
205
307
431
342
335
478
431
338
485
326
397
341
305
431
427
307
463
326
178
354
427
214
325
124
378
304
304
304
417
205
232
140
426
485
475
303
303
406
250
426
216
331
42
375
26
55
126
406
272
453
397
361
232
158
165
188
113
153
436
228
254
181
124
183
67
54
78
101
262
43
27
85
191
156
37
48
194
166
75
259
196
59
202
190
136
154
154
193
184
113
181
72
171
181
143
120
138
235
88
181
181
190
209
246
146
205
194
184
172
256
205
189
175
184
218
204
58
199
190
244
121
170
220
136
144
122
169
119
193
205
202
263
192
171
188
227
113
181
184
208
178
210
196
193
452
432
434
310
309
310
436
339
309
309
433
161
332
434
434
435
338
433
427
396
433
369
205
307
430
342
335
477
431
338
484
325
397
341
304
430
427
307
463
325
178
353
426
213
324
123
378
303
303
304
417
204
231
139
426
485
474
302
303
405
250
426
215
331
41
374
26
54
125
406
272
453
396
361
232
158
165
188
112
152
435
227
254
181
123
183
67
54
78
101
262
43
26
84
190
155
36
48
194
165
74
259
196
59
201
190
136
153
154
192
183
112
180
72
170
181
143
120
138
234
87
181
183
190
208
245
146
205
193
183
168
256
204
188
175
184
218
204
57
198
189
244
120
170
220
136
144
121
169
118
192
205
201
262
192
170
187
226
113
180
183
207
177
210
195
193
