91
452
432
161
309
310
310
310
425
434
434
339
310
338
332
331
434
437
434
396
433
307
435
433
335
341
205
307
306
485
369
431
342
431
326
338
305
478
214
432
417
354
326
304
304
304
426
205
259
406
485
397
304
232
375
184
378
216
26
250
42
331
134
304
120
462
321
150
325
356
272
359
178
341
158
232
161
164
194
55
254
153
361
44
244
487
486
212
318
134
321
261
180
124
192
85
67
54
43
262
85
183
262
30
166
156
207
24
101
37
198
64
154
193
74
196
145
190
136
166
72
202
154
155
113
175
181
117
184
146
135
189
207
186
259
244
205
204
175
224
121
61
175
190
184
169
191
183
136
119
170
122
144
215
176
188
181
227
188
196
147
263
197
201
135
113
227
203
182
200
193
193
178
186
101
238
34
49
158
211
178
146
209
452
431
161
309
310
310
310
424
433
433
339
310
338
332
330
433
436
434
395
432
307
434
432
335
341
205
306
306
485
369
431
342
430
325
337
304
477
213
432
416
353
325
304
303
304
426
204
258
405
485
396
304
232
374
184
377
215
25
250
42
331
133
304
119
461
321
150
325
356
272
359
178
341
158
231
161
164
194
54
254
153
361
43
243
487
486
211
317
134
321
261
179
124
192
85
67
54
43
261
84
182
261
30
166
156
206
24
101
37
198
64
154
192
73
195
145
190
135
166
72
201
153
155
113
174
181
117
183
146
135
188
206
186
259
244
205
204
175
223
121
60
174
190
184
169
191
182
135
119
170
121
144
214
176
188
180
227
188
195
146
262
196
201
135
113
227
203
182
200
193
193
178
185
101
238
34
49
157
210
178
146
209
