93
216
451
446
401
445
403
203
293
266
414
221
42
451
213
64
69
401
447
217
67
349
39
223
410
204
97
85
141
36
263
219
314
430
77
84
98
406
73
378
235
59
85
240
444
258
203
341
224
313
475
264
222
364
486
398
221
206
293
223
329
477
243
66
330
83
221
210
391
158
184
476
351
201
56
403
263
292
377
258
464
365
447
277
193
392
203
57
390
138
382
133
233
77
160
60
72
72
87
82
59
28
76
42
76
109
107
26
61
103
41
97
209
79
107
93
58
24
76
109
55
70
82
66
109
39
34
69
40
91
98
91
82
96
104
91
82
236
91
25
26
124
24
98
106
98
97
73
31
48
112
38
34
46
86
33
119
32
104
86
91
80
91
37
73
97
102
115
62
48
89
72
37
58
24
262
79
52
101
48
87
90
82
105
101
39
81
216
450
446
401
445
403
202
293
266
414
220
42
450
213
64
69
400
447
216
66
348
39
222
410
203
97
85
141
35
262
218
314
429
77
84
97
405
72
378
235
59
84
239
444
258
202
340
224
313
474
263
222
363
486
397
220
206
292
223
329
476
243
66
330
82
221
210
391
158
184
475
350
201
56
403
262
291
376
257
463
365
446
277
192
392
202
56
390
138
382
133
233
76
160
59
71
72
86
81
58
28
76
42
75
108
107
26
60
103
41
97
220
79
106
93
57
24
76
109
55
69
82
65
108
39
34
69
39
90
97
90
81
96
103
90
81
235
90
25
26
124
24
98
105
98
96
72
31
47
111
37
33
46
86
33
118
32
104
85
91
80
91
37
72
96
102
114
62
48
89
71
37
58
24
262
79
51
101
47
87
89
81
104
101
38
80
