97
216
446
451
401
445
266
216
203
216
447
403
290
415
216
216
221
213
216
401
64
205
61
445
451
67
223
39
341
34
349
263
430
73
85
97
314
259
85
235
98
77
222
405
486
219
410
224
475
378
203
141
330
36
240
73
84
47
216
243
206
223
221
83
400
58
478
289
364
391
184
351
265
329
259
158
203
444
210
217
221
135
402
264
300
296
201
392
464
216
381
77
138
57
88
475
233
377
160
72
60
72
87
76
178
59
202
99
82
31
42
190
226
76
26
212
41
64
76
104
245
109
79
58
93
26
104
107
66
34
91
91
106
39
91
55
96
91
69
98
98
73
109
24
124
98
82
25
70
33
81
82
109
40
107
238
33
112
34
48
104
31
114
86
97
97
79
37
97
106
46
37
91
48
233
91
260
86
101
62
48
29
85
101
101
58
250
216
80
82
87
25
74
39
72
215
445
451
401
444
266
216
202
216
446
403
290
415
216
216
220
213
216
401
64
204
61
444
450
67
222
39
341
34
349
263
430
73
85
97
314
258
85
235
98
77
222
405
486
219
410
224
474
378
203
141
329
36
240
73
84
47
216
242
206
222
221
83
400
58
477
289
364
391
184
351
265
328
259
158
203
444
210
217
220
135
402
264
300
296
200
392
464
216
384
77
138
57
88
475
232
377
160
71
60
72
86
76
178
58
201
98
82
30
42
189
226
76
25
212
41
64
75
104
244
109
79
57
93
25
104
107
66
34
91
91
106
39
90
55
95
91
69
97
98
72
109
24
123
97
82
24
70
33
81
82
109
40
107
238
32
111
33
48
104
31
114
86
97
97
79
37
97
106
45
36
91
47
233
91
260
86
101
62
48
29
85
100
100
58
250
215
80
82
87
25
73
38
72
