51
455
437
435
338
164
341
345
313
437
334
310
330
441
307
481
345
378
487
436
435
341
213
329
306
331
307
164
310
364
49
181
24
263
275
409
219
191
161
487
253
259
59
399
308
116
124
256
223
137
154
222
165
165
106
136
175
151
256
37
51
190
133
256
85
98
166
246
151
54
96
139
166
134
174
262
246
229
188
71
175
104
175
104
206
249
102
120
173
98
43
117
262
177
148
219
189
173
175
131
200
263
146
454
436
434
337
163
340
345
312
436
333
309
329
440
307
480
344
377
486
435
435
340
213
328
305
330
306
163
310
363
48
180
24
263
274
409
219
190
160
486
253
258
58
398
307
115
123
255
223
136
153
221
165
164
106
135
175
151
252
37
50
189
132
256
85
97
165
245
151
53
96
138
165
134
173
262
245
229
187
71
174
104
175
103
206
249
101
119
172
98
43
117
262
176
148
219
189
173
174
131
199
262
145
