98
452
432
434
310
338
310
310
434
437
309
339
434
311
435
310
332
331
434
434
433
396
311
307
427
205
434
166
335
307
368
122
431
306
431
338
342
478
341
484
326
305
399
427
304
431
427
326
327
354
304
304
476
214
378
126
204
462
304
259
426
485
325
184
417
406
232
26
160
331
216
140
250
427
361
231
91
397
304
304
321
47
272
406
178
453
54
436
305
113
371
150
372
153
250
158
134
396
212
180
124
183
54
166
64
75
85
101
85
262
24
24
193
34
156
207
37
48
73
196
44
151
259
190
61
187
196
136
202
190
154
166
113
182
154
184
142
72
171
120
184
235
256
141
246
181
262
209
205
244
196
146
183
207
178
180
190
224
204
61
195
191
186
121
184
119
198
144
136
213
170
223
188
227
197
174
223
176
226
119
263
202
201
192
192
210
110
208
171
189
157
178
132
112
179
163
158
452
432
434
310
338
310
310
434
437
309
339
434
311
434
310
332
331
434
434
433
396
311
307
426
205
434
165
335
307
368
122
431
306
431
338
341
477
340
484
326
305
399
426
304
431
426
326
327
354
304
304
476
214
378
126
203
462
303
258
425
485
325
184
417
406
231
26
160
331
216
140
249
426
361
230
91
397
304
304
321
47
271
405
178
452
53
435
305
113
370
149
371
152
249
158
134
396
211
179
124
183
54
165
64
75
85
101
85
262
24
24
192
34
156
207
37
48
73
196
44
151
259
189
61
186
196
136
202
190
154
166
113
181
154
184
141
72
171
119
184
235
256
141
245
180
262
209
204
243
196
146
183
207
177
179
189
223
203
61
195
190
186
120
184
119
197
144
135
212
170
222
187
226
196
174
222
175
226
118
262
202
201
192
191
209
110
208
170
188
156
178
131
112
179
162
157
