99
401
451
216
446
445
403
447
203
415
216
266
216
293
221
451
42
216
216
213
69
64
216
401
447
263
97
223
349
67
410
204
313
85
37
141
84
219
430
73
98
405
234
36
444
240
378
59
77
85
258
203
341
224
475
486
313
221
264
222
364
399
329
216
223
478
329
221
206
66
243
293
158
82
210
391
476
184
293
403
201
351
56
365
217
258
264
277
464
193
418
383
57
377
203
390
393
138
233
135
72
60
160
72
87
82
260
59
42
178
76
205
28
76
107
109
191
226
26
103
64
215
41
97
66
109
58
107
79
24
76
39
55
85
70
40
109
34
91
91
101
96
97
236
82
82
104
69
91
91
25
26
124
98
73
24
48
106
98
97
31
33
238
34
86
46
86
112
119
33
38
91
104
91
80
73
37
90
62
101
97
115
24
256
37
48
79
60
52
77
105
87
72
48
90
101
82
39
101
401
451
216
446
445
403
447
202
414
216
266
216
293
221
451
42
216
216
213
69
63
216
401
447
263
96
222
348
66
410
204
313
84
36
140
83
219
430
72
97
405
234
35
443
239
377
59
76
84
257
202
340
224
474
486
312
220
263
222
363
399
328
215
223
477
329
221
206
66
243
293
157
82
210
391
476
184
293
403
200
351
56
364
216
258
263
277
464
193
417
383
57
377
202
389
393
137
233
134
71
60
160
71
86
82
259
58
41
178
76
205
28
75
106
108
191
225
26
103
64
215
41
97
65
109
58
106
79
24
75
39
55
85
70
40
109
33
90
90
100
95
97
235
81
82
104
69
90
90
25
25
123
98
72
24
47
106
98
96
31
32
237
34
86
46
85
112
118
32
37
90
104
91
80
72
37
90
61
101
97
115
24
255
37
47
79
59
51
77
104
87
71
48
90
100
82
38
100
