91
452
434
432
310
310
309
310
437
339
338
434
310
434
332
335
435
434
434
433
342
396
433
427
431
306
205
368
160
335
484
431
124
397
326
305
214
338
477
341
431
354
418
427
328
140
304
475
462
304
231
323
304
378
426
125
325
178
304
204
321
216
406
259
485
325
375
304
250
158
153
427
304
406
26
178
47
55
156
356
150
453
358
325
232
188
305
304
258
487
219
437
181
183
124
75
54
85
64
101
262
166
85
27
24
156
205
193
37
48
75
154
196
61
259
154
166
190
201
189
193
72
113
194
181
175
120
146
181
186
143
138
207
186
246
263
218
256
199
180
205
184
146
244
184
204
205
205
190
190
178
227
135
121
224
58
195
168
176
170
113
179
217
217
202
119
200
119
192
200
148
189
191
196
185
227
184
110
229
234
31
161
210
451
433
431
310
309
309
309
436
339
337
433
309
434
332
335
434
434
434
432
341
396
433
427
430
306
204
367
159
334
483
430
123
396
325
305
213
337
476
340
430
354
417
427
328
140
303
475
462
303
230
322
304
378
426
124
325
178
303
203
320
215
406
258
485
324
375
304
250
158
152
427
304
405
26
177
47
54
156
356
150
452
357
325
231
187
305
304
257
487
219
436
180
182
123
74
53
85
63
100
262
165
84
27
24
156
205
192
36
47
74
153
196
61
259
154
166
190
201
188
193
71
112
194
181
174
120
146
180
186
142
137
207
185
246
262
217
256
199
179
204
184
146
244
183
204
204
205
189
189
177
227
135
120
224
57
195
168
175
170
113
179
217
216
202
119
200
119
191
200
147
189
191
196
185
226
183
109
229
234
31
161
210
