80
401
451
216
446
445
403
203
415
216
266
451
221
293
42
216
69
213
64
401
447
447
263
349
223
67
410
204
37
141
219
73
430
234
240
77
378
341
59
406
203
258
224
475
486
221
264
222
364
329
216
223
478
329
221
66
206
243
293
444
391
201
210
476
403
351
293
56
217
258
277
264
464
383
418
57
377
390
393
203
233
72
60
160
72
87
82
59
42
178
76
107
76
28
109
226
103
26
64
41
97
260
66
107
58
79
24
76
85
70
109
91
34
96
82
69
82
26
104
98
25
91
124
98
73
48
106
98
97
33
238
34
86
46
86
119
112
33
38
233
80
101
91
73
62
97
90
115
256
37
79
48
60
105
77
87
72
90
101
48
39
401
451
216
446
444
403
202
415
216
265
451
221
293
41
216
68
212
63
400
447
446
263
349
223
67
409
203
36
140
219
72
430
234
240
76
377
341
59
405
202
258
224
475
485
221
263
222
363
329
216
223
478
329
221
66
206
242
293
444
391
200
210
476
403
350
292
56
217
257
277
263
464
383
417
57
377
390
392
203
232
72
60
160
71
86
82
58
41
183
76
106
76
28
109
226
103
25
63
40
97
259
65
106
58
79
24
76
85
69
108
91
34
95
81
69
81
25
103
97
25
91
124
97
73
47
105
97
97
33
238
34
86
45
85
119
112
33
38
233
79
101
90
73
61
96
89
115
256
36
79
48
59
105
76
87
72
89
100
48
38
