96
452
432
434
310
310
338
310
434
437
309
339
434
311
435
310
335
331
434
434
433
396
205
427
166
434
335
307
368
431
122
306
338
431
478
345
484
127
326
305
399
427
304
327
431
326
341
327
304
354
304
213
476
378
462
259
304
485
204
434
184
325
324
417
406
232
139
26
216
426
250
360
232
397
54
47
304
304
113
321
406
110
453
76
160
91
178
153
305
375
372
356
117
134
304
158
396
180
124
183
54
64
166
75
85
101
85
262
24
24
193
43
151
207
37
48
73
196
190
259
187
61
196
136
202
154
190
166
182
113
184
156
72
206
171
120
184
235
256
161
141
183
141
262
205
209
244
152
196
184
180
224
190
61
178
208
191
195
148
186
121
184
214
119
136
220
170
188
228
174
192
119
176
223
208
226
202
241
192
233
198
197
201
178
110
168
157
147
180
179
234
112
163
451
431
434
310
310
338
310
434
437
309
338
434
311
434
310
334
331
434
434
433
395
204
427
166
434
335
306
368
431
122
305
338
431
478
345
484
127
325
304
399
426
304
326
431
325
341
327
303
354
303
212
475
378
461
258
303
485
203
433
183
324
323
416
406
231
139
25
215
425
249
360
231
397
53
46
304
303
113
320
405
110
452
76
159
91
178
152
305
375
372
356
117
133
303
158
396
179
124
182
54
64
166
75
85
101
84
261
24
24
192
43
151
207
37
48
73
196
190
258
186
61
195
135
202
154
189
165
181
113
183
156
72
205
171
120
184
235
256
161
141
182
141
261
204
209
243
151
196
184
179
223
189
61
178
208
191
194
147
186
121
183
214
118
135
219
170
188
228
174
191
119
175
223
207
226
202
241
191
233
198
196
201
178
109
168
157
146
179
178
234
112
163
