95
452
432
434
310
310
338
310
339
434
435
311
310
335
437
434
396
331
433
433
205
433
307
425
310
335
345
307
485
431
166
478
431
307
369
327
338
432
397
305
326
427
427
214
354
304
304
462
341
304
135
304
431
485
178
139
259
418
304
426
476
324
426
216
325
378
204
406
232
361
375
42
272
250
303
178
453
26
406
232
139
356
304
134
160
436
158
321
150
55
44
153
397
253
212
487
180
123
183
84
54
166
64
262
85
193
24
43
151
101
43
196
207
64
54
190
75
157
262
74
196
156
136
72
154
187
184
113
147
202
165
181
133
181
123
178
235
250
146
209
113
205
180
140
190
250
259
144
58
190
214
221
186
244
217
196
148
204
136
195
183
178
121
184
190
168
122
263
170
180
200
192
119
202
227
226
147
223
179
198
208
113
227
189
194
101
178
171
190
158
34
451
432
433
310
309
338
309
339
433
434
311
309
334
437
434
395
330
433
433
204
433
306
424
310
334
344
307
485
431
165
477
431
306
369
327
337
432
396
304
326
426
426
214
353
304
304
461
340
304
135
303
431
485
177
138
258
418
304
426
476
324
425
215
324
377
203
406
231
360
374
41
271
249
302
177
452
26
406
231
138
355
304
134
159
435
158
320
149
55
43
152
396
252
212
487
180
122
182
83
53
165
63
262
85
193
24
42
150
101
43
195
207
64
54
190
75
157
262
73
196
155
136
72
153
186
183
112
147
202
165
181
133
180
123
178
234
250
145
209
113
205
180
139
190
249
258
144
58
190
214
221
185
243
216
196
148
204
135
195
183
178
120
183
189
168
121
262
169
180
199
191
119
201
226
223
147
222
178
198
207
113
226
188
193
101
178
171
189
157
34
