85
393
129
475
85
130
257
75
423
114
129
453
89
66
394
131
325
97
58
400
33
135
465
69
27
130
338
337
54
431
114
46
316
441
458
41
396
173
129
46
100
67
68
297
337
140
255
130
294
27
38
245
300
306
189
316
276
130
406
157
378
465
110
357
73
140
45
394
165
86
444
184
151
477
455
91
443
384
224
255
447
298
394
315
195
131
238
117
33
55
31
63
41
28
62
136
42
41
251
45
61
42
67
62
248
245
246
30
52
259
43
185
35
49
44
73
242
32
28
261
262
228
63
199
221
52
261
62
28
49
27
40
256
38
24
232
59
225
55
61
62
261
221
258
66
242
46
52
43
31
51
252
34
53
66
263
76
56
252
73
241
41
29
82
51
247
65
261
45
74
71
393
129
475
85
130
257
74
423
114
129
453
89
66
394
131
325
97
57
400
33
135
465
68
27
130
338
337
53
431
114
46
316
441
458
41
396
172
128
46
99
67
67
297
337
140
255
130
294
26
38
244
301
306
189
316
276
129
405
156
378
464
110
356
72
140
45
394
165
86
444
184
151
477
455
91
443
384
224
254
446
298
394
314
195
131
238
117
32
54
30
62
41
27
61
139
42
41
250
44
61
42
67
61
247
244
246
30
52
258
42
185
35
48
44
73
241
32
27
261
262
227
63
199
221
52
261
62
28
49
27
39
255
38
24
232
58
224
54
60
62
261
221
258
65
241
45
51
42
31
51
251
34
53
66
262
75
55
251
72
241
41
29
81
50
247
65
261
44
73
71
