42
483
94
91
86
481
95
89
94
91
88
480
86
312
265
326
86
90
476
193
89
477
254
405
285
409
118
427
313
238
470
211
211
358
222
104
313
185
325
475
287
103
283
38
107
86
221
122
139
96
73
150
128
103
233
262
73
74
246
117
77
124
63
162
76
140
227
116
85
75
100
127
100
139
100
36
89
107
110
177
145
66
92
86
127
460
71
68
63
458
72
66
71
68
65
458
62
303
240
304
63
67
453
169
66
454
229
382
265
405
95
403
289
215
448
188
187
337
198
80
290
202
302
452
263
80
288
38
106
85
220
125
138
95
73
149
128
100
229
261
72
73
248
116
77
124
62
162
76
143
226
113
85
74
99
126
100
139
99
33
89
106
110
176
145
65
92
86
126
