96
452
432
310
161
310
310
434
311
310
434
434
339
335
338
437
434
435
335
396
434
307
434
425
306
205
307
478
431
367
431
327
336
397
485
306
338
326
305
417
427
341
304
432
304
326
345
304
354
476
259
462
328
304
210
205
485
426
426
216
26
324
378
150
184
406
232
360
361
326
122
321
406
250
46
232
134
325
178
304
161
158
272
164
304
348
303
371
250
153
397
253
134
244
436
372
487
180
124
54
192
34
67
85
24
78
34
183
262
151
166
101
48
194
205
196
70
148
58
262
166
190
136
184
154
202
113
162
193
181
72
88
182
175
117
186
232
141
244
135
205
195
156
256
207
199
224
180
263
190
149
175
61
220
204
136
119
148
184
189
191
121
184
188
147
185
188
227
199
170
119
227
215
205
201
176
204
112
263
182
216
166
226
171
132
178
171
190
176
238
210
157
34
452
431
310
161
309
310
434
311
310
434
434
338
334
338
436
434
435
335
395
434
306
434
425
305
204
307
477
431
367
430
326
336
396
484
306
337
325
304
417
426
340
304
432
304
326
345
304
353
475
258
462
328
303
210
204
485
426
426
215
25
323
378
150
184
405
232
360
360
326
121
320
405
249
45
232
134
325
177
304
160
158
272
163
304
348
303
371
249
152
396
253
133
244
436
371
487
180
124
53
192
33
67
84
24
77
33
182
261
150
166
101
47
193
204
196
69
147
57
262
165
189
135
183
154
201
112
161
192
180
72
87
182
174
117
185
232
141
243
135
205
195
156
256
207
199
224
180
262
189
149
174
61
219
203
136
118
147
183
188
190
121
183
187
147
185
188
226
199
169
119
227
215
205
201
175
203
111
263
181
215
165
226
170
132
177
170
189
176
237
209
156
33
