83
393
476
86
258
114
325
132
132
425
454
76
34
89
132
245
27
394
337
56
114
70
46
459
432
319
463
59
101
66
299
339
174
97
256
441
42
306
49
299
380
38
130
398
403
104
66
196
93
394
111
164
487
131
443
337
193
341
317
412
476
382
66
465
101
86
392
136
299
78
188
33
94
487
420
157
456
132
344
357
444
142
385
408
238
34
55
63
60
42
28
61
28
43
41
245
41
42
59
260
42
35
59
70
52
242
261
44
32
33
44
52
62
40
185
63
64
41
28
263
55
224
29
240
232
161
227
247
74
263
65
76
53
50
54
70
263
41
50
75
209
62
34
24
250
249
44
263
66
261
81
65
25
37
52
241
53
63
68
73
71
238
37
263
29
32
258
392
476
86
258
113
324
132
131
425
453
76
33
89
131
244
27
394
336
56
113
69
46
458
431
318
462
58
100
65
298
339
174
96
255
440
41
306
49
298
380
37
130
397
403
103
66
196
93
394
111
164
486
131
443
336
192
340
317
411
476
381
65
465
101
86
392
136
299
77
187
33
97
486
420
157
455
131
343
357
444
142
385
408
237
34
55
62
59
41
28
61
27
42
41
245
41
41
59
259
42
35
59
69
52
241
261
43
32
33
43
52
62
40
185
62
63
40
28
262
55
223
28
239
231
134
226
247
74
262
64
76
53
49
54
69
260
40
50
74
208
62
34
24
249
248
43
262
66
261
80
65
25
37
51
250
52
62
68
72
70
238
37
262
29
31
257
