37
389
390
345
392
210
212
166
393
187
309
438
114
458
178
422
361
108
421
392
402
224
47
311
464
238
323
393
410
450
470
288
343
395
435
272
199
443
31
47
35
63
28
40
40
234
68
61
36
235
262
57
37
41
259
61
224
67
46
56
37
37
53
36
248
46
48
48
246
262
259
263
81
181
58
377
377
332
379
198
199
153
381
174
296
429
100
446
165
410
348
95
408
380
389
212
34
298
451
226
310
382
397
438
457
275
330
382
423
259
189
431
30
46
34
62
27
39
37
233
67
60
28
238
262
54
36
41
259
61
220
66
46
49
36
34
52
35
250
45
48
47
245
261
258
262
78
180
57
