87
452
432
434
310
310
338
434
435
339
310
434
335
434
437
396
433
331
433
425
433
310
335
307
345
485
431
166
478
431
307
327
305
367
338
432
305
397
326
427
462
427
214
304
341
304
304
354
324
485
431
328
178
304
418
476
426
121
426
216
378
325
204
361
406
375
453
272
232
250
153
42
54
303
406
26
304
356
436
321
158
232
134
44
178
487
160
253
180
123
183
84
64
166
85
193
262
43
24
151
43
101
196
64
207
54
262
75
74
196
136
156
72
154
187
184
113
147
165
169
202
181
133
123
181
178
235
180
246
146
113
140
205
256
209
148
58
144
263
190
244
186
196
217
188
204
136
183
195
178
190
121
169
190
263
184
170
178
122
192
180
202
119
226
147
208
227
113
227
178
101
200
34
198
190
452
431
434
309
310
337
434
434
339
309
433
334
433
437
396
433
330
432
425
433
310
335
306
345
484
430
165
478
430
306
327
304
367
338
431
304
396
326
427
462
426
214
303
341
304
303
354
323
485
430
328
177
303
417
476
426
121
425
216
378
324
204
360
405
374
453
272
232
249
153
41
54
302
406
25
303
355
436
320
158
231
134
44
178
487
159
252
180
122
182
84
64
166
84
192
261
43
24
150
42
101
195
63
207
53
261
74
74
195
135
155
72
154
186
183
112
146
165
168
202
180
132
123
181
178
234
179
245
146
112
139
205
255
208
147
58
144
262
190
243
185
195
216
188
203
136
182
195
175
190
121
169
189
262
184
169
178
121
191
180
201
118
225
146
207
227
113
226
178
100
199
33
197
189
