99
452
432
434
310
310
338
310
434
437
434
309
339
311
435
310
434
335
434
433
427
396
335
311
205
307
434
166
307
369
431
306
431
338
336
122
478
345
305
326
484
399
432
304
427
427
327
327
326
354
341
476
213
462
378
431
326
304
485
304
304
259
204
184
426
325
126
324
417
406
232
359
139
26
216
426
153
232
360
71
250
397
110
150
47
406
304
453
321
272
178
304
375
54
356
372
436
305
158
250
180
123
183
54
64
166
75
85
101
24
85
262
24
193
34
37
151
48
73
259
196
205
44
190
151
61
187
136
202
154
166
113
182
193
190
184
156
120
171
72
184
133
256
235
246
161
262
183
209
141
196
152
180
184
144
193
205
61
244
190
224
178
191
204
204
210
148
186
121
184
198
214
119
136
220
178
227
188
230
170
174
241
188
119
202
176
192
226
263
201
226
168
192
148
157
210
110
112
132
452
432
434
310
310
337
310
433
437
433
309
338
311
434
309
434
335
434
432
427
396
335
311
205
307
434
166
307
368
431
306
430
338
336
122
477
344
304
325
483
398
432
303
427
427
327
326
325
353
340
475
213
461
378
431
326
303
485
304
303
258
203
184
425
324
126
324
417
405
231
359
139
25
216
426
152
231
360
71
249
396
109
150
47
406
304
453
320
271
178
303
374
54
356
371
436
304
158
249
179
122
183
54
64
166
75
85
101
24
85
262
24
192
33
37
150
48
73
259
195
204
43
189
151
61
186
136
201
153
166
112
181
192
189
183
156
119
171
72
183
132
256
234
245
161
262
182
208
140
195
151
179
183
144
192
204
60
244
189
224
178
190
203
203
210
147
185
121
183
198
213
118
136
219
178
227
188
230
170
173
240
188
118
201
175
192
225
262
200
225
167
192
147
156
210
110
112
131
