39
429
426
36
186
328
428
478
429
398
373
313
179
308
327
61
219
187
264
37
155
269
58
55
115
40
70
427
484
166
202
446
73
40
165
389
347
37
372
29
111
189
93
199
44
200
80
51
70
239
200
188
75
197
207
185
177
206
200
203
217
197
179
97
165
157
176
34
185
187
260
168
155
33
51
69
145
193
190
424
422
34
182
322
423
475
425
395
371
308
175
305
323
56
215
188
261
32
152
266
54
52
111
35
65
423
481
162
199
443
67
35
164
381
345
32
363
26
111
186
92
198
44
196
79
48
69
235
197
187
74
191
204
184
176
205
200
202
216
194
176
96
161
154
175
33
184
187
259
164
155
32
47
68
144
192
189
