89
401
451
216
446
266
290
445
215
403
415
447
204
42
64
221
61
400
205
213
223
451
67
263
349
38
36
97
84
141
341
430
83
410
444
313
478
475
98
329
219
406
85
203
378
264
78
223
73
235
210
102
259
240
292
222
220
200
364
83
400
77
277
71
184
243
224
377
300
55
365
158
402
329
390
393
65
351
477
205
447
221
194
259
264
175
184
383
57
390
72
61
160
72
76
31
87
220
82
41
99
59
109
61
76
104
41
76
26
58
109
79
66
108
94
81
109
55
70
26
37
40
24
236
42
86
98
88
33
109
98
91
25
82
106
69
34
91
96
91
98
91
82
90
98
47
101
97
104
31
81
78
102
37
33
124
72
29
115
24
91
62
46
79
101
119
97
73
111
262
86
52
37
48
25
50
105
87
90
401
451
216
446
265
289
445
215
403
415
447
203
41
64
221
60
400
204
213
223
451
67
263
349
37
36
96
84
140
340
430
82
410
444
313
478
475
97
329
219
405
84
203
377
263
78
223
72
235
209
102
259
240
292
222
220
199
363
83
400
76
276
70
184
243
224
377
299
54
365
157
402
328
390
392
64
350
477
204
446
221
194
259
264
175
183
382
57
390
72
61
160
71
76
31
86
207
82
41
98
58
108
60
75
103
41
76
25
57
108
78
65
107
93
80
108
54
70
26
37
40
24
236
41
86
98
87
32
109
98
90
24
82
105
68
33
90
95
90
98
90
82
90
97
46
100
97
104
31
80
78
102
36
32
123
71
28
115
24
90
62
45
79
101
118
97
73
110
261
85
52
37
48
24
49
104
87
89
