89
446
450
113
401
445
403
293
203
266
414
221
213
64
42
61
401
451
37
204
447
67
410
97
223
349
85
141
263
314
219
430
36
73
84
406
234
98
77
378
444
486
85
203
341
222
240
258
313
475
364
264
224
398
293
221
478
329
71
243
83
223
210
330
221
184
476
158
391
292
205
58
464
351
377
263
201
365
403
259
203
277
392
193
133
57
138
390
233
77
72
61
226
72
87
82
28
59
76
42
76
26
61
109
104
41
107
85
76
97
79
24
109
58
107
55
70
66
39
109
34
97
91
40
98
96
91
69
82
236
73
91
25
26
98
82
91
24
98
97
106
124
31
38
48
86
46
102
33
104
34
91
32
86
37
73
91
80
89
112
114
58
97
72
48
101
24
62
37
48
79
101
52
101
87
82
90
39
81
446
449
118
400
444
402
293
202
265
414
220
213
64
41
60
400
450
36
203
447
67
410
97
222
348
85
141
262
313
219
430
36
72
84
406
233
98
76
377
443
485
84
202
340
222
240
257
312
474
364
263
224
397
293
221
477
328
70
243
82
223
209
330
220
184
475
157
390
291
205
58
464
351
376
262
200
365
402
258
202
276
391
193
132
56
138
389
233
76
72
61
231
72
87
82
28
58
76
42
75
26
60
109
104
41
107
84
75
97
78
24
109
58
106
54
70
65
39
108
33
96
91
39
98
96
90
69
82
235
73
91
25
26
98
81
90
24
98
96
106
124
31
37
48
86
46
102
33
103
34
90
32
86
37
73
90
80
89
111
114
58
96
71
48
100
24
61
37
48
79
100
52
101
87
81
90
38
80
