98
453
432
434
310
310
310
339
437
310
310
434
434
332
335
434
435
396
427
433
307
342
433
205
368
307
306
431
161
337
335
431
478
485
397
306
341
135
338
326
305
463
427
354
128
432
124
427
214
178
304
325
304
418
304
140
231
426
485
325
475
205
378
303
303
406
259
375
331
250
46
426
216
125
257
26
304
272
321
406
356
55
165
452
358
178
325
158
150
232
188
139
372
436
487
347
341
113
361
180
124
183
67
78
54
262
101
43
27
85
37
156
205
48
193
196
259
75
148
157
59
190
201
136
160
154
191
168
193
113
184
72
181
88
145
250
181
175
120
181
235
209
223
135
194
246
146
190
172
205
205
186
256
218
184
204
58
195
199
175
183
190
244
121
219
169
144
170
119
220
135
205
233
119
223
263
227
202
147
193
181
190
196
200
185
113
187
227
184
228
157
210
34
169
135
208
186
453
431
433
310
310
310
338
437
309
310
433
434
332
335
434
435
396
427
433
307
342
433
204
368
306
306
431
161
337
334
430
477
485
396
306
341
135
338
325
304
463
427
354
127
432
123
427
214
178
304
324
303
418
304
139
230
426
485
324
475
205
378
302
303
405
259
375
331
249
46
426
215
124
256
26
303
272
320
405
356
54
165
452
358
178
325
157
149
232
188
138
371
435
487
347
340
113
361
179
123
182
67
78
53
262
101
42
27
85
36
156
205
48
192
196
259
75
147
157
59
189
201
135
160
154
190
167
193
113
183
72
180
88
144
249
180
174
120
180
234
209
222
135
194
245
145
190
172
204
204
185
256
218
183
204
58
195
198
174
183
190
244
121
218
168
143
169
119
219
134
204
232
119
222
262
226
202
146
192
181
189
196
199
185
113
187
226
183
227
156
210
34
168
134
207
186
