49
139
140
142
96
142
336
147
142
403
267
80
403
346
141
111
436
97
184
255
315
469
200
287
307
149
125
108
141
469
348
206
487
452
449
349
458
459
161
75
253
403
418
422
174
351
169
152
195
290
130
169
61
52
28
39
246
42
238
57
55
39
36
181
50
25
37
63
58
52
258
61
261
28
80
46
64
217
41
48
72
34
26
261
191
247
44
56
262
44
53
53
37
54
203
66
29
73
73
155
155
157
112
157
351
163
157
418
282
95
418
361
155
126
451
112
200
270
331
484
216
303
322
165
140
123
156
484
363
222
485
468
465
365
472
475
175
90
268
418
433
437
167
367
184
168
210
305
129
169
61
51
28
38
245
42
240
56
58
39
36
174
50
25
37
62
58
51
258
61
261
28
80
45
63
216
40
48
71
32
26
261
191
256
43
56
262
41
52
52
37
53
203
66
29
73
73
