49
298
174
328
173
313
174
266
369
350
229
176
154
278
369
199
366
149
283
408
184
368
37
372
312
95
201
217
191
180
422
41
122
233
267
234
376
321
265
378
414
244
277
461
139
264
290
278
144
224
47
99
52
187
53
89
44
98
78
34
127
100
120
111
77
32
115
109
71
84
88
114
76
29
28
51
26
99
72
80
29
67
58
116
44
123
102
34
31
101
28
24
98
84
106
37
50
105
107
304
179
333
179
319
180
271
374
355
234
182
160
284
374
205
372
155
288
413
189
374
42
378
317
100
206
222
196
186
428
47
127
239
273
240
382
326
271
383
420
250
283
467
145
269
296
284
150
229
47
99
52
207
53
89
44
98
77
33
127
102
120
110
77
32
115
109
71
84
87
114
75
29
28
53
26
99
72
80
29
67
60
116
44
122
101
33
31
101
28
24
98
84
105
36
50
108
107
