38
314
99
82
92
243
47
300
110
185
412
455
379
325
102
264
321
428
108
469
428
467
423
327
24
184
449
377
478
378
434
317
184
171
110
400
116
154
64
24
140
29
55
51
47
255
42
49
52
34
235
36
218
257
218
262
71
243
233
33
26
263
263
219
257
206
24
263
64
194
25
57
115
45
52
57
257
311
99
79
91
242
44
299
112
181
410
450
379
323
104
263
320
427
109
467
428
460
418
328
24
183
447
377
473
377
434
317
181
168
110
399
116
150
63
27
140
31
55
54
43
254
44
51
52
36
234
38
218
257
209
262
71
243
232
35
28
262
262
219
257
208
26
262
70
191
27
57
115
48
52
59
257
