93
453
161
432
427
309
310
310
339
310
434
428
310
335
338
331
434
434
434
437
434
396
433
306
433
335
308
205
306
485
431
369
431
435
327
326
345
478
338
305
399
431
214
341
326
354
417
304
324
304
259
328
304
485
405
205
216
150
375
184
232
250
120
26
378
42
397
134
325
272
359
161
321
158
356
164
232
178
55
153
304
134
194
253
44
244
487
486
318
361
212
372
396
42
180
192
124
259
85
67
54
262
43
85
232
30
151
166
207
24
48
183
101
37
196
64
154
74
196
136
190
166
72
154
202
113
193
162
175
156
184
181
117
184
141
146
140
186
207
186
253
148
205
224
263
243
61
119
175
136
188
169
191
184
170
188
119
183
122
174
215
196
263
196
204
227
113
147
182
227
201
194
178
217
178
200
190
101
238
34
49
211
186
158
157
160
176
453
160
432
427
309
310
310
339
310
434
428
310
335
338
330
434
434
434
437
434
396
433
306
432
334
307
204
306
485
430
369
431
435
326
326
345
477
338
304
399
431
214
341
325
353
416
304
324
304
258
327
303
485
405
205
216
150
374
183
231
249
119
25
377
42
397
133
324
271
358
160
321
158
356
163
231
178
55
152
304
133
194
252
44
244
487
486
317
360
211
371
396
42
179
192
124
258
85
67
54
262
43
84
231
30
150
166
207
24
48
182
100
36
196
64
153
74
196
135
190
165
72
154
202
112
192
162
174
155
183
181
117
183
141
145
139
185
207
186
252
148
204
224
262
242
60
118
174
136
188
168
191
184
169
188
118
183
121
174
214
195
262
196
203
227
113
146
182
227
201
193
177
216
178
200
189
100
238
34
49
211
185
157
156
160
175
