80
129
476
86
258
129
129
114
325
132
129
132
129
425
454
76
129
89
132
245
394
337
56
339
114
70
432
319
463
59
136
101
66
299
174
130
256
97
441
398
306
40
299
130
100
130
395
104
196
93
130
131
50
394
111
164
131
443
337
193
317
412
465
27
86
136
298
78
188
447
420
157
276
132
33
357
344
142
456
385
356
117
34
55
63
151
130
60
42
28
172
61
140
28
43
41
161
41
42
59
42
35
59
185
70
52
44
32
33
45
246
52
62
40
63
184
41
64
28
227
55
229
29
208
260
196
238
74
65
76
226
256
224
53
50
54
236
41
50
75
62
34
44
24
66
81
65
25
37
263
63
68
261
71
52
37
238
29
74
32
25
129
475
86
257
128
129
113
324
132
128
131
129
425
453
76
128
89
131
244
394
336
56
339
114
69
431
318
462
59
136
100
65
298
174
129
255
97
440
398
305
39
298
130
99
129
394
104
195
93
130
131
50
394
111
164
131
442
336
193
317
411
465
27
86
136
297
77
187
446
420
157
275
131
33
357
343
142
455
385
356
116
33
55
63
151
130
59
41
28
172
61
139
27
43
41
160
41
41
58
42
35
59
185
70
52
43
32
33
45
246
52
62
40
62
183
40
64
28
227
55
228
28
207
260
195
238
74
64
76
225
256
224
53
49
54
235
41
50
74
62
34
44
24
66
80
65
25
37
262
62
68
260
70
52
37
237
29
73
31
24
