76
370
59
370
367
176
369
200
106
220
289
59
429
370
481
288
61
347
167
337
308
370
186
182
357
326
407
298
153
370
75
175
395
284
323
414
213
341
478
256
160
250
192
454
295
258
262
285
386
157
356
263
46
287
164
387
312
285
212
455
77
210
372
323
487
231
139
275
430
452
297
260
133
31
356
187
174
46
111
27
120
186
65
47
117
199
41
121
100
93
106
246
101
56
53
85
122
75
115
46
57
86
46
216
114
255
118
198
142
106
56
56
120
233
117
131
203
190
128
88
205
33
188
198
77
47
98
176
39
258
141
97
57
95
47
76
90
197
106
126
206
199
114
207
46
193
119
43
172
52
114
68
127
369
58
369
366
175
368
199
105
219
288
58
428
369
480
286
60
346
166
336
306
369
185
181
356
325
406
295
153
369
74
174
394
282
322
413
212
340
478
254
159
249
191
453
293
257
261
284
385
156
355
262
46
286
163
386
311
283
211
455
76
209
371
321
486
231
138
274
429
451
294
259
132
30
355
186
173
45
110
27
119
186
64
46
117
198
40
121
99
93
105
245
101
55
52
85
121
75
114
46
56
86
46
212
113
254
117
197
142
106
56
56
120
227
116
130
202
189
128
88
204
32
187
197
76
47
98
175
39
257
140
97
57
95
47
75
89
197
105
126
205
199
113
206
46
193
119
42
172
52
114
68
126
