69
448
219
210
417
448
403
216
291
66
219
453
225
271
39
403
352
453
224
433
301
76
85
220
316
449
413
225
65
40
367
263
226
380
87
466
224
481
227
219
332
403
247
263
268
344
244
479
219
332
76
405
245
367
295
254
296
91
416
382
213
420
196
367
49
367
281
286
76
264
71
160
56
42
87
72
26
31
61
220
61
58
72
97
41
105
107
76
37
29
91
76
232
42
97
24
87
104
86
97
95
36
82
40
58
48
86
124
244
33
31
25
42
109
27
104
75
259
46
61
62
36
24
41
83
88
25
88
41
91
77
49
107
98
73
81
94
109
82
447
218
209
417
447
403
215
290
66
218
452
225
270
38
403
352
453
224
432
301
76
84
219
316
449
413
224
65
39
366
262
225
379
86
465
224
480
226
219
332
403
247
262
267
343
244
479
219
332
75
404
244
366
295
253
296
90
415
381
214
419
192
367
48
367
280
285
76
263
71
160
56
41
87
72
25
31
61
219
61
58
71
97
40
105
107
76
37
29
91
75
232
42
97
24
87
104
86
97
94
35
81
40
58
47
86
124
244
32
30
25
42
109
27
104
74
259
45
61
61
36
24
40
83
88
24
88
40
94
77
46
107
98
73
81
94
109
82
