85
393
129
475
75
85
131
129
114
458
325
424
89
129
257
129
132
129
66
97
394
58
431
400
69
33
27
463
135
337
55
139
441
114
315
97
458
297
276
100
129
141
396
46
394
245
68
337
255
67
129
173
38
27
208
309
300
130
110
130
189
448
306
157
316
86
357
406
73
45
455
255
193
165
224
188
356
477
395
131
151
444
298
384
59
404
238
117
33
41
55
28
172
62
42
42
28
43
136
63
157
61
146
251
67
42
62
44
248
52
245
259
32
246
35
52
51
28
73
34
253
261
28
261
53
187
27
228
221
53
59
62
49
40
261
46
63
232
24
138
237
40
236
52
256
61
46
55
66
62
66
43
258
31
252
73
51
75
53
82
37
25
252
29
71
56
263
65
29
42
48
392
129
475
75
85
131
129
113
458
325
424
88
128
257
129
132
128
66
97
394
57
431
400
68
32
27
463
135
337
55
138
440
114
315
96
458
297
276
99
129
141
396
46
394
244
67
337
255
67
129
172
38
26
220
310
300
130
110
130
188
448
306
156
315
85
357
406
73
44
454
255
193
164
223
187
356
477
395
131
151
444
298
383
59
403
238
116
33
40
55
27
171
62
42
41
27
43
135
62
157
61
146
250
67
41
61
44
247
52
244
259
31
246
34
52
50
28
73
34
253
260
27
260
52
187
27
228
220
53
59
62
48
39
260
46
63
232
24
132
242
39
235
52
256
61
45
54
66
62
66
43
261
31
252
72
51
75
53
81
37
25
252
29
70
56
262
65
29
41
47
