100
452
432
434
310
310
434
310
331
335
437
339
338
434
311
426
310
435
434
434
309
396
307
433
431
205
369
307
335
306
125
478
338
166
431
327
484
327
128
305
326
431
345
341
399
427
427
303
214
139
205
259
304
326
304
418
354
359
426
136
378
304
216
476
406
485
226
178
462
26
321
125
397
427
160
47
324
325
250
119
304
375
139
304
55
406
150
361
109
486
253
372
212
158
436
452
271
153
361
305
232
180
124
183
54
64
85
75
207
151
101
262
166
24
24
262
42
194
37
48
85
196
151
67
154
190
202
136
196
166
194
184
182
187
113
262
72
165
223
120
175
141
156
141
184
246
234
244
146
223
175
224
205
186
256
186
208
198
204
247
184
190
136
196
121
60
187
192
184
119
226
206
174
223
198
119
148
196
170
184
220
168
213
176
194
202
188
147
220
49
190
157
158
113
210
192
263
178
188
110
227
452
432
434
309
309
434
309
331
335
437
339
338
434
311
426
310
435
434
434
308
396
307
433
430
204
369
307
335
306
125
478
338
165
430
327
484
327
128
305
326
431
345
341
399
427
427
303
213
139
204
259
304
326
304
418
354
359
426
135
378
304
215
476
405
485
226
177
462
26
321
125
397
427
159
47
324
325
250
119
304
375
139
304
54
406
150
361
108
486
253
372
212
158
436
452
271
152
361
304
232
180
123
183
53
64
84
75
207
151
101
262
166
24
24
262
42
194
36
47
84
196
151
66
154
189
202
136
196
166
193
184
182
186
112
262
72
165
223
120
175
141
156
141
184
246
234
244
145
222
175
224
205
186
256
186
208
198
204
247
184
190
135
196
121
60
187
191
184
119
226
206
174
223
197
119
148
196
170
183
220
168
212
176
193
202
187
147
220
49
190
157
158
113
210
192
263
178
188
109
227
