96
216
446
401
451
445
266
216
203
403
401
216
447
213
221
415
216
42
290
61
205
451
67
64
349
39
341
223
263
430
73
85
97
85
259
378
77
314
98
410
235
73
224
475
222
405
220
203
141
486
330
240
36
84
243
216
313
264
289
329
444
223
364
400
206
221
66
184
477
351
56
391
203
259
158
210
217
402
221
201
366
264
464
300
475
377
392
447
446
242
77
294
217
368
138
57
88
160
72
72
60
87
76
178
59
82
41
226
99
26
76
42
212
109
31
104
76
109
79
64
107
93
26
58
66
34
91
55
106
91
91
82
69
39
91
24
96
109
125
97
98
98
109
25
70
73
33
82
81
40
33
238
24
106
97
46
236
34
97
31
112
48
119
37
86
97
115
79
48
37
91
91
260
62
86
102
24
48
58
29
74
72
101
263
251
107
80
87
250
111
82
87
25
215
446
401
451
445
266
216
203
403
401
215
447
213
221
415
216
42
290
60
205
451
67
64
349
38
341
223
263
430
73
85
97
85
259
378
76
314
97
410
235
73
224
474
222
405
220
203
140
486
330
240
35
84
243
216
313
264
289
329
444
223
364
400
206
221
66
184
477
351
56
391
203
259
158
210
217
402
221
201
366
264
464
300
475
377
392
446
445
242
76
294
217
368
137
56
88
160
72
72
60
87
76
180
59
82
41
225
99
26
76
42
211
108
31
104
76
109
78
64
107
93
26
58
66
34
90
55
105
90
91
82
69
39
90
24
96
109
125
96
98
98
109
25
70
73
33
82
81
40
33
237
24
106
97
46
235
34
97
31
112
48
119
37
86
97
115
79
48
37
90
91
259
62
86
102
24
48
58
29
74
72
101
262
251
107
79
87
249
111
82
87
25
