69
452
432
340
310
434
310
161
310
434
311
310
434
435
437
434
425
434
434
205
307
478
431
431
485
306
305
432
341
462
205
210
485
150
216
184
26
324
476
406
321
232
122
178
250
46
232
134
161
304
158
272
54
164
452
153
436
250
245
244
409
134
487
487
262
161
42
258
228
195
180
124
262
54
183
34
192
67
85
24
78
34
194
101
48
262
70
58
190
136
184
154
113
72
88
117
135
141
180
175
149
61
189
136
191
119
148
199
121
226
184
188
201
170
119
227
215
204
220
112
263
192
182
190
178
208
132
196
238
180
178
34
49
212
255
176
234
196
203
451
431
339
310
433
309
161
310
434
311
310
434
434
436
434
424
434
434
204
307
477
431
430
484
306
304
432
340
461
204
210
485
150
215
184
25
324
476
405
320
231
121
178
249
45
232
133
161
303
158
272
53
163
451
153
436
249
244
243
409
134
487
487
261
161
41
257
227
195
179
124
262
53
182
33
191
67
84
24
77
33
194
101
47
262
69
57
189
136
183
154
113
72
87
117
135
141
179
174
149
61
189
136
190
118
147
198
121
226
183
188
201
170
119
226
214
203
207
111
262
191
181
190
178
208
132
195
237
179
177
33
49
212
254
176
233
195
202
