98
452
432
434
310
434
310
310
331
338
437
335
426
311
434
339
310
434
435
434
309
166
307
396
433
205
431
369
335
306
307
478
338
431
484
327
305
135
326
399
427
432
345
341
427
327
139
214
303
356
205
304
304
326
125
259
418
178
426
304
378
216
125
476
226
485
462
26
406
321
397
427
324
304
325
47
250
304
375
113
156
359
150
55
406
119
158
486
272
452
372
253
361
305
212
231
436
52
42
180
124
183
54
85
64
75
207
166
101
151
262
24
24
262
42
37
194
48
85
187
151
196
67
190
154
202
196
166
136
184
182
113
72
165
120
250
175
184
235
135
156
141
246
262
218
146
244
205
175
256
205
186
194
224
186
192
204
190
184
136
206
196
187
60
184
119
121
226
174
223
148
220
196
119
170
176
168
232
200
195
187
194
202
184
113
49
263
192
157
190
147
110
158
227
210
184
175
452
432
434
309
434
309
309
331
337
437
335
426
311
434
339
310
434
435
434
308
166
307
396
433
205
431
368
335
305
307
477
338
431
483
327
305
134
326
399
427
432
344
340
427
327
138
214
303
355
205
304
304
325
125
259
418
177
426
304
377
216
125
476
226
484
462
26
406
321
397
427
323
304
324
46
250
304
374
113
155
358
150
54
406
119
158
485
271
452
371
253
360
305
212
231
436
51
41
180
124
183
53
85
64
74
207
165
101
150
262
24
24
262
42
37
194
48
84
187
151
196
67
190
154
201
196
165
135
184
182
113
72
164
120
250
174
184
235
135
156
141
246
262
217
146
244
204
174
256
205
186
194
223
186
191
204
190
184
136
205
196
187
60
184
119
121
226
174
223
148
220
195
119
170
175
168
231
200
195
187
193
202
184
113
49
262
192
157
190
147
109
158
226
210
184
175
