88
453
161
431
310
310
310
437
434
310
310
331
332
338
434
340
434
433
434
307
433
434
335
369
434
306
307
205
426
431
477
342
327
214
338
341
485
305
432
326
304
304
431
432
327
184
304
259
205
304
485
121
406
177
163
463
331
304
232
378
250
150
371
325
26
42
216
321
304
356
162
158
54
134
272
253
257
372
270
231
229
153
134
219
304
487
44
245
381
179
192
121
81
54
67
101
85
30
43
207
156
166
48
262
24
184
34
154
75
61
196
202
197
166
136
190
262
154
184
154
168
146
181
144
72
117
133
178
244
259
144
111
262
191
190
221
175
205
60
188
121
201
182
181
144
176
184
184
170
188
171
195
119
122
136
227
220
147
203
112
192
215
263
190
233
157
222
227
196
178
178
161
234
33
101
238
172
452
160
431
310
309
310
437
433
309
310
331
332
338
434
340
434
432
434
306
432
433
335
368
433
305
307
204
426
431
476
342
326
213
338
341
485
304
432
326
303
303
431
432
326
184
304
259
205
304
484
120
405
177
163
463
331
304
231
377
250
150
370
325
26
42
215
320
304
355
162
157
54
134
271
252
257
371
269
231
228
153
133
218
304
486
43
245
380
179
192
120
81
54
67
101
85
29
42
206
156
166
48
262
24
183
34
154
75
61
195
201
197
165
136
190
262
154
184
153
168
145
181
144
72
117
133
177
243
259
144
111
262
191
190
221
174
205
60
187
120
200
182
180
143
176
184
183
170
188
171
195
118
121
135
227
220
146
202
112
191
215
262
190
232
156
221
226
195
178
178
160
233
33
101
237
172
