69
453
432
434
161
310
310
310
310
434
437
435
330
338
332
434
434
434
433
434
425
205
478
431
431
307
485
305
399
427
302
427
432
335
214
463
417
150
476
258
485
121
426
205
216
184
322
158
426
26
42
406
54
250
397
361
178
453
134
232
153
436
162
303
42
351
250
164
245
152
180
124
183
192
54
81
34
67
85
101
193
183
166
156
24
34
48
75
64
262
190
184
154
113
133
72
117
184
243
215
232
135
144
146
181
189
189
199
233
60
188
204
175
136
191
148
113
220
119
122
121
192
170
174
147
201
190
215
184
178
208
203
180
176
222
132
182
195
207
452
431
433
160
309
309
309
309
433
436
434
329
338
332
433
433
434
432
433
425
205
478
431
430
306
484
305
399
426
302
426
431
334
214
462
416
149
475
270
485
121
426
204
216
183
321
158
425
26
42
406
54
250
397
361
178
452
134
232
152
435
162
302
42
366
249
164
244
151
179
124
182
191
54
80
34
66
84
101
193
182
165
155
24
33
47
74
63
262
190
183
153
112
132
72
117
184
242
227
232
135
144
145
180
189
189
198
220
60
187
204
175
136
190
148
112
220
119
121
121
191
169
174
146
200
189
214
184
178
208
203
176
175
219
131
181
195
206
