90
452
432
310
161
434
310
310
339
434
311
338
310
434
335
435
437
434
335
425
396
434
307
434
369
336
307
307
478
431
338
431
485
326
397
306
305
427
150
326
341
427
432
327
178
304
354
304
304
462
417
345
326
304
304
485
426
216
213
324
259
476
226
26
406
360
121
325
178
361
378
250
47
426
406
321
158
375
164
348
54
153
436
452
153
250
372
134
253
487
397
180
124
54
192
183
34
67
262
85
24
166
78
34
151
194
101
48
205
262
196
70
148
58
202
193
136
160
184
154
182
113
72
171
181
88
117
232
189
183
141
246
135
161
190
259
207
244
172
180
190
156
193
190
205
61
204
136
152
148
221
199
190
119
121
188
188
204
201
147
184
170
119
220
202
227
112
169
182
166
192
205
208
190
178
132
157
178
190
34
171
451
431
310
161
434
309
310
338
434
311
338
310
434
335
435
436
434
334
425
396
434
306
434
369
335
306
307
478
431
338
430
484
325
397
306
304
426
149
325
341
426
432
327
177
303
353
304
304
462
416
345
326
303
304
485
426
215
212
323
258
475
226
25
405
360
120
324
179
360
377
250
46
425
406
320
158
374
163
348
53
153
435
451
153
250
371
134
251
487
397
180
123
53
191
182
33
67
262
84
24
166
77
33
150
194
101
47
205
262
196
69
147
57
201
193
135
159
184
153
182
113
72
170
181
87
117
231
188
182
141
245
135
160
190
258
207
244
172
180
190
156
192
190
205
61
204
136
152
147
227
198
189
118
121
188
188
203
198
147
183
172
119
219
202
227
111
168
181
166
192
205
208
189
177
131
157
177
187
33
171
