98
216
446
451
401
445
266
216
203
451
216
403
415
216
216
213
221
447
290
216
401
444
61
42
205
349
39
64
67
341
223
263
430
73
85
97
378
259
314
77
85
98
410
235
219
475
222
224
405
486
203
141
330
73
240
36
84
216
243
206
221
223
289
83
329
56
400
364
351
264
478
184
391
66
158
259
203
217
221
210
135
402
366
464
264
300
475
201
392
216
377
77
296
242
138
57
88
233
175
160
72
60
72
87
76
178
59
107
202
82
42
226
190
26
76
97
31
212
41
242
104
109
76
107
93
64
79
26
58
66
34
91
91
106
82
91
39
69
55
91
24
96
109
98
98
124
98
73
25
70
33
109
82
81
40
238
33
112
48
34
97
104
46
115
31
97
97
106
86
37
79
119
91
37
48
260
86
91
101
62
24
58
48
29
74
101
101
250
72
80
85
107
82
87
25
39
25
216
446
451
400
445
265
216
203
450
216
402
415
216
216
213
221
446
290
216
401
443
61
42
205
348
39
64
66
341
223
263
430
72
85
97
378
258
314
77
85
97
410
234
218
475
222
223
404
486
203
140
330
72
239
35
84
216
243
205
221
223
289
83
329
55
400
364
351
263
478
184
390
65
158
259
203
216
221
210
134
402
366
464
264
300
474
200
391
216
377
77
296
242
138
57
88
233
175
160
72
60
72
87
76
178
59
107
201
81
42
226
189
26
75
96
31
212
41
241
104
109
76
106
92
64
79
26
58
66
34
91
91
106
81
90
39
69
55
91
24
96
109
98
98
123
97
72
25
70
33
108
82
81
40
238
33
112
48
34
97
104
46
115
31
97
96
106
86
37
78
119
91
37
48
260
86
91
100
62
24
58
48
28
73
101
100
250
71
80
85
107
82
87
25
39
25
