53
229
311
159
128
282
250
158
143
352
264
296
163
125
297
358
153
333
312
175
108
480
351
348
136
350
219
24
250
227
406
77
398
176
382
392
206
216
316
377
146
128
445
212
273
200
263
250
288
121
41
265
361
236
40
49
126
41
47
43
86
37
99
117
53
69
103
26
70
37
77
89
100
66
94
111
82
109
32
40
26
114
28
79
27
101
78
100
70
40
58
32
85
109
52
98
30
37
26
49
33
37
70
241
82
32
118
232
314
162
131
285
253
161
146
355
267
299
165
128
300
361
156
337
315
178
111
483
354
351
140
353
222
26
253
230
409
80
401
179
385
395
210
219
319
380
150
131
448
215
276
203
265
254
291
123
41
269
364
239
40
49
126
40
47
43
86
37
99
116
53
69
103
26
70
37
77
92
100
66
94
111
81
109
32
40
32
114
27
79
29
101
78
99
69
40
60
35
84
108
54
98
30
37
26
49
33
37
69
246
82
32
118
