92
117
446
450
401
445
403
293
203
266
414
221
64
213
216
42
61
451
401
37
204
447
67
97
223
349
85
141
217
263
314
219
430
36
73
84
406
98
234
77
378
85
486
203
444
341
240
258
222
475
364
224
264
398
218
293
221
478
329
71
83
243
223
210
330
221
184
476
158
391
292
205
58
377
351
263
464
365
447
201
403
259
203
277
392
193
133
57
138
390
233
77
382
221
72
61
72
87
82
28
59
76
42
76
61
26
220
109
104
107
41
85
76
97
79
109
58
107
55
70
232
66
39
109
34
97
91
40
98
91
96
69
82
91
73
25
236
26
82
91
98
98
97
124
106
31
259
38
48
86
46
102
104
33
34
91
32
86
37
73
91
80
89
112
114
72
97
48
58
24
262
101
62
37
48
79
101
52
101
87
82
90
39
81
105
120
445
450
400
445
402
292
202
265
413
221
63
212
216
41
60
450
401
36
204
446
66
96
223
348
84
141
217
262
314
218
429
36
72
83
406
98
233
76
377
85
486
202
444
341
240
258
222
474
364
224
263
398
218
292
221
477
329
71
83
243
223
209
329
221
184
475
158
390
291
205
58
376
350
262
464
364
447
200
402
258
203
276
392
192
132
56
138
389
233
77
382
220
72
61
71
86
81
27
59
76
41
75
61
26
219
108
104
106
40
84
75
97
79
108
57
106
55
69
231
66
38
108
34
97
91
39
97
90
95
69
82
90
73
25
236
25
82
91
98
97
96
123
105
31
259
38
48
86
46
102
104
32
34
90
31
85
37
73
91
80
89
112
113
71
96
48
58
24
261
101
62
36
48
78
101
52
100
87
82
89
38
81
104
