84
452
161
432
427
309
310
310
310
434
339
310
335
437
434
338
434
335
433
434
308
431
485
335
434
431
338
367
477
327
326
399
417
305
214
354
304
304
325
397
304
485
328
325
259
375
324
304
216
150
304
184
204
42
232
250
406
120
321
378
26
406
134
426
54
462
361
153
162
304
231
158
164
253
134
194
178
485
304
212
396
270
44
152
261
180
192
124
259
85
67
54
43
85
262
30
151
101
48
166
37
205
74
184
136
154
72
193
194
113
181
201
184
165
175
187
186
117
146
207
244
259
205
175
205
61
263
195
224
168
148
190
136
189
176
191
178
122
184
170
121
188
227
183
119
202
215
207
192
180
190
178
203
217
227
113
182
193
178
200
201
49
228
158
160
222
101
207
209
452
161
431
427
309
310
310
310
433
339
310
335
437
434
337
434
335
432
434
307
430
485
335
434
430
338
366
477
326
325
398
416
304
213
353
303
304
324
396
303
485
328
324
258
374
324
303
215
150
303
183
203
41
232
249
405
120
321
378
26
405
134
426
54
462
360
153
162
303
230
157
164
252
134
193
177
484
303
212
396
269
43
152
260
180
192
123
258
84
67
54
43
84
262
30
151
100
47
166
37
205
74
184
141
154
72
192
193
112
181
200
184
165
175
186
186
116
145
207
244
258
204
174
204
60
262
194
224
168
148
190
136
188
175
190
177
121
184
169
120
188
227
183
118
201
215
207
191
179
189
178
202
216
227
112
182
193
177
199
200
48
228
158
159
221
100
207
209
