69
452
432
310
434
310
161
310
434
310
434
434
435
437
434
425
434
434
205
307
478
431
431
485
306
305
427
427
432
341
462
417
205
485
213
426
150
216
184
476
26
232
406
121
178
397
361
426
232
47
250
161
134
406
272
158
375
304
164
436
54
452
153
250
244
134
487
487
161
42
180
124
54
183
34
192
67
85
78
24
34
194
101
48
262
70
58
190
136
184
154
113
72
88
117
232
246
135
141
180
190
175
61
152
204
189
136
191
199
119
184
121
188
201
174
147
220
227
119
170
204
215
202
263
112
169
186
182
208
192
190
178
132
238
178
34
49
255
176
452
432
309
433
309
160
309
433
309
434
434
435
437
434
424
433
433
205
306
478
430
431
485
305
305
427
426
432
341
461
417
205
485
213
426
149
215
183
476
26
232
406
121
177
397
361
426
232
47
249
161
133
406
271
158
374
305
163
436
54
452
152
250
243
133
487
487
161
41
179
124
54
182
34
192
66
85
78
24
34
193
100
48
261
70
58
190
136
184
153
112
71
87
116
232
245
134
140
179
189
175
60
151
204
188
136
190
199
119
184
120
188
201
173
146
220
226
118
169
204
215
202
262
112
172
158
182
207
191
190
178
132
237
178
34
49
255
175
