99
451
446
216
401
445
403
203
293
216
266
216
414
451
221
216
42
64
216
213
69
216
401
447
97
67
349
39
223
410
204
85
141
36
314
263
219
405
430
77
98
84
73
378
235
59
85
240
258
203
341
224
475
313
264
222
486
364
398
221
216
293
206
329
223
478
243
66
444
330
221
82
210
391
158
184
476
351
201
217
56
292
403
263
377
258
464
365
277
193
392
203
57
217
390
382
233
133
138
77
60
72
160
72
87
82
59
28
178
76
205
42
107
76
191
109
61
226
26
103
215
41
97
109
79
107
93
58
24
76
55
70
82
39
66
109
101
34
69
91
40
91
82
96
104
91
82
91
25
26
124
98
24
106
98
73
97
31
48
238
38
112
46
34
86
33
119
239
32
86
104
91
80
91
37
73
97
101
262
115
89
62
48
72
37
58
24
79
52
101
48
87
250
90
105
39
101
82
81
451
445
216
400
444
403
202
293
216
266
215
414
450
220
216
42
63
216
213
68
216
400
446
96
66
349
39
222
410
203
85
141
35
313
262
219
405
429
76
98
83
72
377
235
59
84
240
258
202
340
224
475
312
263
222
486
363
397
220
215
293
206
329
223
478
243
66
444
330
221
81
210
391
157
184
476
351
200
217
56
291
403
262
377
258
464
365
277
192
392
202
57
216
390
381
233
132
138
76
60
72
160
71
86
82
58
28
178
76
204
42
106
75
190
109
61
225
26
102
214
41
97
108
78
106
93
57
24
75
55
70
82
39
65
109
101
34
69
90
40
91
81
96
103
90
81
91
25
26
123
98
24
105
98
73
97
31
47
237
37
112
46
33
85
33
119
241
32
85
103
91
80
90
37
73
97
101
262
115
89
62
48
71
37
58
24
79
51
101
47
87
249
89
104
38
100
82
80
