97
216
446
401
451
445
266
216
203
451
216
403
216
415
216
447
213
221
290
216
401
61
205
349
64
67
39
42
341
223
263
430
73
85
447
378
259
314
98
77
85
475
410
405
235
219
224
222
203
486
141
330
73
240
216
36
84
313
243
221
223
206
289
264
364
83
329
400
56
478
184
351
391
66
158
259
203
221
210
217
402
366
464
264
300
475
392
377
77
294
217
242
367
138
57
437
88
233
160
72
72
60
87
76
178
59
107
202
82
226
42
190
97
26
76
31
212
41
104
76
107
64
79
93
109
26
58
66
34
91
91
260
82
91
39
91
69
55
98
24
98
96
109
124
98
25
73
70
33
109
82
238
81
40
24
33
48
34
112
97
106
97
104
46
31
115
86
37
97
79
119
91
37
48
86
91
260
62
24
58
48
29
74
101
72
80
87
250
107
111
82
87
216
25
39
215
445
401
450
445
265
216
203
450
216
402
216
414
216
447
213
220
290
216
400
60
205
348
63
66
39
41
341
223
262
429
72
85
446
378
259
314
97
77
85
474
410
404
234
218
224
221
203
486
141
329
73
239
215
36
83
312
243
220
223
206
288
264
364
83
329
400
55
478
183
350
390
66
158
259
203
221
210
216
402
366
463
264
300
475
392
376
76
293
216
242
366
137
56
441
87
233
160
72
71
60
86
76
178
58
106
201
81
225
41
189
97
25
75
31
212
41
104
75
107
64
78
93
108
26
58
65
33
90
90
259
81
91
39
91
69
55
98
24
97
95
108
123
97
24
73
70
33
108
82
238
81
40
24
32
48
34
112
97
105
97
103
45
31
115
85
36
97
79
119
91
36
48
86
91
259
61
24
58
48
29
73
101
71
79
87
250
106
110
81
87
215
25
39
