43
65
72
323
255
128
73
98
456
455
27
420
391
128
42
86
299
62
313
171
303
378
62
335
132
429
86
274
72
442
294
334
401
309
126
187
353
190
155
396
243
253
338
161
151
133
39
63
28
41
51
261
40
263
28
42
42
248
44
32
251
30
63
54
237
262
185
246
44
262
261
31
33
43
48
48
263
211
61
24
75
66
212
261
51
208
54
61
71
325
257
130
75
99
457
457
29
422
392
130
44
87
301
65
314
172
305
378
65
337
135
430
88
276
74
443
296
336
402
312
128
188
355
192
157
398
245
255
339
163
159
133
39
63
28
41
50
261
40
262
28
42
42
251
44
32
247
29
63
54
242
262
185
246
44
261
260
30
33
42
47
48
257
217
61
24
75
66
212
261
53
199
54
