85
129
393
129
475
131
85
114
75
458
129
257
129
320
89
132
424
431
97
66
57
336
394
454
70
99
27
55
463
339
33
114
139
41
129
136
46
101
298
129
441
399
67
141
245
398
173
255
66
337
300
38
46
379
318
131
130
130
130
276
189
165
157
306
130
111
448
298
316
45
193
224
344
400
183
89
131
256
151
394
188
93
59
357
455
394
117
237
172
32
28
58
61
40
42
136
63
160
34
43
61
28
44
67
251
62
35
45
259
52
253
259
52
32
185
245
73
51
262
184
246
242
52
28
199
28
215
62
27
59
226
63
40
262
49
40
232
221
240
46
41
211
256
226
261
61
53
66
55
236
50
46
65
62
252
75
82
238
248
76
251
71
51
56
34
37
241
42
43
73
55
128
393
129
475
131
85
114
75
458
128
257
129
320
89
132
424
431
96
66
57
335
394
453
69
98
27
55
463
338
33
114
139
40
129
135
46
100
298
129
441
399
67
141
245
398
173
255
66
336
300
38
46
379
317
131
130
129
130
275
189
164
156
306
130
110
448
297
316
44
193
223
343
400
183
88
131
256
151
393
187
92
59
356
454
394
116
236
171
32
27
57
61
40
41
135
62
159
34
42
61
28
44
66
250
62
35
44
255
52
253
258
52
32
185
244
73
50
261
183
245
241
52
28
199
27
214
61
26
59
229
62
40
261
49
39
231
221
239
45
40
210
255
226
261
61
53
65
55
236
49
45
64
62
252
74
82
238
247
76
250
70
50
56
34
37
240
41
43
73
54
