91
394
86
76
258
129
476
89
458
458
114
325
129
131
424
132
129
56
431
69
27
101
136
317
34
130
336
140
245
114
99
66
66
46
394
463
300
55
337
41
97
453
174
441
399
401
67
141
255
129
39
130
196
99
111
298
73
344
448
400
49
164
46
131
131
393
27
338
313
306
443
86
92
276
194
407
379
157
130
393
131
448
131
316
184
93
298
357
89
456
348
223
238
55
41
63
117
34
43
259
42
61
42
169
30
28
61
158
59
44
52
260
52
246
32
245
181
36
51
59
73
253
249
62
239
42
32
40
49
49
263
64
249
63
28
228
248
260
27
41
196
229
208
65
263
50
28
31
224
261
215
224
54
250
41
256
261
24
182
258
54
244
66
76
261
75
258
241
66
218
53
232
46
71
62
75
241
65
42
251
73
235
82
394
85
76
257
129
476
88
458
458
114
325
128
130
423
131
128
56
430
69
27
101
136
316
33
130
335
139
245
114
99
65
66
46
394
463
300
54
336
41
97
453
174
440
398
400
67
140
255
129
39
130
196
98
111
298
72
343
448
400
48
164
46
130
131
393
27
338
313
305
443
86
92
275
194
407
379
157
130
393
131
448
130
315
184
93
298
357
89
456
348
223
238
54
41
63
116
33
42
259
41
60
41
169
29
28
60
157
59
43
52
259
51
245
32
244
181
36
51
58
72
252
249
62
238
41
32
39
48
48
262
63
248
62
28
227
248
260
27
40
196
228
207
64
262
49
28
31
223
261
215
223
54
249
41
256
260
24
181
257
53
243
65
76
261
74
257
241
66
217
53
231
46
70
62
75
240
65
42
251
72
235
82
