89
453
431
161
310
310
310
331
311
434
310
437
434
338
332
435
434
434
434
311
340
427
434
396
434
205
478
431
368
338
305
327
341
485
305
399
432
214
326
427
427
354
304
432
431
304
417
184
327
150
358
303
485
258
426
205
304
121
406
476
375
331
378
426
463
26
232
250
42
158
397
272
216
177
163
453
356
406
134
162
303
361
364
244
153
372
254
229
270
231
180
121
192
81
54
67
207
24
85
34
101
183
166
156
193
48
24
34
44
262
259
70
196
58
190
184
154
201
181
169
168
144
72
117
184
133
146
178
232
246
207
259
111
144
244
189
191
262
188
196
190
60
224
204
175
205
188
121
196
168
144
184
220
181
119
184
170
122
112
174
263
136
201
182
190
147
202
215
203
180
186
211
196
178
157
193
196
221
227
453
431
161
310
309
310
331
311
434
309
437
434
338
332
434
434
434
434
311
340
426
434
395
434
204
478
431
367
338
305
327
341
485
304
399
432
213
326
427
426
353
303
432
431
304
416
184
326
150
357
303
484
257
426
205
304
120
405
475
374
331
377
426
462
25
231
249
42
158
397
272
215
177
162
452
356
406
133
162
303
361
363
243
153
372
254
229
270
230
180
120
191
81
54
67
207
24
85
33
100
182
166
155
192
47
24
34
43
261
259
69
195
57
189
183
153
201
181
175
168
144
72
117
183
132
145
178
231
246
207
259
111
144
243
188
191
261
187
195
190
60
224
204
174
205
187
120
196
168
144
184
220
180
118
184
169
121
112
173
262
135
200
181
189
147
201
214
203
179
186
211
195
178
157
193
195
220
227
