93
451
446
266
216
207
401
451
404
221
445
415
293
216
42
64
447
401
212
67
222
204
70
36
60
235
73
350
97
263
39
486
341
314
98
478
430
259
224
84
141
411
219
85
222
406
475
240
77
378
313
217
84
444
243
220
66
329
158
364
400
331
223
351
259
83
210
264
201
222
135
203
393
264
138
292
292
56
464
193
377
57
202
205
403
181
391
446
447
233
383
277
365
256
60
72
76
160
56
72
107
82
76
87
42
29
189
109
64
97
41
26
79
58
76
102
81
104
96
91
107
109
66
94
73
26
39
91
86
34
91
124
55
70
24
109
91
98
98
98
82
69
82
24
235
40
236
33
46
119
46
91
97
31
32
34
97
37
104
91
106
102
86
101
46
101
48
82
39
89
115
58
52
72
87
25
112
62
34
80
251
263
39
103
79
108
81
451
446
265
216
206
401
450
403
221
445
414
292
215
41
64
446
401
211
67
222
203
70
35
59
234
73
350
96
262
38
486
340
313
97
477
430
258
224
84
140
411
218
85
222
405
475
239
76
377
312
217
83
443
242
220
65
329
157
363
400
330
223
351
258
83
209
263
200
222
134
203
392
263
137
292
291
55
464
193
377
56
201
205
403
181
391
445
447
233
382
277
364
255
60
72
76
160
55
72
106
82
75
86
41
29
179
109
63
96
41
26
78
58
75
102
81
103
96
90
106
108
65
94
72
25
39
90
86
33
90
123
54
69
24
109
90
98
98
98
81
69
82
24
234
39
236
33
46
119
45
90
96
30
32
34
97
36
103
91
105
102
85
101
46
101
47
82
39
89
115
57
51
71
87
25
112
61
34
80
251
262
39
102
79
108
81
