86
129
393
476
109
258
86
71
132
454
424
326
132
394
85
62
132
459
337
245
59
294
401
105
256
72
463
174
305
316
398
101
394
445
339
344
431
97
142
130
306
196
131
337
193
443
393
156
115
276
487
33
300
407
72
321
412
27
304
379
356
136
465
407
75
93
313
115
86
164
132
151
358
478
455
189
78
341
385
444
244
487
316
246
340
448
183
118
238
33
61
63
55
44
61
43
28
40
28
42
40
64
43
261
35
59
45
38
248
73
41
55
33
63
24
34
227
51
53
33
185
226
44
63
28
211
55
65
226
50
75
44
261
68
47
261
70
253
68
43
65
53
32
24
43
241
26
81
44
258
34
76
252
71
66
54
71
57
43
254
73
37
24
209
29
263
42
58
63
258
197
250
75
128
392
476
109
258
86
71
132
453
424
326
132
394
85
62
132
459
337
245
59
294
400
105
256
72
463
174
305
316
398
101
394
444
339
343
431
97
142
129
306
196
131
337
193
443
393
156
115
276
487
33
300
407
72
321
412
27
304
379
356
135
465
407
75
93
312
115
86
164
131
151
358
478
455
189
78
341
385
443
244
487
316
246
340
447
183
117
237
32
61
63
55
44
61
42
28
40
28
42
40
64
43
261
35
59
45
38
248
73
41
55
33
63
24
34
226
51
53
32
185
226
44
63
28
210
55
65
231
50
75
43
261
68
47
261
70
253
68
43
65
53
32
24
43
241
26
81
43
258
34
76
251
71
66
54
71
57
43
254
73
37
24
209
29
262
42
58
63
258
196
250
75
