88
452
432
310
434
310
310
339
434
338
310
434
335
434
435
437
434
335
425
396
434
307
434
369
205
336
307
307
478
431
338
431
485
326
397
306
166
305
427
326
341
427
432
327
304
354
304
304
417
462
345
326
178
304
485
426
304
205
160
213
216
324
476
26
360
406
325
178
361
378
226
426
232
47
250
150
406
321
153
54
375
158
304
348
188
436
253
250
453
180
124
54
183
34
67
262
85
166
78
34
151
24
194
101
48
205
262
196
70
148
58
202
190
193
160
136
184
154
182
113
72
171
181
88
187
117
232
183
141
246
135
161
259
207
244
172
190
180
156
193
190
205
61
204
190
175
198
152
136
148
199
119
188
121
204
200
147
184
190
220
227
119
170
189
202
227
178
192
169
112
220
166
184
208
190
132
190
452
432
309
434
309
309
339
433
337
309
434
334
434
435
437
434
335
424
395
433
307
433
369
205
336
307
306
477
430
337
431
485
325
396
305
166
305
427
325
341
427
432
327
304
353
304
304
416
462
344
325
177
304
485
425
304
205
160
213
216
324
475
26
360
406
324
178
361
378
226
426
232
47
250
149
406
320
152
53
375
158
304
348
188
436
252
250
453
180
124
54
183
34
66
262
85
165
78
34
151
24
193
100
48
204
261
195
70
148
58
201
190
192
160
136
183
154
181
112
71
171
180
87
187
116
232
183
141
246
134
161
259
206
244
172
189
180
156
192
189
204
60
203
190
174
197
152
135
148
199
119
187
120
203
200
146
184
189
220
226
118
169
189
201
226
178
191
169
112
219
165
183
207
190
132
189
