79
370
59
370
367
200
175
106
369
288
366
186
58
429
370
220
317
305
370
282
283
287
368
367
283
152
370
314
356
213
288
167
257
337
407
60
254
346
253
327
285
414
165
75
191
454
175
284
478
190
284
274
325
45
212
286
385
77
201
385
452
369
338
480
356
157
133
260
200
487
264
103
210
257
294
173
286
371
164
186
46
111
26
120
47
186
118
65
35
130
117
121
100
94
199
82
124
36
106
47
176
257
156
143
115
75
56
57
118
246
53
33
84
46
101
188
55
131
86
68
56
141
118
128
88
199
95
117
45
84
208
56
39
47
187
77
90
121
96
193
246
233
106
100
48
172
173
211
206
190
179
197
50
122
129
261
106
82
68
370
58
370
366
200
175
105
368
288
365
185
58
428
369
219
317
305
370
281
282
287
368
367
282
152
370
314
355
212
288
166
257
337
406
59
254
346
252
327
285
414
164
75
191
454
174
283
478
189
284
274
325
44
212
286
384
76
201
384
451
369
338
480
355
156
133
260
201
486
264
103
209
257
295
172
286
371
163
185
45
110
26
119
47
186
118
65
35
130
116
120
99
94
199
82
124
36
106
46
175
256
156
142
114
75
56
56
117
246
53
32
83
46
100
188
54
131
86
67
56
141
117
127
88
199
95
116
45
84
208
56
38
47
186
77
90
120
96
192
246
232
105
100
48
172
173
207
206
190
179
197
50
122
129
261
106
82
68
