75
129
476
393
86
258
114
325
132
132
425
454
76
89
132
245
27
394
337
56
114
70
459
432
319
463
59
101
97
66
299
174
339
256
97
441
306
380
299
41
104
398
403
93
196
66
394
111
164
131
443
337
193
341
317
412
382
476
465
86
66
136
298
78
393
188
33
420
157
444
456
132
357
142
478
385
117
34
238
55
63
60
42
28
61
28
43
41
41
42
59
260
42
35
59
70
52
261
44
32
33
45
52
253
62
40
63
185
41
64
28
55
240
29
263
74
227
247
76
65
262
53
50
54
262
41
50
75
209
62
34
250
24
44
66
249
81
65
25
261
37
52
63
68
263
73
71
37
29
251
32
129
475
392
85
258
114
325
131
132
424
454
76
89
131
244
26
393
337
56
114
69
459
432
318
463
59
101
96
66
299
174
339
256
97
441
306
379
299
40
104
398
403
93
196
66
393
111
163
131
443
337
192
340
316
412
381
476
464
85
66
135
298
78
392
188
33
419
156
443
456
132
356
141
477
384
117
34
238
54
63
60
41
27
60
28
42
40
41
42
59
260
41
34
58
70
52
261
43
32
33
45
52
253
61
39
62
184
41
63
28
54
239
28
262
74
226
247
75
64
261
52
50
54
262
41
49
74
208
61
34
250
24
44
66
249
81
64
24
261
37
52
62
67
262
73
71
36
28
251
32
