81
452
432
434
161
310
310
310
310
434
335
437
435
434
434
340
434
335
396
433
427
434
338
478
307
367
431
431
335
338
327
485
307
305
399
324
345
427
432
427
214
304
150
354
304
417
476
325
485
327
462
426
178
371
341
216
121
356
357
232
406
26
42
406
158
453
427
325
134
397
54
321
162
364
164
242
153
436
372
42
250
152
180
124
183
192
54
81
34
67
85
151
101
193
24
34
262
48
205
196
75
259
64
166
184
145
201
154
113
193
181
165
72
133
117
184
148
156
243
135
232
146
256
189
207
244
189
196
204
60
262
180
204
190
168
141
136
188
147
195
184
121
119
122
202
113
190
220
194
215
174
192
227
204
211
182
240
178
208
157
176
132
207
452
432
434
161
309
309
309
309
433
334
436
435
434
434
340
434
334
395
432
427
433
337
478
306
367
430
431
334
337
326
485
306
305
398
323
344
426
432
426
214
304
149
353
304
416
476
324
485
327
462
426
178
369
340
216
120
355
356
230
406
26
42
406
158
453
426
324
133
396
54
320
161
364
164
236
153
436
372
42
249
151
180
123
183
191
54
80
34
66
85
151
101
192
24
34
262
48
204
196
75
259
64
166
183
144
200
154
112
193
181
165
72
133
116
184
148
156
243
134
232
146
255
188
206
244
188
195
203
60
262
180
204
190
171
140
136
188
146
194
180
121
119
121
201
113
189
219
194
214
174
191
226
204
211
182
228
178
207
157
175
131
207
