85
452
432
161
309
310
310
310
310
331
310
434
339
335
338
434
437
434
433
433
433
307
335
485
307
306
205
431
431
345
326
327
338
434
432
305
304
341
304
326
304
431
213
304
304
205
485
378
259
462
406
178
232
324
250
216
304
134
26
120
321
150
272
304
356
325
55
361
232
161
47
158
193
253
164
44
153
42
396
188
134
485
178
261
228
244
181
123
192
85
54
75
64
43
207
30
85
262
151
166
24
101
43
64
75
54
151
196
72
136
166
190
113
154
156
175
165
181
184
133
123
113
140
244
186
205
144
152
256
190
175
58
183
224
180
121
190
184
148
170
137
176
215
119
188
227
188
263
223
147
196
194
188
227
203
119
113
200
193
182
101
178
176
160
187
178
46
200
209
196
238
452
431
161
308
310
309
310
310
330
310
433
339
335
338
434
437
434
433
433
433
307
334
485
307
306
205
430
431
345
325
327
338
434
432
305
303
341
304
326
304
430
213
303
304
205
485
377
259
461
405
178
232
323
249
216
304
134
25
119
321
150
271
304
356
325
54
361
232
160
47
158
193
252
164
44
153
41
396
188
133
485
178
261
227
244
180
122
192
85
54
75
64
43
206
30
85
262
150
165
24
101
43
64
75
54
150
195
72
136
165
190
112
153
155
174
164
181
183
133
122
112
140
244
186
205
144
152
256
190
175
58
186
224
179
121
190
184
147
169
136
176
215
118
187
227
188
263
223
146
195
194
190
227
202
119
113
199
192
182
100
178
176
159
187
178
46
199
208
196
238
