94
452
432
161
309
310
310
310
434
339
310
434
425
335
338
427
434
331
434
435
434
437
396
433
433
335
369
205
307
485
431
431
477
327
326
345
338
305
399
341
214
432
417
425
354
326
304
304
324
259
304
205
406
485
375
232
216
184
304
150
134
26
250
120
378
406
42
304
325
359
356
397
272
178
158
231
161
55
321
164
462
304
153
194
254
420
134
372
361
44
244
212
486
318
396
180
124
192
85
67
54
43
85
262
30
183
262
151
166
232
24
207
48
194
37
101
196
64
74
196
202
190
136
72
154
113
184
162
175
156
181
117
184
140
146
135
186
207
207
186
244
259
148
224
205
175
121
61
169
184
136
191
190
188
215
119
170
188
183
202
122
176
196
196
147
174
263
201
113
227
204
193
227
182
180
220
178
200
193
196
178
157
186
101
238
158
49
211
160
452
431
161
309
310
310
310
433
339
310
434
425
335
337
427
434
331
434
435
434
436
395
433
432
334
368
204
307
485
430
430
477
327
326
345
337
305
399
341
214
431
416
424
353
325
303
303
324
259
303
204
405
484
374
232
216
184
303
150
133
25
250
119
378
406
42
304
324
358
355
397
272
177
158
230
161
54
321
164
461
303
153
194
254
419
134
372
360
44
244
212
486
317
396
179
123
191
85
67
54
43
85
262
30
183
262
150
165
225
24
207
48
194
37
100
195
64
74
196
201
190
135
71
154
112
184
161
174
155
181
117
184
139
145
135
186
207
206
186
244
259
147
223
205
175
120
61
169
184
136
190
190
187
215
118
170
188
183
201
121
175
196
195
146
174
263
200
112
227
204
193
226
181
179
220
178
199
193
196
177
157
185
100
238
158
49
210
160
