90
452
432
310
434
310
310
339
434
338
310
434
335
434
435
437
434
335
425
396
434
307
434
369
205
336
307
307
478
166
431
338
431
485
326
397
306
305
427
326
341
427
432
327
304
354
304
304
462
417
345
326
259
304
485
426
304
178
213
216
122
324
476
26
360
406
325
361
378
426
47
250
406
321
158
304
188
375
160
348
153
54
172
436
452
250
372
487
397
134
487
180
124
54
183
34
67
262
85
166
78
34
151
24
194
101
48
205
262
196
70
148
58
202
190
193
160
136
184
187
154
182
113
72
171
181
88
117
232
183
141
246
135
161
259
207
244
172
180
190
156
193
224
205
61
204
190
190
152
136
188
148
199
119
188
121
204
147
184
220
119
170
202
227
112
220
184
169
198
166
178
192
200
208
190
132
157
34
171
176
49
451
432
309
434
309
309
339
433
337
309
434
334
434
435
437
434
335
424
395
433
307
433
369
205
336
307
306
477
166
430
337
431
485
325
396
305
305
427
325
341
427
432
327
303
353
303
304
461
416
344
325
259
304
485
425
304
178
212
215
121
324
475
25
360
406
324
361
378
426
47
250
406
320
157
304
188
375
160
348
152
53
171
436
451
250
372
487
396
133
487
179
124
54
183
34
66
262
85
165
78
34
151
24
193
100
48
204
261
195
70
148
58
201
193
192
160
136
184
187
154
181
112
71
171
180
87
116
232
183
141
246
134
161
259
206
244
172
179
189
156
192
224
204
60
203
190
189
152
136
187
148
199
119
187
120
203
146
184
220
118
169
201
226
112
220
181
169
197
165
178
191
200
207
190
131
157
34
170
175
49
