95
452
432
434
338
310
310
310
339
434
311
310
437
335
161
427
435
434
434
335
433
396
307
433
205
431
369
307
307
336
478
431
485
327
305
338
326
399
432
427
341
427
345
417
214
355
259
305
327
77
303
304
326
431
204
378
426
476
325
485
406
123
304
226
178
304
216
150
462
139
324
26
375
426
359
406
250
53
134
47
321
304
397
372
110
158
361
232
305
155
253
41
164
258
212
188
180
123
183
166
54
70
81
262
85
24
43
101
151
191
259
193
48
37
205
75
196
148
64
190
154
202
160
136
193
184
113
72
162
120
182
175
184
133
246
140
235
156
186
146
205
224
171
262
247
244
205
190
144
178
184
204
199
204
60
121
213
259
187
190
190
136
189
184
214
148
119
168
225
195
202
170
189
182
119
227
220
174
157
241
113
147
227
110
201
190
175
181
234
158
187
451
432
433
338
310
309
309
339
434
311
310
437
334
161
427
434
434
434
334
433
396
306
433
204
431
369
307
306
336
477
430
485
327
305
338
325
399
431
427
341
427
345
416
214
355
258
305
327
76
302
303
325
431
203
377
425
475
324
485
405
123
303
225
178
303
216
149
462
138
323
25
374
425
359
406
250
52
133
47
320
303
396
371
110
158
361
231
305
154
253
40
164
258
212
187
180
122
182
165
53
70
81
262
84
24
43
100
150
190
259
192
48
37
205
74
195
147
64
190
154
202
159
135
192
183
112
72
161
120
181
174
184
132
245
140
234
156
186
146
205
224
170
262
244
244
204
189
143
178
183
203
198
204
59
121
212
258
187
190
190
136
188
184
214
147
118
167
224
195
201
170
188
182
118
226
219
173
156
241
112
147
226
110
201
190
175
180
234
158
186
