83
393
129
75
475
85
131
129
458
114
257
325
89
424
129
132
129
97
66
394
394
57
400
431
69
336
33
27
462
135
55
441
114
131
458
315
41
297
129
100
129
397
141
67
67
173
337
245
394
255
300
39
99
27
130
130
276
110
189
49
448
306
86
157
316
75
357
298
45
224
131
192
455
151
255
487
188
319
477
356
59
91
395
384
238
117
41
33
55
28
172
43
62
63
42
43
28
148
61
160
67
251
263
42
62
248
44
52
35
245
259
33
246
52
28
73
43
261
34
262
28
199
53
184
227
27
62
261
63
49
59
53
40
40
229
263
24
256
236
261
52
61
224
46
54
66
66
62
31
43
65
252
82
71
75
73
56
51
70
37
52
252
25
42
241
29
29
392
128
75
475
85
130
129
458
114
257
325
89
424
129
132
128
97
66
394
393
57
400
431
69
336
33
27
462
135
55
440
113
130
458
315
41
297
128
100
129
397
140
67
67
173
337
244
394
254
299
39
99
26
130
130
275
110
189
49
448
305
86
157
315
75
357
297
45
224
131
192
455
150
255
486
188
318
477
356
59
91
395
384
238
117
40
33
55
28
172
42
62
63
41
43
28
148
60
160
67
250
260
41
61
248
43
52
34
245
258
32
246
51
28
72
43
261
33
262
28
199
53
184
226
26
61
261
62
48
59
52
39
39
228
262
24
256
235
261
52
61
224
45
54
66
66
61
30
43
65
251
81
71
75
72
55
50
69
37
52
251
25
41
240
29
29
