90
451
446
216
266
207
401
451
404
221
445
415
293
42
64
447
401
212
67
222
204
70
36
60
235
349
73
97
263
39
486
341
314
98
478
430
259
84
141
411
85
222
219
406
475
224
240
77
378
313
84
444
243
66
220
329
158
364
400
331
223
351
259
83
210
201
264
222
135
203
393
264
138
292
292
56
205
464
193
377
57
202
403
181
391
446
447
233
383
365
277
60
72
160
76
56
72
107
82
76
87
42
29
109
64
97
41
26
79
58
76
102
81
104
96
107
91
109
66
94
73
26
39
91
86
34
91
55
70
24
91
98
109
98
98
124
82
69
82
24
40
236
33
119
46
46
91
97
31
32
34
97
37
104
91
102
106
86
101
46
101
48
82
39
90
115
112
58
52
72
87
25
62
34
80
251
263
39
103
108
79
451
446
215
266
207
400
450
403
220
444
414
293
42
63
446
401
212
66
222
203
70
36
59
234
348
73
96
263
38
485
340
313
97
477
430
258
83
141
411
85
221
218
405
475
223
239
76
377
313
84
443
242
66
219
328
157
363
400
330
222
350
258
83
209
201
264
222
134
203
392
263
138
292
292
55
205
463
192
376
56
202
403
181
390
445
447
232
382
364
277
60
72
160
76
56
72
106
81
75
87
41
29
108
64
96
40
26
79
57
75
102
81
104
96
107
90
108
66
94
72
25
39
90
86
34
90
55
69
24
90
97
109
98
98
124
81
69
82
24
39
236
32
118
46
45
90
96
31
31
34
96
36
103
90
102
106
85
100
46
101
47
81
39
90
114
112
57
52
71
87
25
61
34
80
251
262
38
102
108
78
