96
216
446
451
401
447
445
266
216
203
216
447
403
415
216
213
290
221
216
401
205
61
64
349
451
67
39
341
34
223
263
430
73
85
97
314
259
85
98
235
77
405
475
486
444
222
219
410
224
378
313
203
141
330
73
36
240
84
47
216
243
206
221
223
289
400
478
184
264
364
391
351
57
329
259
158
203
217
221
210
135
464
402
392
264
300
201
216
77
294
57
138
242
399
475
88
233
160
72
60
72
260
87
76
178
59
202
99
82
42
226
26
31
76
212
41
76
104
64
107
109
79
93
26
104
58
66
34
91
91
106
39
91
55
91
96
69
98
98
73
236
98
109
24
124
82
24
25
70
33
109
81
82
40
107
238
33
112
48
34
97
31
86
37
106
97
79
97
115
46
37
91
48
260
86
91
101
58
62
101
48
29
101
250
80
87
87
82
107
216
74
25
39
216
446
450
401
446
445
266
216
203
216
447
403
415
216
213
289
221
216
401
205
60
63
348
450
66
39
341
34
223
263
430
72
85
96
313
259
85
97
235
76
405
474
486
444
222
219
410
224
378
313
203
141
329
72
36
239
83
47
216
243
206
221
223
288
400
478
183
263
363
390
350
57
329
259
158
203
217
221
210
135
463
401
392
263
300
201
216
77
294
56
138
241
402
475
88
233
160
71
59
71
259
86
76
178
59
201
99
81
42
226
26
31
76
212
41
76
103
64
106
108
79
93
25
104
58
66
34
91
90
106
38
90
55
91
96
69
98
97
73
236
98
109
24
124
82
24
25
70
33
109
81
81
40
106
237
33
112
48
34
96
31
85
36
105
96
79
96
114
45
36
91
48
260
86
91
101
57
61
100
47
28
101
250
80
87
87
82
106
216
74
25
39
