71
452
432
310
434
310
310
161
434
310
434
332
434
437
434
434
307
434
426
205
307
478
427
341
431
431
485
306
305
342
432
304
304
462
259
426
205
210
485
150
216
184
26
331
476
232
406
122
178
250
46
232
161
134
158
54
164
452
153
408
250
245
134
244
321
487
487
262
161
42
228
270
180
124
54
183
34
67
192
85
78
24
156
34
101
48
70
148
58
262
190
136
184
240
145
154
113
72
88
117
156
135
244
259
180
224
250
175
149
61
189
136
191
119
144
199
184
121
188
201
170
119
227
204
215
112
192
182
190
178
180
132
196
178
238
146
34
49
212
255
176
196
222
451
432
309
433
309
309
160
433
309
434
331
434
437
434
433
307
433
426
205
306
477
428
340
431
431
485
305
305
341
432
303
303
461
259
426
205
209
485
149
216
183
26
330
476
232
406
122
177
250
46
231
161
133
157
54
163
451
152
408
250
245
133
243
320
487
487
261
161
41
228
269
179
124
54
182
34
66
192
85
78
24
156
34
100
48
70
148
58
262
190
136
183
249
145
153
112
71
87
116
155
135
244
259
179
224
249
175
148
60
188
135
190
119
143
199
184
120
188
201
170
118
226
204
215
112
191
182
190
178
179
131
196
178
238
145
34
49
212
255
175
196
221
