69
452
432
161
309
310
434
310
310
310
435
310
434
335
434
437
434
433
427
433
433
485
397
307
205
431
431
477
368
345
399
432
305
427
304
427
341
431
213
476
463
261
205
485
426
417
426
178
375
397
232
324
216
26
134
120
356
453
150
55
161
436
47
158
193
164
44
153
41
188
180
123
192
85
54
183
75
64
43
194
30
85
151
24
101
43
64
259
75
54
72
198
136
190
113
154
184
202
156
187
133
123
232
113
243
140
144
152
196
181
209
175
58
217
189
204
190
169
175
184
148
137
119
215
188
147
190
188
194
203
208
119
113
200
182
101
178
175
184
452
432
161
308
310
434
309
310
310
435
310
434
335
434
437
434
433
427
433
433
485
396
306
204
430
431
476
367
345
399
432
305
426
303
427
341
431
213
475
462
261
205
485
426
417
426
178
374
396
232
323
216
25
134
120
356
453
150
54
160
436
46
158
192
164
44
153
40
188
180
123
192
85
54
183
75
64
43
193
30
85
151
24
100
43
64
259
75
54
72
198
136
189
112
154
183
202
156
186
132
122
232
112
242
140
144
151
196
180
211
174
58
216
189
203
189
169
175
183
148
136
118
215
188
147
189
188
193
202
207
119
112
199
182
100
178
174
184
