92
401
451
446
216
266
290
445
403
216
415
64
207
400
447
221
216
42
214
205
349
223
70
67
263
36
60
38
452
97
84
141
430
487
341
98
203
264
444
219
85
235
83
73
313
329
475
377
405
79
478
225
210
240
258
220
56
222
224
83
377
300
400
66
277
184
313
292
364
244
205
77
365
195
221
391
158
403
464
200
351
216
329
259
477
393
383
264
175
185
365
57
390
72
61
72
160
76
31
87
82
178
41
64
56
41
99
76
205
109
26
76
108
58
102
79
66
81
104
94
109
109
55
70
37
73
26
91
25
106
236
109
91
96
40
91
42
33
98
83
98
69
86
33
91
82
91
47
115
98
124
104
73
29
31
119
78
37
24
90
97
25
109
81
24
52
87
79
91
62
60
99
97
253
46
37
73
101
106
48
25
50
108
87
90
400
451
446
215
266
290
444
403
215
415
64
207
400
447
220
216
41
214
204
349
222
69
67
263
36
60
37
451
96
84
141
429
487
341
97
203
264
444
218
84
234
83
73
313
329
475
376
404
78
478
224
209
239
258
219
55
221
223
82
377
300
399
65
277
183
313
292
364
244
204
76
364
194
220
390
157
403
464
200
351
216
329
259
477
392
382
264
175
184
365
56
389
72
61
72
160
76
31
86
81
177
41
64
55
41
99
75
205
108
26
75
108
58
102
78
66
81
104
94
109
108
55
69
36
73
26
91
24
106
236
108
90
95
40
90
42
33
98
83
98
69
86
32
90
81
91
46
114
97
124
104
72
29
31
118
78
36
24
90
96
25
108
80
24
51
86
78
91
62
60
99
97
253
46
37
73
101
105
48
25
49
107
87
89
