89
453
427
431
161
310
310
310
437
434
310
310
332
331
434
338
434
434
340
307
433
434
335
433
306
307
205
431
477
342
327
434
338
214
359
369
485
305
341
432
326
304
378
431
432
304
327
397
354
184
303
259
204
485
304
121
406
163
150
325
331
232
250
304
26
42
216
54
463
177
356
321
304
162
158
134
272
270
257
361
253
231
229
487
212
304
245
44
134
153
180
259
121
192
81
54
67
101
85
30
43
156
207
48
166
24
34
262
154
75
61
196
184
166
136
190
154
184
154
168
195
181
146
196
202
72
117
144
133
178
244
184
144
111
259
262
175
207
191
190
221
178
60
205
188
121
182
188
195
144
184
170
176
119
122
136
192
183
201
147
227
223
203
112
215
263
222
233
186
190
227
196
46
158
234
238
101
178
178
453
426
430
160
309
309
309
437
434
309
309
331
330
434
337
433
433
339
307
433
434
334
433
306
307
205
431
477
341
327
434
338
214
359
368
485
305
340
431
325
304
377
431
432
304
327
397
354
184
302
258
203
485
303
121
406
162
150
325
330
232
250
303
26
42
216
53
463
176
356
321
303
161
158
133
272
270
256
361
253
230
229
486
211
303
244
44
133
152
180
258
121
192
80
53
66
101
84
30
43
155
207
47
165
24
33
261
153
74
60
196
183
166
135
190
153
184
154
167
194
180
146
195
202
72
116
144
133
177
244
186
144
111
258
262
177
206
190
189
220
178
59
204
187
121
182
188
195
144
183
169
175
119
122
136
191
183
201
147
227
222
202
111
214
262
222
233
185
189
227
196
45
158
234
238
100
177
178
