87
129
129
131
85
75
475
114
258
393
129
458
129
89
320
132
436
65
454
424
57
431
97
336
70
394
27
99
55
463
114
139
33
46
41
129
136
129
101
441
298
67
173
245
339
255
66
337
300
141
46
38
318
379
131
130
130
276
130
189
165
306
130
157
111
75
344
448
316
298
224
45
193
89
183
131
394
255
188
93
151
375
59
357
438
400
455
356
117
172
28
58
41
33
62
63
237
136
42
160
43
34
61
259
251
260
28
62
44
67
35
52
45
259
253
52
32
73
51
245
242
262
184
246
199
53
28
28
62
63
59
185
40
262
49
40
27
221
232
46
240
41
211
256
261
226
61
53
55
236
66
50
31
238
46
62
65
82
252
75
251
76
71
34
51
37
241
56
206
42
43
249
251
73
25
129
129
131
85
75
475
114
258
393
129
458
128
89
320
131
436
65
453
424
57
431
96
336
69
393
26
99
54
463
113
139
33
46
41
129
136
129
101
441
298
67
173
244
339
254
66
337
300
141
46
38
318
379
131
129
130
276
129
189
165
306
129
157
111
74
344
448
315
298
223
45
193
88
183
130
393
254
188
93
151
375
59
356
438
400
455
356
116
172
28
57
40
32
61
62
236
136
42
160
43
34
60
258
250
257
27
62
44
67
35
52
45
259
252
51
31
73
51
245
242
261
184
246
198
53
28
28
61
63
58
185
39
262
48
39
26
221
232
45
239
40
210
255
260
226
61
53
54
236
66
50
30
238
46
61
65
81
252
74
250
76
70
34
50
36
241
55
205
41
42
246
250
73
25
