59
416
304
334
180
179
181
374
253
182
270
205
151
116
319
186
285
165
372
428
356
83
375
224
371
154
197
243
129
289
155
419
272
273
140
180
113
404
413
363
384
81
414
317
327
223
148
264
379
142
98
239
468
381
296
140
470
149
194
285
81
47
52
168
99
89
100
41
127
46
77
41
44
52
72
120
98
32
81
78
82
111
39
82
93
100
38
66
109
115
102
35
116
37
253
34
101
91
100
31
94
71
37
102
27
73
102
72
86
28
48
99
82
37
113
83
103
90
51
422
310
340
185
185
186
380
258
188
275
211
157
122
324
192
290
170
377
434
362
88
381
230
377
160
202
249
135
295
161
425
277
279
146
185
119
410
419
369
390
86
420
323
333
229
154
269
385
147
104
245
474
387
301
145
475
154
200
291
80
47
51
168
98
89
100
40
127
45
77
40
44
52
72
119
98
31
80
78
82
110
38
81
93
100
38
66
109
115
102
35
116
37
249
34
100
91
99
31
94
71
36
102
27
72
102
72
85
28
48
99
81
37
113
89
102
89
50
