89
453
431
161
310
310
310
437
434
427
310
310
331
332
338
434
434
434
340
307
433
428
434
335
306
307
205
433
434
431
342
327
214
338
397
485
341
305
432
326
304
431
432
304
358
327
184
259
303
204
485
304
121
406
163
150
331
375
304
232
250
26
325
42
216
54
177
356
321
463
162
304
158
134
272
361
270
257
372
253
231
229
487
212
245
304
44
134
153
261
180
121
192
81
54
67
101
85
259
30
43
207
156
166
48
24
34
262
154
75
243
61
196
166
136
190
184
197
154
154
168
146
181
181
72
144
117
133
178
244
144
111
259
196
262
191
221
190
178
60
205
188
121
182
188
144
169
176
184
170
119
195
122
136
192
201
147
227
183
203
220
112
215
263
186
222
233
157
190
227
196
46
158
238
234
101
178
178
209
453
430
160
309
309
309
437
434
426
309
309
331
331
338
434
433
433
339
307
433
427
434
335
306
307
205
433
434
430
341
326
214
337
397
485
340
305
431
325
303
430
431
303
358
326
184
258
302
203
485
303
121
406
162
149
330
375
303
232
250
26
325
42
216
53
176
355
321
463
161
303
158
133
272
361
270
256
372
253
230
229
486
211
244
303
44
133
153
261
179
121
192
80
53
66
100
84
256
30
43
206
156
166
47
24
33
261
153
74
240
60
196
166
135
190
183
196
154
154
168
146
181
180
71
143
116
132
178
243
143
111
259
195
261
190
220
189
178
59
204
187
121
182
187
144
169
175
183
169
119
195
122
136
191
201
147
227
183
202
219
111
214
262
186
222
233
157
189
227
196
45
158
238
234
100
178
178
208
