90
370
367
58
370
367
200
369
106
175
288
366
58
186
288
220
429
304
370
282
317
367
367
370
283
368
367
370
367
282
152
288
314
356
167
213
257
337
282
407
60
254
346
327
253
274
285
321
165
394
414
294
175
75
284
285
192
454
369
284
325
385
212
190
45
478
77
385
286
452
356
210
157
487
260
297
133
173
335
480
257
371
284
164
283
138
116
286
454
264
377
46
141
111
26
120
47
65
118
186
35
130
121
117
24
199
100
122
94
119
82
198
179
36
47
257
168
75
156
106
115
246
56
57
53
118
33
84
138
46
101
188
55
86
131
207
68
126
141
142
56
213
198
118
95
165
128
88
246
84
56
77
47
45
39
117
90
96
225
193
100
197
48
206
173
194
172
129
127
106
50
106
198
82
155
114
119
258
76
190
145
369
367
58
369
366
199
368
106
174
288
365
58
185
287
220
428
303
369
282
317
367
367
370
282
367
367
369
367
281
151
287
314
355
167
213
256
337
281
406
60
254
346
326
253
273
285
320
164
393
413
293
174
75
283
284
192
453
368
283
325
384
212
189
44
478
76
385
286
452
356
209
157
486
260
296
132
172
334
479
256
370
283
163
282
138
116
285
454
264
376
46
140
110
25
119
47
64
117
185
34
130
120
116
24
199
100
122
94
119
82
197
179
35
46
257
168
74
155
106
115
245
56
56
53
117
32
84
137
46
100
188
54
86
130
207
67
125
140
142
56
213
198
117
94
164
128
88
245
84
56
77
47
45
38
116
90
96
224
192
100
197
48
205
172
194
171
129
126
105
50
105
198
81
154
113
118
258
76
189
145
