38
456
436
438
341
164
335
314
309
437
313
441
379
311
436
208
400
436
333
165
213
187
45
381
31
142
409
253
255
181
161
137
58
153
132
265
351
123
181
169
112
171
154
180
195
63
104
56
73
89
157
136
101
178
163
132
133
192
140
179
110
172
110
201
109
120
259
189
101
164
181
177
204
200
157
176
262
455
435
437
340
163
334
314
308
436
312
441
378
310
435
208
399
436
332
164
212
186
44
374
32
141
408
253
254
181
160
137
58
153
131
264
350
122
181
166
109
168
147
176
191
59
100
65
69
86
154
132
97
174
159
132
129
188
136
175
106
187
109
198
106
116
255
185
98
161
177
174
200
197
153
173
255
