72
452
432
310
434
310
162
310
434
310
434
434
335
435
437
434
425
396
434
434
307
478
431
431
485
306
399
305
427
327
341
427
432
462
417
345
205
210
303
485
426
150
216
324
184
226
476
26
406
122
378
361
178
397
426
359
161
47
134
158
406
375
348
54
436
153
452
250
258
372
134
487
304
180
124
54
183
34
191
67
85
78
24
34
151
194
101
48
262
196
70
58
136
184
154
113
72
88
184
117
232
184
141
246
135
180
190
156
175
149
185
61
204
189
136
148
191
190
199
119
121
188
184
147
201
174
220
195
204
119
215
112
202
169
166
192
208
178
190
132
234
157
178
34
195
452
432
309
433
309
161
309
433
309
434
434
335
435
437
434
424
395
433
433
306
478
430
431
485
305
398
305
427
327
341
427
432
461
416
344
205
209
303
485
425
149
215
323
183
225
476
25
406
122
378
361
177
396
426
359
161
47
133
157
405
375
347
53
436
152
452
250
270
371
133
487
305
179
124
54
183
34
191
66
85
78
24
34
151
193
100
48
261
196
70
58
135
184
153
112
71
87
183
116
232
181
141
246
134
179
189
156
175
149
178
60
203
188
136
147
190
192
199
119
120
188
183
147
201
173
220
195
204
118
215
112
202
168
166
191
207
178
190
132
221
156
178
34
191
