92
370
367
59
370
367
200
175
106
369
288
366
186
58
429
288
370
288
220
304
317
367
370
283
367
283
368
368
368
367
282
152
370
356
314
213
167
257
337
407
60
346
254
327
285
293
394
253
321
285
414
274
165
75
284
191
175
454
478
190
284
325
45
212
385
232
201
77
385
338
452
297
369
157
356
285
336
260
480
133
200
487
335
103
257
210
173
293
371
164
186
286
264
46
141
111
26
120
47
186
118
65
35
130
117
121
100
24
94
176
199
124
82
179
36
125
168
47
257
221
233
156
106
115
75
57
56
118
53
33
84
46
101
55
188
86
68
213
142
131
126
165
56
207
141
118
95
128
199
88
117
45
84
56
39
47
77
199
121
90
96
232
193
194
246
48
100
198
246
173
106
172
211
206
127
179
50
197
129
122
106
82
68
261
190
370
367
58
369
367
200
175
106
369
287
365
186
58
429
287
369
287
220
304
316
367
369
283
367
282
367
368
367
366
281
152
370
356
313
212
166
257
336
407
60
345
254
326
284
293
393
253
321
285
414
273
165
74
283
191
175
453
478
190
283
324
45
211
385
232
200
77
385
337
452
296
368
156
356
284
335
260
480
133
199
486
335
102
256
209
173
293
371
164
186
285
264
46
140
111
26
120
47
186
117
64
34
129
117
120
99
24
94
175
198
123
81
179
36
125
167
46
256
221
232
155
105
114
74
57
56
117
53
32
83
45
101
54
188
85
67
213
141
131
125
174
55
207
141
117
95
128
199
87
116
45
84
55
39
47
76
198
120
89
96
231
192
194
246
48
99
197
245
173
105
171
210
206
127
179
49
197
129
122
106
82
68
260
190
