93
452
432
162
434
310
310
338
437
434
310
435
335
434
310
332
434
339
434
433
396
307
427
433
335
307
306
431
369
338
478
431
326
485
396
305
345
327
431
341
427
326
427
214
304
304
304
205
476
354
378
463
426
417
487
325
304
321
359
259
161
405
27
324
184
225
216
427
150
250
195
361
304
121
406
453
372
55
436
361
258
375
272
253
47
305
213
250
42
165
188
212
158
134
180
124
191
183
54
67
166
101
85
81
193
151
24
43
207
37
262
48
73
196
151
259
62
196
136
166
154
202
182
184
113
171
72
178
120
156
161
141
141
246
181
235
146
244
205
256
175
196
209
184
181
204
186
62
195
190
226
198
222
204
119
119
148
192
187
136
223
188
170
202
188
176
188
202
191
157
193
210
147
233
168
263
190
119
110
208
132
176
181
182
158
112
178
452
431
161
434
310
310
337
436
433
310
434
335
434
310
332
434
338
433
432
395
307
426
432
335
307
306
430
368
337
478
430
325
484
395
305
345
327
431
341
427
325
427
213
304
304
304
205
476
353
377
463
425
417
486
324
303
320
358
259
160
404
26
324
184
224
215
427
150
249
194
360
304
121
405
453
371
54
435
361
259
375
272
253
46
305
213
250
42
164
188
211
158
133
179
124
191
182
53
67
166
101
84
81
192
150
24
42
206
36
261
47
72
195
151
259
61
196
136
166
153
201
181
183
113
171
72
177
119
155
160
141
140
245
181
234
146
244
205
256
175
196
208
183
180
203
185
62
195
190
226
197
215
204
119
119
147
191
186
135
222
188
169
201
187
176
188
201
191
156
193
209
147
232
168
262
190
119
109
208
131
176
181
181
158
112
177
