81
129
476
86
258
129
129
114
325
132
129
132
129
425
454
76
129
89
132
245
394
337
56
114
70
48
432
319
463
59
136
97
101
66
299
174
130
97
256
441
306
299
130
100
130
104
196
93
130
393
131
394
111
164
381
131
67
443
403
337
193
317
412
476
90
465
86
136
298
66
78
188
420
157
276
132
456
357
32
142
385
313
117
34
55
63
151
130
60
42
28
172
61
140
28
43
41
161
41
42
59
42
35
59
70
52
239
44
32
33
45
246
250
52
62
40
63
184
64
41
28
55
29
208
260
196
74
65
76
226
238
256
53
50
54
242
236
261
41
244
50
75
62
34
24
262
44
66
81
65
249
25
37
63
68
261
71
74
37
49
29
32
252
128
476
85
258
129
128
113
325
131
129
132
129
424
454
76
129
89
131
245
393
337
55
113
69
48
432
318
463
59
135
96
101
66
299
174
130
96
256
441
306
299
130
99
130
104
195
92
129
393
130
393
111
163
381
130
67
443
402
337
193
316
412
476
89
464
85
135
298
65
78
188
419
156
276
132
456
356
31
141
384
313
117
34
54
63
150
129
60
41
27
171
60
140
28
42
41
161
41
42
59
41
34
58
70
51
238
43
32
33
44
246
250
52
61
39
63
184
63
41
28
54
28
208
259
196
73
65
75
225
237
255
52
50
54
241
235
260
41
243
49
74
61
34
24
261
44
66
81
64
249
24
37
62
67
260
71
74
36
48
28
32
252
