37
379
217
375
291
367
481
209
182
227
375
338
220
291
286
487
50
222
225
465
379
289
453
46
355
398
259
485
44
278
369
89
253
164
455
385
96
286
52
24
101
192
35
85
181
25
24
183
78
181
240
88
51
103
193
61
84
76
258
32
32
31
35
191
102
91
195
84
169
160
260
242
115
90
41
377
212
374
293
361
483
209
178
222
374
341
228
291
285
485
51
222
220
467
377
288
445
42
350
393
256
486
48
278
372
85
256
169
456
381
96
285
54
27
112
192
37
88
183
28
27
185
80
184
228
90
53
105
193
63
87
78
258
35
34
34
37
193
104
93
197
87
171
159
259
242
106
93
43
