82
452
432
434
309
338
310
433
339
435
311
437
427
396
434
335
205
433
166
307
369
431
431
338
485
478
336
345
305
327
121
399
432
427
463
214
427
304
354
327
341
304
476
326
431
77
304
259
418
304
204
485
426
184
216
324
325
272
226
406
426
359
110
232
70
250
406
397
26
453
47
178
361
150
375
158
54
122
372
160
253
305
348
180
123
183
85
166
75
86
262
194
24
101
259
196
70
205
190
60
187
136
202
154
113
181
72
184
193
156
120
165
190
184
133
235
181
146
246
259
209
262
140
205
196
193
144
247
244
224
186
190
178
60
204
191
136
148
204
263
190
121
223
198
241
227
230
170
202
174
119
192
119
201
147
187
168
112
192
213
157
198
190
110
169
451
432
434
309
337
309
432
338
435
311
436
426
396
433
334
204
433
166
307
368
430
430
337
484
478
336
345
305
327
121
399
432
426
463
213
427
303
354
326
340
304
476
325
431
76
303
259
418
303
203
485
425
183
215
323
324
272
226
406
425
358
110
231
70
250
406
397
25
452
46
178
360
150
375
158
53
122
372
160
253
305
347
180
123
182
84
165
74
85
261
193
24
101
259
195
69
204
189
62
187
135
201
153
112
180
71
183
193
156
120
162
190
184
133
235
180
145
246
258
209
261
139
205
195
192
143
247
243
223
185
190
178
59
204
191
136
147
204
262
189
120
222
198
240
227
229
170
201
174
118
191
118
200
146
187
168
112
191
212
157
198
190
109
169
