94
432
161
309
310
310
310
310
331
427
428
310
339
434
335
338
434
437
434
433
425
433
396
433
428
307
335
485
368
307
306
205
431
453
431
345
326
327
338
432
399
305
304
341
304
304
326
431
213
304
304
354
205
485
434
259
406
178
375
232
378
324
250
216
478
304
134
406
26
120
321
150
272
304
361
356
325
232
161
47
55
420
193
158
253
164
44
153
42
188
358
134
485
372
178
123
192
85
54
75
64
43
207
211
232
30
262
85
151
166
24
101
43
64
262
75
196
54
244
151
196
72
202
136
166
190
113
180
154
156
175
165
181
133
184
123
113
140
244
205
186
144
152
256
190
210
175
58
183
224
121
190
169
184
183
148
170
137
182
176
215
202
119
188
227
188
263
223
188
147
196
227
203
119
194
187
200
113
193
182
101
178
176
187
198
178
46
157
200
432
161
308
310
309
310
310
330
426
428
310
339
433
335
338
434
437
434
433
424
433
395
433
427
307
335
485
367
307
306
204
430
453
431
345
325
327
338
432
399
305
303
340
304
304
326
431
213
303
304
354
204
485
434
258
405
178
374
231
377
323
249
216
478
304
133
405
25
119
321
150
272
304
361
356
325
231
161
47
54
420
192
158
252
164
44
153
41
188
358
133
485
371
178
122
192
85
54
75
64
43
207
210
231
30
261
85
150
165
24
101
43
64
262
75
196
54
238
150
196
72
202
136
165
189
112
179
153
156
174
164
181
133
184
122
112
140
244
205
186
144
152
255
190
210
174
58
183
224
121
190
169
183
183
147
169
136
182
176
214
202
118
187
227
187
262
223
187
146
196
226
203
119
194
186
199
112
192
182
100
178
176
186
198
178
46
157
199
