84
371
369
59
371
481
268
107
176
168
289
370
182
289
309
412
258
430
337
371
195
62
186
371
175
284
76
353
190
154
369
323
338
284
370
310
370
284
322
286
160
287
368
373
140
295
283
284
455
388
387
406
343
285
29
286
174
250
288
287
477
260
47
213
313
372
193
455
229
430
276
271
158
238
212
106
172
333
241
431
147
25
79
260
186
46
141
111
27
108
182
117
184
52
26
65
47
38
213
54
185
100
86
94
45
101
114
75
195
106
118
57
126
109
203
86
251
135
257
249
246
149
56
77
141
255
152
106
114
178
48
123
94
97
76
44
53
164
55
87
127
196
243
198
119
44
39
50
223
116
200
75
206
47
207
192
47
226
40
73
147
59
48
83
205
115
90
199
187
371
368
59
370
481
268
106
176
168
289
370
182
289
309
412
258
429
336
371
194
62
185
371
175
284
76
353
190
154
369
322
338
283
370
309
370
284
321
285
160
287
368
373
140
294
283
283
455
388
387
406
343
285
29
286
174
250
288
287
477
259
46
212
313
371
192
455
228
430
276
270
158
238
211
105
171
333
240
431
147
25
79
259
185
46
141
111
27
108
181
117
183
51
25
65
47
41
212
54
185
100
86
94
45
101
114
75
194
106
118
56
126
109
197
86
251
134
257
248
245
148
56
77
140
254
151
106
114
178
48
122
94
97
75
43
53
163
54
86
127
195
243
197
119
44
39
50
222
116
199
75
205
47
206
191
47
226
40
73
147
58
48
83
205
115
87
199
186
