59
431
451
159
330
335
433
423
395
432
436
306
432
329
434
334
203
367
475
303
484
430
462
336
395
430
306
337
324
484
414
425
302
302
352
302
122
424
133
226
53
430
322
361
25
41
404
318
230
303
250
214
334
210
242
372
425
158
450
363
124
180
191
156
166
183
262
196
85
101
160
70
207
195
196
190
202
181
117
72
113
181
181
163
157
88
262
262
61
186
246
259
244
209
190
197
201
253
193
193
145
146
190
119
122
119
217
227
217
173
136
146
158
238
160
211
180
192
212
431
451
160
330
335
433
423
395
432
436
306
432
329
434
334
203
367
475
303
484
430
462
336
394
429
306
337
324
484
414
425
302
301
352
301
136
424
133
225
53
430
322
361
25
41
403
318
230
303
250
214
334
209
242
372
425
158
450
363
124
179
190
155
165
182
261
195
84
100
162
69
206
194
196
190
202
181
116
71
113
181
180
166
157
87
262
261
60
186
246
258
244
208
190
195
201
252
193
192
145
146
189
118
122
118
217
226
217
172
136
145
155
237
160
210
179
191
212
