97
446
216
451
401
207
445
403
266
221
415
216
293
216
451
401
213
64
70
42
263
447
67
60
205
223
314
447
410
39
349
73
430
84
36
98
97
141
240
235
258
85
77
219
84
444
313
406
203
475
341
378
222
486
224
217
223
364
330
221
293
478
398
329
244
264
210
82
221
206
351
158
201
402
184
289
366
391
259
65
242
476
464
217
55
277
392
293
133
264
418
138
193
390
203
57
377
382
72
160
60
72
56
87
82
76
76
42
190
28
226
107
41
26
64
102
109
66
97
79
104
76
58
39
260
24
93
107
91
34
55
81
91
106
70
82
96
91
91
69
109
40
242
24
98
25
97
26
82
98
73
124
238
34
97
33
48
38
86
31
46
25
106
91
104
86
112
97
91
101
62
37
97
24
79
37
119
36
73
58
259
115
79
101
87
101
48
77
82
52
90
46
87
72
105
445
216
450
400
206
445
402
265
220
414
216
293
215
451
400
212
63
69
41
262
447
67
60
205
222
313
447
409
39
348
72
429
83
36
97
96
141
239
234
258
84
76
218
83
444
312
405
202
475
340
377
221
485
223
217
222
363
330
220
292
478
397
328
244
264
209
81
221
206
351
158
200
401
183
288
366
390
259
65
242
475
464
216
55
277
391
293
133
263
418
138
193
389
203
56
377
381
72
159
59
72
55
86
82
76
75
41
189
27
225
107
41
25
64
102
109
65
97
78
103
75
58
39
259
24
92
106
91
34
54
81
91
105
70
81
95
91
90
69
109
39
242
24
98
25
96
26
82
97
72
123
238
34
97
33
48
37
86
30
45
25
105
90
104
85
111
96
90
101
61
37
97
24
79
36
118
36
72
58
258
115
78
101
86
101
47
77
82
52
90
46
87
71
105
