40
338
88
447
243
79
73
106
46
95
58
75
180
412
76
231
464
392
414
180
322
306
319
305
187
264
181
112
164
487
78
376
108
375
306
472
48
210
286
438
298
38
44
39
52
32
250
169
53
56
31
262
52
54
55
54
24
25
33
28
30
251
182
51
219
258
69
26
57
26
238
263
262
236
31
41
259
73
62
27
240
340
89
447
244
78
75
111
46
98
60
78
180
413
76
232
461
394
413
179
324
306
322
305
187
265
182
115
163
485
81
425
112
377
307
472
50
211
288
436
299
41
46
42
55
34
258
168
52
61
33
262
55
54
57
56
26
30
33
31
33
251
184
56
218
257
71
31
59
28
240
262
262
235
34
43
259
76
67
29
239
