86
453
432
161
434
309
310
425
310
310
339
310
434
331
332
338
437
434
396
307
433
335
307
342
205
369
485
306
431
341
478
431
326
338
399
305
214
432
326
304
304
304
354
205
259
485
406
397
304
232
216
375
184
378
331
134
42
250
26
304
359
120
321
150
325
178
356
232
158
161
164
361
194
305
55
254
244
153
372
303
44
487
212
42
261
134
318
178
124
192
183
85
67
262
54
43
262
30
85
207
156
166
101
37
198
154
75
196
136
154
190
202
72
166
154
142
184
113
175
181
187
120
146
135
186
205
244
259
209
175
224
58
121
175
190
184
136
169
191
183
144
215
122
170
119
176
198
188
227
188
196
201
147
227
113
203
182
188
200
110
194
193
238
178
157
226
101
46
158
176
209
178
211
452
431
161
433
309
310
424
310
310
338
310
434
330
331
337
437
434
395
307
433
335
306
342
204
369
485
305
430
341
477
430
325
337
399
304
213
432
325
303
304
303
354
204
259
484
405
396
304
231
215
375
184
378
330
133
42
250
25
304
358
119
320
149
324
178
355
231
158
161
163
361
193
304
54
253
243
152
372
302
43
486
211
42
260
133
317
177
124
192
183
85
67
262
54
43
262
30
85
207
155
165
100
36
198
154
75
196
136
153
189
201
72
165
153
142
184
113
174
180
187
119
145
135
186
204
244
259
208
175
223
58
120
175
189
184
136
169
190
182
144
214
121
170
118
175
197
188
227
187
196
200
147
227
113
202
182
187
200
109
193
193
237
177
156
226
100
46
157
175
209
178
211
