89
452
432
434
338
310
310
434
310
311
335
331
310
434
339
435
437
427
434
434
396
433
307
369
335
431
306
478
166
205
307
431
327
485
305
338
427
326
432
399
345
178
427
341
327
305
214
303
431
354
417
125
326
304
426
259
204
359
304
378
304
476
485
216
226
153
406
118
462
324
26
272
304
91
53
250
375
325
397
42
406
321
372
158
361
178
155
231
212
42
180
123
183
166
67
54
85
81
24
151
207
43
24
262
194
101
259
48
37
196
67
148
202
196
154
160
184
187
190
136
113
162
72
117
181
235
175
133
184
156
190
246
141
262
171
146
244
144
209
186
194
186
205
204
224
178
198
259
184
190
199
60
136
187
188
121
184
184
148
119
263
220
197
189
170
168
196
174
122
202
227
157
113
147
200
200
227
158
176
451
432
434
338
310
310
434
310
311
335
331
310
434
339
435
437
426
434
434
395
433
307
368
335
430
306
478
165
205
307
431
327
484
305
338
426
325
432
398
345
177
426
341
326
304
214
302
431
353
417
124
325
303
426
259
203
358
303
377
304
475
485
216
225
152
406
118
461
324
25
272
303
90
52
249
374
324
396
41
405
321
371
158
361
178
155
230
212
42
180
123
182
166
67
54
85
81
24
151
207
43
24
262
193
101
259
48
37
196
67
148
201
196
154
160
183
187
190
136
113
162
71
117
181
235
174
133
183
156
190
246
141
261
170
146
244
144
208
185
194
186
204
203
223
177
198
259
184
190
198
60
135
187
188
121
183
183
148
118
262
219
197
188
169
168
196
174
121
202
226
157
112
147
199
200
226
158
175
