83
370
368
58
367
370
106
257
268
200
369
59
307
186
371
356
176
412
367
209
371
370
368
154
368
429
369
337
367
367
293
336
285
346
325
257
138
164
480
75
60
395
373
174
286
283
191
406
167
180
455
257
283
275
285
284
455
190
282
313
354
133
212
386
386
286
45
356
258
284
78
237
477
274
430
247
78
117
212
454
104
186
29
166
46
141
111
129
26
118
188
184
44
65
121
213
115
94
57
184
54
119
121
36
75
224
109
213
101
257
86
192
153
178
255
71
56
56
33
114
141
108
118
101
142
106
127
255
106
128
44
53
196
96
50
48
174
198
83
75
44
120
56
92
172
40
77
96
243
39
102
199
93
90
223
118
206
83
195
76
120
50
85
73
68
54
79
369
367
57
366
369
105
256
267
199
368
58
306
185
370
355
175
411
366
208
370
369
368
153
367
428
368
336
366
366
292
335
284
345
324
256
137
163
479
74
59
394
372
173
285
282
190
405
166
179
454
256
282
273
284
283
454
189
281
312
353
132
212
385
385
285
44
355
257
283
77
236
476
273
429
246
77
116
211
453
103
185
28
165
46
140
110
129
26
118
187
183
44
64
120
212
114
93
57
184
54
118
121
36
74
223
109
213
100
257
86
180
153
178
254
70
55
56
33
113
140
108
117
100
142
106
126
255
105
128
43
53
196
96
50
47
174
197
83
75
44
120
56
92
171
40
76
95
243
38
102
198
93
89
223
118
206
82
194
75
119
50
84
72
68
53
79
