93
451
266
401
446
216
445
290
403
208
415
221
64
216
447
400
214
205
36
216
350
67
216
216
98
42
70
341
223
264
85
452
39
141
73
406
407
235
313
430
98
203
60
220
378
329
222
84
478
79
217
300
475
210
265
225
220
224
83
240
259
464
133
66
244
292
444
397
184
221
366
205
377
159
196
364
78
217
351
200
403
277
264
259
175
329
477
185
384
391
390
339
88
418
61
76
72
72
160
87
31
82
59
41
76
64
175
99
41
26
76
81
226
108
79
185
216
109
109
102
26
58
66
55
109
93
70
91
98
27
96
42
37
91
25
104
109
83
33
98
40
86
69
238
29
98
91
106
33
46
124
104
82
91
60
101
119
25
90
236
31
37
86
24
109
73
91
55
97
81
256
97
99
62
78
48
37
25
46
73
50
100
79
90
49
25
77
450
266
400
445
215
444
289
402
208
414
221
63
215
446
400
214
204
36
215
349
67
215
215
98
42
69
341
223
263
85
452
39
141
73
406
407
234
313
429
98
203
59
220
378
328
222
83
477
79
216
299
474
210
264
225
220
224
83
239
258
463
132
66
243
291
443
397
184
221
365
204
376
158
196
364
78
217
350
200
403
276
263
258
174
329
477
184
383
391
389
339
88
418
60
75
71
71
159
86
30
81
58
41
75
64
175
98
40
25
75
81
226
108
78
176
216
108
109
102
26
57
65
55
108
93
69
91
97
27
96
42
36
91
25
103
108
82
32
98
40
85
69
238
29
97
91
105
32
45
124
104
82
91
60
101
119
24
90
235
30
37
86
24
109
73
90
55
96
81
255
96
98
61
77
47
37
25
45
73
50
99
78
89
48
25
77
