79
393
129
85
130
423
75
475
257
114
131
453
89
394
66
97
58
324
400
33
98
27
130
465
135
338
314
337
54
431
114
41
441
46
173
46
458
396
38
68
130
255
140
27
100
337
67
297
299
130
244
188
306
164
357
465
73
157
406
110
316
45
394
86
378
443
477
447
256
447
224
151
184
298
163
455
413
312
384
195
238
117
55
31
28
41
33
63
63
61
42
41
45
251
67
62
42
248
245
253
259
43
30
246
185
31
35
49
44
73
262
28
242
63
221
261
228
232
62
256
40
27
24
52
49
261
28
40
236
59
61
55
138
43
46
31
67
258
52
62
252
34
66
242
41
252
263
51
247
82
56
76
65
54
73
29
42
29
73
393
129
85
130
423
75
475
257
113
131
453
89
394
66
97
58
324
400
32
98
26
130
464
135
337
314
336
53
431
113
41
440
45
173
45
458
396
37
67
130
255
140
26
100
337
67
297
299
130
244
188
306
181
357
465
73
157
406
110
316
44
394
86
378
443
477
447
256
447
224
151
184
298
163
454
412
312
384
195
237
116
54
31
28
40
33
63
66
61
41
41
45
250
66
62
42
247
245
253
259
43
30
246
184
31
34
48
43
73
262
27
242
62
221
260
228
232
62
255
40
26
24
52
48
261
28
40
235
58
61
55
128
43
46
31
66
258
51
62
251
33
66
241
40
251
262
51
246
81
56
76
65
53
73
28
41
29
73
