92
452
432
434
310
338
310
437
434
435
310
311
332
434
332
310
434
339
434
433
427
396
307
205
433
335
166
307
306
431
369
338
478
341
431
342
326
485
305
396
153
431
214
326
427
427
204
378
304
304
304
476
178
354
327
426
417
463
259
487
325
304
359
27
405
331
427
321
216
226
154
250
361
304
304
406
453
372
272
487
55
188
361
177
371
436
47
305
250
253
212
42
348
180
124
183
54
166
67
101
85
193
81
24
156
24
207
43
37
262
48
73
259
196
151
190
62
196
187
136
166
154
202
182
184
142
113
156
171
72
120
178
182
141
146
181
235
246
178
184
244
205
256
196
190
209
262
204
186
181
224
62
195
190
198
119
119
144
223
226
136
187
200
170
188
220
176
202
191
157
263
52
192
184
147
201
171
210
119
110
132
190
158
176
169
451
431
433
310
337
310
437
434
435
310
311
331
434
332
310
434
339
434
433
427
396
307
204
432
335
166
306
305
431
369
337
477
340
431
342
326
485
304
395
154
431
214
326
426
427
203
377
303
304
304
475
178
354
326
425
417
462
259
487
325
304
358
26
404
330
427
321
216
225
153
249
361
304
304
406
452
372
272
487
55
187
361
191
370
435
47
304
249
252
211
41
348
180
124
182
54
165
67
100
85
193
81
24
155
24
207
43
37
262
48
73
259
195
150
189
62
196
186
135
165
154
202
181
184
142
113
156
171
72
120
177
181
141
145
181
235
246
178
184
243
205
255
196
189
209
262
204
185
181
223
62
195
190
198
118
119
144
223
226
136
187
199
170
188
220
176
201
191
157
262
52
192
184
147
201
171
210
118
109
131
189
158
175
168
