90
452
432
434
309
310
338
434
310
434
339
437
435
310
335
433
427
396
335
205
307
307
166
431
369
306
338
431
336
478
345
122
485
326
305
399
432
304
427
427
327
327
214
326
354
476
341
304
462
378
326
431
77
304
259
304
204
184
324
426
325
216
417
139
232
359
406
426
126
71
360
232
250
27
47
150
397
178
406
304
153
453
158
272
54
375
372
436
305
321
396
180
123
183
85
75
166
85
51
24
262
101
193
34
151
73
259
196
205
190
148
136
187
154
202
166
182
113
193
184
156
190
72
171
120
184
133
256
235
246
161
262
146
183
209
196
140
205
180
184
193
144
247
244
224
190
178
191
148
204
204
136
186
214
184
198
121
220
210
230
188
227
170
119
119
188
174
201
202
176
178
192
113
263
192
168
157
210
110
227
163
451
431
433
308
309
338
433
309
433
339
436
435
309
335
432
427
395
335
204
306
307
166
430
368
306
337
430
335
477
344
121
485
325
305
399
431
304
426
426
327
326
214
325
353
476
340
304
462
377
326
430
77
304
258
303
203
184
324
426
325
216
417
139
231
358
406
425
126
70
359
232
249
27
47
150
396
178
406
304
153
452
157
272
54
375
371
435
304
321
395
180
123
182
85
75
165
84
51
24
262
100
192
33
150
72
259
196
205
190
163
136
187
154
202
166
181
113
193
183
155
189
72
170
120
183
133
255
235
246
161
262
145
182
209
196
139
205
179
183
193
143
246
243
224
189
177
190
148
204
203
136
185
214
183
197
121
219
210
229
188
227
170
119
118
188
173
200
201
175
177
192
113
262
191
168
157
210
110
227
163
