94
393
476
76
129
89
258
85
129
458
325
131
458
114
129
129
424
129
132
56
431
69
27
136
336
319
130
34
140
98
245
101
46
394
97
114
66
66
55
300
41
446
476
466
174
338
441
447
255
337
67
306
141
399
129
401
130
38
196
298
111
48
99
394
276
130
164
344
73
92
131
313
157
194
448
130
348
131
184
379
477
131
316
298
393
381
46
357
437
94
487
151
375
456
223
238
34
41
117
43
63
58
136
259
42
30
41
61
169
148
28
158
61
59
44
52
260
246
35
32
181
245
51
253
59
52
242
42
64
73
249
62
49
40
263
247
24
31
63
185
28
261
41
49
260
55
27
215
196
248
208
232
65
28
50
224
263
53
261
259
54
224
31
76
41
255
66
75
46
218
235
232
75
240
252
71
62
65
258
250
253
42
259
241
53
56
205
73
82
393
475
76
129
89
257
84
129
458
324
131
457
114
128
129
424
129
132
56
431
69
27
136
336
319
130
33
140
98
244
101
46
393
97
114
65
66
54
300
40
446
475
465
173
337
441
447
255
337
67
306
140
399
129
400
130
37
195
298
111
48
98
394
276
130
164
343
73
92
131
312
157
193
448
130
348
131
183
379
476
131
315
297
393
381
46
357
437
94
486
151
375
456
223
238
34
41
116
42
63
58
135
258
41
29
40
60
169
148
27
157
60
59
44
52
259
246
35
32
181
244
51
252
58
51
242
41
63
72
249
62
48
39
262
246
24
31
63
184
28
261
40
48
260
55
27
215
196
248
208
232
64
27
49
224
262
52
260
259
54
223
31
76
40
254
65
75
45
217
235
231
74
239
252
70
62
64
257
250
253
41
258
240
53
56
205
73
82
