80
452
432
434
310
310
310
310
434
437
332
435
434
340
335
433
396
307
337
434
427
205
478
368
335
431
431
307
485
327
305
342
399
214
427
338
304
354
432
340
325
304
417
358
304
462
327
476
485
356
426
258
322
136
205
303
216
375
361
386
42
406
26
158
406
453
427
232
397
250
304
325
321
365
232
55
378
253
270
272
436
180
124
183
54
81
34
70
85
101
156
193
48
262
205
75
196
157
166
64
259
190
184
201
193
113
154
133
72
168
117
154
184
146
232
181
259
207
135
144
205
190
189
196
244
180
262
196
60
147
204
224
148
260
175
205
136
168
186
189
122
121
119
113
202
190
220
184
174
170
220
195
227
211
227
194
178
190
221
263
208
452
431
434
309
309
309
309
433
436
332
435
434
340
335
432
395
307
336
433
426
204
477
368
335
430
430
307
485
327
305
341
398
214
426
337
304
354
431
339
325
303
417
358
304
462
327
476
485
355
426
258
322
135
204
303
216
374
361
385
42
406
26
158
406
452
426
232
396
250
304
325
321
365
232
54
378
252
270
271
435
179
123
182
54
80
34
69
85
101
155
192
47
262
205
75
195
157
166
64
259
189
184
201
192
112
154
133
72
167
117
153
183
146
231
181
258
207
134
144
205
189
189
196
244
179
262
195
60
146
204
224
148
256
175
205
136
167
185
188
122
121
119
113
201
189
219
184
173
169
220
195
226
211
227
193
177
189
220
262
208
