84
453
161
431
310
310
310
437
434
310
331
310
338
332
434
427
339
434
307
433
433
426
434
335
306
307
205
369
431
342
327
478
214
338
485
341
305
432
326
304
431
304
432
327
184
259
205
303
485
304
406
121
163
150
331
375
304
232
250
26
325
42
54
216
177
304
356
463
321
162
158
134
272
361
270
253
257
231
229
304
245
219
487
44
153
179
192
121
81
54
67
101
85
30
207
43
166
156
48
195
262
34
154
75
184
262
61
196
166
136
190
202
154
154
168
184
146
181
72
144
117
133
178
244
144
259
111
262
191
221
175
190
60
205
121
188
182
188
144
169
176
184
170
119
195
122
192
136
201
220
147
183
227
203
112
215
263
186
222
190
233
227
196
234
238
161
33
101
178
452
161
431
310
309
310
437
433
309
331
310
338
332
434
426
339
434
307
432
433
425
433
335
305
307
204
368
431
342
326
478
213
338
485
341
304
432
325
303
431
303
432
326
183
259
204
303
484
304
406
120
162
150
331
374
304
231
249
25
324
41
53
216
177
304
355
462
320
162
158
133
271
360
269
252
257
231
228
303
245
218
486
43
152
178
191
120
81
54
67
101
85
29
207
42
166
156
48
195
262
34
154
75
184
262
61
195
166
136
190
201
154
153
168
183
145
181
72
144
117
133
177
243
143
258
111
262
191
221
174
190
60
205
120
187
181
188
143
168
176
184
170
118
194
121
191
135
201
220
146
182
226
203
112
214
262
186
221
190
232
226
195
233
237
161
33
101
178
