39
266
158
340
475
216
280
345
109
185
476
248
79
206
325
150
338
262
341
167
304
139
235
385
342
380
143
464
437
394
350
364
461
220
172
167
289
383
366
276
46
70
99
108
41
57
76
89
54
96
117
43
40
77
256
34
36
111
54
35
120
46
101
88
89
89
76
80
79
29
110
91
117
39
26
101
69
87
44
270
157
342
478
219
284
346
109
189
478
252
81
210
325
147
340
265
343
171
304
141
237
388
343
381
146
469
437
400
352
366
468
224
175
171
291
382
368
280
46
69
96
104
37
56
76
85
51
93
117
43
40
74
256
31
35
110
50
26
113
43
101
87
89
86
75
79
76
28
109
94
116
38
25
97
65
87
40
