82
393
128
85
130
75
475
423
129
257
114
128
131
453
66
394
97
89
324
400
69
33
134
27
130
463
314
54
338
431
337
114
41
441
66
46
173
46
458
396
38
255
140
27
337
100
67
297
130
294
244
130
188
151
343
306
316
465
357
406
157
73
110
394
45
342
86
487
378
384
443
477
256
447
151
298
163
184
312
455
224
413
341
238
117
55
31
41
33
28
157
63
63
130
61
42
251
45
67
41
42
248
52
245
247
259
43
32
31
49
185
44
35
73
262
28
62
242
63
221
261
228
232
40
27
24
49
52
261
28
259
38
59
226
61
135
221
55
62
46
43
258
67
31
52
34
252
232
66
70
242
29
41
252
51
247
56
65
54
76
42
73
82
29
209
393
127
85
130
75
474
423
130
257
113
128
131
453
65
394
96
89
324
399
69
33
133
27
130
463
313
54
338
430
337
113
40
441
66
46
173
46
458
396
38
255
140
27
337
100
66
297
130
294
243
129
188
161
342
306
316
464
357
406
157
73
110
394
44
342
86
486
377
383
442
477
255
447
151
298
163
184
312
455
223
412
340
238
117
54
31
40
33
28
178
62
62
129
61
41
251
45
66
40
41
248
51
245
246
258
43
32
31
49
184
43
34
72
262
27
61
241
62
220
260
228
232
40
27
24
49
52
260
27
259
37
59
225
60
146
220
55
61
46
42
258
67
31
52
34
251
231
66
70
242
29
40
252
50
247
55
65
54
75
42
72
81
28
208
