81
129
393
454
109
86
476
425
132
258
326
71
132
85
459
56
394
132
245
337
58
294
70
339
319
306
97
66
465
256
432
101
105
174
441
306
196
398
403
344
338
380
164
313
394
136
412
341
443
313
186
93
487
111
317
465
480
142
296
78
157
300
304
393
188
357
276
319
314
33
115
86
244
131
438
344
356
385
246
412
407
455
117
238
42
61
55
33
28
61
63
42
41
28
41
261
59
42
42
59
35
44
38
52
188
32
55
64
62
32
41
44
51
74
63
28
24
65
227
247
226
49
240
54
249
53
81
34
209
41
261
69
76
70
50
62
44
263
28
28
25
68
68
43
261
37
37
261
52
42
52
71
66
42
71
261
238
26
29
261
60
45
74
128
392
454
109
86
476
425
131
258
325
70
132
84
459
55
394
131
244
336
57
293
69
338
318
305
97
65
465
255
432
101
105
174
441
306
196
397
402
344
338
380
163
312
394
136
411
340
443
312
186
93
486
111
316
465
480
142
295
77
157
300
303
393
188
356
276
318
313
33
114
86
243
131
438
343
356
385
245
411
406
455
116
237
41
60
54
33
27
61
62
41
40
28
40
261
58
42
41
59
35
43
37
51
188
32
55
63
61
31
41
43
51
74
63
28
24
65
226
244
226
48
239
54
248
53
80
34
209
41
260
69
75
69
50
61
43
262
28
27
24
68
68
42
260
37
36
260
52
42
52
70
65
42
71
261
237
25
28
261
59
45
73
