100
216
446
401
451
445
266
216
203
216
403
451
216
415
216
213
221
290
216
447
401
61
205
42
64
67
39
349
341
223
263
430
73
85
97
85
378
259
77
314
98
235
411
224
222
405
220
203
486
141
73
330
240
475
36
84
313
243
216
264
329
223
66
364
55
206
221
289
400
184
477
83
351
391
158
203
259
447
210
217
402
221
366
264
464
300
475
135
201
392
377
77
294
368
217
242
138
57
88
277
233
160
72
72
60
87
76
178
59
202
82
107
226
42
190
26
76
31
212
97
41
104
76
109
64
79
93
107
26
58
66
34
91
55
106
91
82
91
69
39
91
96
24
125
98
98
109
25
73
70
109
33
82
97
81
40
24
33
238
106
46
34
119
97
115
112
48
97
31
37
86
104
97
79
91
48
37
263
91
260
62
86
24
48
58
29
74
101
102
101
72
80
87
111
250
107
82
87
25
78
39
216
446
400
451
444
266
216
203
216
402
450
216
414
216
213
221
289
216
446
401
61
205
42
63
66
39
349
341
223
263
430
72
84
97
84
378
259
76
314
97
235
411
224
222
405
220
203
486
141
73
330
240
474
36
83
313
243
216
264
329
223
66
364
55
206
221
289
399
184
476
83
351
391
158
203
259
447
210
217
401
221
366
264
464
299
475
135
201
392
377
76
294
368
217
242
138
57
88
277
233
160
72
72
60
86
76
178
59
201
81
106
225
41
190
26
76
31
211
97
40
104
76
109
63
79
92
107
26
58
66
34
90
54
106
90
82
91
69
38
90
96
24
125
98
98
109
25
72
70
109
33
82
97
81
39
24
33
238
106
45
34
119
97
114
112
48
97
31
37
86
104
97
78
91
48
37
262
91
260
61
86
24
48
58
29
73
101
102
101
71
80
87
111
250
107
82
87
25
78
39
