82
452
432
434
310
310
310
310
434
437
435
335
434
434
340
434
335
338
433
307
396
434
427
478
307
367
431
431
335
485
327
338
307
305
305
326
397
214
324
304
427
432
427
345
417
304
304
325
485
327
476
426
462
371
216
341
303
356
121
406
26
386
42
406
158
453
426
325
304
54
321
364
304
253
272
436
372
270
250
373
361
41
163
180
124
183
54
81
34
70
85
101
193
151
24
34
262
48
205
166
75
157
196
64
259
184
145
201
154
113
193
72
165
181
133
169
117
178
181
146
148
259
243
135
232
156
189
190
244
205
60
262
196
204
180
168
136
141
205
147
188
121
119
189
122
202
113
190
220
195
179
192
227
211
216
190
263
208
157
222
132
181
185
176
182
451
432
433
309
309
309
309
433
436
434
334
434
434
340
434
334
337
432
307
396
433
426
478
306
367
430
431
334
485
326
337
306
305
305
326
397
214
323
303
426
432
426
344
416
303
303
324
485
327
476
425
462
370
216
340
303
355
120
406
26
386
42
406
158
452
425
324
304
54
321
364
303
254
271
435
371
270
249
372
361
40
164
179
123
182
54
80
34
69
85
101
193
150
24
34
262
48
205
165
75
157
196
64
259
183
144
201
154
112
193
72
165
181
133
169
116
178
181
146
147
258
243
134
231
155
189
190
243
205
60
261
196
203
179
168
136
141
205
146
187
121
119
188
121
202
113
190
219
195
179
191
227
211
216
192
262
208
156
222
131
181
184
176
178
