69
450
446
216
401
207
290
216
221
266
42
451
404
401
223
415
445
486
447
70
406
349
36
219
342
444
263
430
84
314
78
141
475
221
225
235
313
203
379
240
243
329
66
377
200
364
300
351
393
292
259
403
223
57
209
203
233
390
329
181
265
476
56
242
365
256
205
382
447
263
61
72
160
72
56
31
199
76
76
109
107
82
41
58
42
87
73
97
102
98
107
80
109
27
236
66
34
40
39
69
70
98
123
98
96
24
25
83
82
33
33
119
73
101
97
29
97
101
90
37
62
34
87
90
46
39
80
46
34
106
73
114
107
108
80
111
36
263
48
447
443
213
398
205
287
213
218
263
39
449
401
398
221
412
442
484
444
67
403
346
33
216
339
441
260
427
81
311
75
138
473
218
222
232
310
200
376
237
240
326
63
374
196
361
297
348
390
290
256
400
220
54
206
200
230
387
326
178
262
473
53
239
362
253
202
380
444
260
61
72
160
71
56
31
196
76
76
108
107
82
41
57
42
86
73
97
102
97
106
80
108
27
236
66
34
39
38
69
70
98
122
97
96
24
25
83
82
33
33
118
73
100
96
29
97
101
89
36
62
34
86
90
46
39
80
45
33
105
73
114
106
108
80
111
35
262
47
