94
129
476
132
85
129
454
129
393
114
258
129
76
129
132
425
325
89
458
56
337
27
132
70
245
394
34
319
136
59
299
66
48
431
100
399
98
130
464
256
174
453
407
299
114
42
441
380
37
101
394
66
306
66
403
46
93
131
130
46
338
313
338
308
164
341
131
94
443
111
480
189
445
466
487
90
393
104
193
276
321
27
73
299
382
189
399
157
412
443
478
385
455
357
132
118
33
28
58
130
42
151
238
61
63
175
41
164
61
28
42
41
259
59
35
260
43
52
59
42
245
32
246
45
40
62
239
44
256
228
65
187
32
41
63
249
255
29
71
263
28
240
235
52
53
262
55
249
244
250
76
256
197
221
182
258
49
153
54
209
236
244
41
50
263
61
261
44
70
254
261
75
75
261
55
24
31
65
250
36
218
68
31
243
252
32
73
37
71
128
476
132
85
129
453
129
392
114
258
128
76
128
131
425
325
89
458
56
337
26
131
70
245
393
34
319
135
59
299
66
47
430
100
399
97
129
464
256
174
452
407
299
114
42
440
380
36
101
394
65
306
66
402
46
92
130
129
45
338
313
338
307
164
340
131
94
443
111
480
189
444
466
486
89
392
103
193
275
321
26
73
298
381
188
399
157
412
443
477
384
454
357
132
118
33
28
58
130
41
150
237
61
62
175
41
164
61
28
41
41
258
59
35
260
42
52
58
41
244
32
246
45
39
62
238
44
255
227
64
186
31
41
63
248
255
28
71
262
28
240
235
52
53
262
54
249
243
250
75
255
196
220
182
258
48
158
54
209
236
244
40
50
262
60
261
43
70
254
261
75
74
260
54
24
31
64
250
36
218
68
30
243
252
32
72
37
71
