39
323
437
324
346
447
318
94
93
441
438
388
445
103
317
318
46
257
474
317
182
319
317
401
371
198
77
457
262
452
383
137
253
464
473
169
315
207
98
447
44
90
55
125
152
103
64
76
49
226
62
75
76
189
127
137
246
97
166
74
117
179
81
49
179
101
81
77
138
46
111
49
98
87
183
79
122
89
88
309
423
310
332
433
304
80
79
427
424
374
431
89
304
304
32
245
459
303
169
305
303
387
357
186
63
443
249
438
370
124
239
450
459
155
301
192
84
433
44
90
55
125
152
103
63
75
58
225
61
75
75
182
127
137
246
96
166
74
116
179
78
49
179
101
81
77
140
46
111
48
98
87
182
79
121
88
87
