97
452
432
434
310
434
310
310
331
338
437
335
426
339
310
434
435
434
309
166
307
396
433
205
431
369
335
306
307
478
338
431
484
327
129
305
135
326
125
396
427
432
345
341
427
327
214
303
139
356
205
304
304
326
259
178
418
426
304
378
216
476
125
226
485
462
26
406
321
155
427
304
325
47
324
250
304
375
359
55
119
406
113
158
486
272
452
372
253
361
305
212
231
436
52
42
258
188
180
124
183
54
85
64
75
207
166
101
151
262
262
42
37
194
48
85
187
151
196
67
190
154
202
196
166
136
184
182
113
72
165
223
120
250
175
194
178
235
135
156
141
246
262
146
244
218
205
175
256
205
186
224
192
186
204
190
184
136
196
206
187
60
184
119
121
227
191
223
220
196
119
148
170
176
168
195
194
184
202
232
113
49
263
192
157
190
147
110
158
227
210
184
175
234
184
452
431
434
309
434
309
309
331
337
437
334
426
339
309
434
435
434
308
166
306
396
433
205
431
368
335
305
306
478
338
431
484
326
129
304
135
326
125
395
427
432
344
340
427
326
213
302
138
356
205
303
303
326
259
178
418
425
303
377
215
476
125
226
485
461
26
405
321
154
426
303
325
47
323
250
304
375
359
55
119
406
112
158
486
272
452
372
252
361
304
211
231
435
52
41
257
187
180
124
183
54
85
64
75
207
165
100
151
261
261
41
37
194
48
85
186
151
195
67
189
153
201
196
166
136
183
181
112
71
164
223
119
250
175
194
177
235
135
156
141
246
262
145
243
217
205
174
255
204
186
223
192
185
203
189
184
135
195
205
186
59
183
119
120
226
190
223
220
196
119
148
169
176
168
195
194
183
201
232
112
48
262
192
157
189
147
109
157
226
209
184
174
233
183
