37
109
34
175
321
424
322
239
422
104
321
409
262
37
216
35
324
423
475
344
66
323
177
164
165
53
190
156
183
346
193
342
257
324
307
34
482
321
94
93
188
75
231
44
96
254
84
102
171
201
184
184
195
233
138
75
48
162
210
85
185
91
176
173
197
198
75
102
162
99
56
70
160
33
92
105
31
169
317
418
315
233
417
101
316
401
257
30
211
28
318
417
471
340
59
318
173
158
160
49
185
152
177
342
189
341
252
321
304
27
479
316
90
90
184
71
227
41
92
247
81
101
167
197
180
180
192
229
135
72
44
159
225
81
181
88
172
170
193
195
72
98
164
96
52
67
156
30
88
