79
129
476
86
258
393
114
129
325
132
129
132
425
454
76
89
132
245
27
394
337
56
34
114
70
459
432
319
463
59
101
66
299
174
380
137
256
97
441
306
339
299
50
41
100
403
398
104
93
131
196
66
394
111
164
130
131
487
443
337
193
317
412
476
465
86
136
298
90
78
33
188
487
444
420
157
456
132
357
142
117
34
55
63
238
60
175
42
28
160
61
28
43
41
41
42
59
260
42
35
59
245
70
52
261
44
32
33
45
52
62
40
63
240
246
41
64
28
55
185
29
224
263
263
247
227
74
76
236
65
262
53
50
54
215
260
70
41
50
75
62
34
24
44
66
81
65
263
25
52
37
53
263
63
68
73
71
37
29
128
476
86
257
393
113
128
324
132
128
131
425
453
76
89
131
245
26
394
336
56
33
114
69
458
431
318
462
59
100
65
298
173
379
136
255
97
440
305
339
298
49
41
99
402
397
104
93
131
195
66
394
111
164
129
130
486
443
336
192
316
411
476
465
86
136
297
90
77
33
187
486
444
420
157
455
131
357
142
117
34
55
62
237
59
169
41
28
127
61
27
42
41
41
41
58
260
42
35
59
244
69
52
261
43
32
33
44
52
62
40
62
240
245
40
64
28
55
185
28
226
262
262
246
226
74
76
236
64
261
53
49
54
208
259
69
40
50
74
62
34
24
43
66
80
64
262
25
51
37
52
262
62
68
72
70
37
29
