83
452
432
434
338
310
310
434
339
311
437
335
331
434
434
427
435
433
396
369
335
431
166
307
478
431
485
305
326
399
432
341
178
427
345
427
214
417
303
431
327
304
122
426
204
354
359
378
476
304
485
153
406
226
216
153
136
324
462
375
272
26
160
134
426
406
250
325
42
54
321
304
397
372
158
231
361
361
305
253
42
178
212
188
180
123
183
166
54
81
85
262
24
101
151
207
48
37
259
193
75
196
202
196
154
187
136
184
113
72
120
175
184
133
140
190
246
156
235
146
186
244
144
262
205
189
204
178
209
198
184
199
259
60
179
121
187
136
189
244
148
184
168
263
119
200
179
220
202
170
196
122
192
227
223
174
157
113
227
147
188
110
190
176
200
158
184
452
432
433
338
310
309
433
338
311
437
335
330
434
434
427
435
432
395
369
335
431
166
307
477
430
484
305
325
398
431
340
177
426
345
426
213
416
303
431
327
304
122
425
203
353
358
378
475
303
484
152
406
226
216
153
136
323
462
375
272
26
160
134
425
406
250
325
42
53
321
304
396
371
158
231
360
361
304
253
42
178
212
188
179
122
182
166
53
81
84
262
24
100
150
206
47
36
258
192
74
196
202
196
154
186
135
184
112
72
119
171
184
132
139
189
246
155
234
146
186
244
143
262
205
188
203
177
209
197
183
199
259
60
179
121
186
135
188
243
147
184
168
262
119
199
179
219
201
169
195
122
192
227
222
173
157
113
226
146
188
110
190
175
200
158
183
