92
216
446
401
451
445
266
216
203
403
415
447
213
221
290
216
42
401
70
205
60
451
39
67
64
349
341
223
263
430
73
85
85
259
378
77
314
98
235
224
222
405
220
203
475
141
486
330
240
36
84
216
243
313
444
264
329
223
289
364
206
221
400
184
477
82
351
66
391
56
203
259
158
210
217
402
221
201
264
464
300
447
475
377
392
77
294
217
368
242
138
57
88
160
72
72
60
87
76
178
59
82
42
99
26
76
31
212
109
41
102
76
104
109
93
79
64
107
26
58
66
34
91
55
91
91
82
69
39
91
96
125
98
98
109
25
97
70
73
33
82
81
40
238
33
24
236
106
46
34
97
97
112
48
31
37
86
104
97
119
79
115
48
37
91
91
260
62
86
102
48
58
29
263
74
72
101
80
87
250
111
107
82
87
25
216
445
401
451
445
265
216
203
403
415
446
213
221
290
215
42
401
70
205
60
450
39
67
64
348
341
223
263
430
73
85
85
258
378
77
314
98
235
224
222
405
220
203
474
141
486
330
240
35
84
215
243
313
444
264
329
223
288
364
206
221
399
184
476
82
350
66
391
55
203
259
158
210
216
401
221
201
264
464
300
447
475
377
392
76
294
217
368
241
138
57
88
160
72
71
60
87
76
178
59
82
41
98
26
76
31
211
108
40
102
76
103
109
92
78
64
106
26
58
66
33
91
55
90
91
82
69
39
91
95
125
97
98
108
25
96
69
72
33
81
81
40
238
33
24
235
106
46
34
97
97
111
48
30
37
86
103
97
119
79
115
48
37
91
90
259
61
86
101
48
58
29
262
74
72
101
79
87
250
111
107
81
87
25
