37
34
262
379
258
121
257
308
35
424
347
378
154
487
96
341
44
389
378
258
386
430
117
411
476
163
255
408
469
198
475
256
194
473
201
80
474
146
76
46
83
106
76
139
85
64
100
93
235
181
104
214
83
77
78
263
118
155
65
65
87
182
49
167
99
154
259
66
80
37
94
78
100
76
123
24
252
369
248
111
247
298
25
414
337
368
145
486
86
331
34
379
368
248
376
420
107
401
466
153
245
398
459
189
465
246
184
463
191
70
464
136
75
46
83
105
76
138
85
64
100
93
235
181
100
210
82
77
77
262
121
155
62
65
87
181
49
167
99
154
258
66
80
37
93
78
100
69
122
