85
393
129
75
85
475
129
131
458
114
257
380
325
424
89
129
129
129
132
97
394
65
58
431
336
400
462
68
33
135
27
114
343
55
46
131
441
316
458
41
141
297
129
129
337
394
255
67
100
245
300
173
277
46
397
99
110
342
27
130
313
448
69
130
189
130
86
306
316
157
75
357
298
192
151
224
487
255
131
188
455
166
356
59
319
392
238
117
41
55
33
172
28
43
62
63
241
42
28
43
160
136
148
61
67
42
251
62
44
35
248
33
53
245
247
259
73
221
52
242
43
28
32
261
263
27
28
199
184
49
53
40
261
52
59
40
63
261
221
227
263
52
232
24
236
252
46
64
259
61
211
66
54
62
66
31
43
65
75
56
82
70
51
71
37
73
53
25
42
52
28
393
129
75
85
475
128
131
458
114
256
381
324
424
88
128
128
129
132
97
394
65
57
431
335
400
462
68
33
135
27
114
342
55
45
131
441
316
458
40
140
297
129
129
336
393
254
67
100
244
299
172
276
45
397
99
110
341
27
130
312
448
69
129
189
130
86
306
316
157
74
356
298
191
151
223
487
254
131
188
455
166
356
59
319
392
238
116
40
54
32
172
28
42
61
62
237
41
27
43
159
135
147
61
66
42
250
61
43
35
248
32
52
245
246
258
72
217
51
241
43
28
32
260
262
27
27
198
184
49
52
39
261
51
59
40
62
260
220
226
262
51
237
24
236
245
46
63
258
61
211
65
53
62
66
31
43
65
75
56
81
69
50
70
37
73
53
25
41
51
27
