92
129
393
476
132
258
85
114
454
129
129
129
132
425
76
325
129
89
56
27
337
132
394
245
70
136
34
319
459
48
66
431
299
59
100
463
130
394
380
256
174
97
114
101
398
66
299
37
441
130
130
403
306
479
130
93
104
131
407
46
338
46
164
443
94
487
131
446
313
193
317
276
466
189
111
90
27
338
66
412
314
298
487
73
313
157
188
393
455
357
385
407
449
117
238
33
28
63
58
61
43
151
130
172
61
28
41
42
161
41
59
260
35
43
42
59
52
246
245
32
259
239
62
44
40
45
256
33
184
53
240
41
63
64
71
52
228
262
29
235
28
208
196
247
55
262
226
76
74
256
258
250
49
221
54
41
244
70
236
235
261
75
62
261
44
61
50
254
24
182
251
31
159
65
53
31
249
68
37
261
74
37
32
43
260
129
393
475
131
258
84
113
453
128
129
129
132
425
75
324
129
88
56
26
337
132
393
244
69
135
33
318
459
48
65
431
298
59
100
462
130
393
379
256
174
96
113
100
398
66
299
36
441
130
130
402
306
479
130
92
103
130
406
45
338
46
163
443
94
486
131
446
313
193
316
275
466
189
111
90
26
337
66
411
319
298
486
72
313
156
188
393
454
356
384
406
449
116
237
33
27
63
58
61
42
151
130
171
60
28
40
42
161
40
59
260
34
43
41
59
52
246
245
32
259
239
62
44
40
45
256
33
183
53
240
40
63
63
70
52
228
262
28
235
27
207
196
246
55
261
226
76
74
256
257
250
48
220
54
41
244
70
236
234
260
74
61
260
43
61
50
254
24
182
250
31
161
64
53
30
249
67
36
260
73
36
32
43
260
