93
451
446
266
216
401
207
451
404
221
445
293
401
415
216
42
64
447
212
204
67
70
222
36
60
235
73
350
97
486
263
39
341
98
478
430
259
314
84
141
411
85
222
220
240
406
475
77
224
313
378
84
444
243
66
220
329
158
364
223
331
399
351
83
259
264
200
210
222
135
203
393
377
138
292
292
56
264
367
464
193
202
57
403
390
181
446
233
383
205
277
365
256
390
60
72
76
160
72
56
107
82
76
87
29
41
42
188
109
64
97
26
76
79
102
58
81
104
96
91
107
109
73
66
94
26
91
86
34
91
39
55
70
24
91
98
109
82
98
98
69
124
24
82
40
236
33
119
46
46
91
97
34
32
31
97
104
37
106
101
91
86
101
46
101
72
82
39
90
115
48
24
58
52
25
87
62
80
34
251
39
103
112
79
108
81
90
451
446
266
216
401
207
451
404
221
445
293
401
415
216
42
64
447
212
204
67
70
222
36
60
235
73
349
97
486
263
39
340
98
478
430
259
314
84
141
411
85
222
220
240
406
475
77
224
313
378
84
444
243
66
220
329
158
364
223
330
399
351
83
259
264
200
210
222
135
203
393
377
138
292
292
56
264
367
464
193
202
57
403
390
181
446
233
383
205
277
365
256
390
60
72
76
159
72
56
107
82
76
87
29
41
42
190
109
64
97
26
76
79
102
58
81
104
95
91
106
109
73
66
94
26
91
86
34
91
39
55
70
24
91
97
109
82
98
98
69
123
24
82
40
236
33
119
46
45
91
96
34
31
31
96
104
37
106
101
91
86
101
46
101
72
82
39
90
115
48
24
58
52
25
87
62
80
34
250
39
103
112
79
107
81
90
