90
217
446
401
451
445
266
203
403
401
447
213
221
42
415
290
61
205
451
67
64
39
349
341
223
263
430
73
85
97
259
85
378
77
314
98
410
235
73
475
222
224
405
203
220
141
486
330
240
36
84
243
313
264
289
329
444
66
223
364
206
400
221
184
477
56
351
391
83
203
259
158
210
402
201
221
366
264
464
300
475
377
392
242
446
77
294
368
138
57
88
160
72
72
60
87
76
59
82
41
99
26
76
109
42
31
104
76
109
79
64
93
107
26
58
66
34
91
55
106
91
91
82
69
39
91
24
96
109
97
98
125
98
25
112
70
73
33
82
81
40
33
24
106
97
46
236
119
34
97
112
31
48
37
86
115
97
79
104
48
37
91
91
62
102
86
24
48
58
29
74
72
101
107
251
80
87
111
82
87
25
216
446
401
451
445
266
203
403
401
447
213
221
41
415
290
60
205
451
67
64
39
349
341
223
263
430
73
85
96
259
85
378
77
314
97
410
235
73
474
222
223
405
203
219
141
486
330
240
36
84
243
313
264
289
329
444
66
223
364
205
400
221
184
477
55
351
391
83
203
259
158
210
402
200
221
366
264
464
300
475
377
392
242
445
77
294
368
138
56
88
160
72
72
60
87
76
59
82
41
99
26
76
109
42
31
103
76
109
79
64
92
107
26
58
66
34
90
55
105
91
90
82
69
39
90
24
96
108
96
98
125
98
25
111
69
73
33
82
81
40
33
24
106
97
46
236
119
34
97
112
31
48
37
86
114
97
79
103
48
37
91
91
62
101
86
24
48
58
29
74
72
101
107
251
79
87
111
82
87
25
