74
326
86
476
459
132
132
136
109
71
129
316
258
393
395
57
70
89
432
425
56
300
466
459
306
337
477
48
402
339
449
256
99
133
102
46
398
442
46
174
75
189
73
41
67
359
337
112
407
245
386
139
142
316
86
397
412
341
321
296
66
394
478
246
164
186
412
408
244
225
189
441
356
157
393
42
55
35
42
31
116
248
64
44
128
34
63
238
45
62
55
41
46
28
52
40
32
261
24
36
24
242
248
185
46
41
67
46
53
224
227
29
252
63
34
61
24
263
65
43
51
50
45
59
31
83
30
44
66
34
59
206
55
30
258
55
254
261
55
76
29
258
44
82
37
263
26
69
261
325
85
475
458
131
131
135
108
70
128
315
258
392
394
57
69
88
432
425
56
299
466
458
305
337
476
47
401
338
449
255
98
132
101
45
397
441
45
173
74
189
73
41
66
359
337
111
406
244
386
138
141
315
86
397
411
340
320
295
65
393
477
245
164
185
412
407
243
224
189
440
355
156
392
41
55
34
41
31
115
247
64
44
128
33
62
238
45
61
54
40
46
28
51
40
31
260
24
35
24
242
247
184
45
41
66
45
53
224
226
29
252
63
34
60
24
262
65
42
50
49
44
59
30
83
30
44
66
34
58
205
54
29
258
54
254
261
54
75
29
257
44
82
37
262
25
68
260
