98
451
446
216
401
445
403
203
293
216
266
216
414
451
221
216
42
64
216
213
69
216
401
447
97
67
39
349
410
204
223
85
141
36
314
263
219
430
405
77
98
84
73
378
235
59
85
240
258
203
341
475
224
313
264
222
486
364
221
398
216
293
329
206
223
478
243
66
221
82
330
210
391
158
184
476
351
201
56
217
292
403
263
377
258
464
365
277
193
392
203
57
390
382
233
133
138
77
413
60
72
160
72
87
82
59
28
178
76
205
42
107
76
191
109
61
226
26
103
215
41
97
109
79
93
107
24
76
58
55
70
82
39
66
109
34
101
69
91
40
91
82
96
104
91
82
91
25
26
98
124
24
106
98
73
97
48
31
238
38
46
112
34
86
33
119
86
104
32
91
80
91
37
73
97
101
115
256
89
62
48
72
37
58
24
79
52
101
48
87
90
105
39
101
82
81
90
450
445
216
400
445
402
202
292
216
266
216
413
451
220
216
42
63
216
213
68
216
401
447
97
66
38
349
410
203
222
85
141
36
314
263
219
430
405
77
98
83
72
378
235
58
85
239
258
203
341
474
223
313
263
222
486
363
221
397
216
293
328
206
223
477
242
66
221
81
329
210
391
157
184
476
350
201
55
217
291
403
263
377
257
463
365
277
193
392
202
57
390
382
233
132
138
77
412
60
72
160
72
86
82
59
28
178
76
205
42
106
75
191
108
61
226
25
103
215
41
97
109
78
92
106
24
75
57
55
69
81
39
65
108
33
101
69
91
40
90
82
96
104
91
82
90
24
25
98
124
24
105
98
73
97
48
30
238
38
45
111
33
86
33
118
86
104
31
91
80
90
37
73
97
101
115
256
89
61
47
71
37
57
24
79
51
101
47
87
90
104
39
100
81
80
90
