94
452
432
434
310
310
434
310
331
338
335
437
426
311
434
339
310
435
434
309
396
307
166
433
205
431
369
335
306
478
338
135
431
484
327
125
305
326
396
427
345
432
341
427
214
303
327
356
205
326
178
304
304
259
418
426
125
304
378
476
216
226
485
406
462
26
321
150
427
324
325
47
304
250
157
375
304
139
359
119
113
55
406
158
486
452
253
372
361
212
231
258
436
52
188
180
124
183
54
64
85
75
207
166
151
101
262
24
24
262
42
194
48
85
196
151
187
67
190
154
202
196
166
184
182
250
113
72
165
194
117
175
178
235
156
135
141
246
146
244
262
205
175
186
192
256
205
224
186
204
206
190
184
196
136
187
60
121
184
119
226
187
223
148
196
119
220
170
200
168
176
213
195
184
232
194
202
113
49
192
190
157
147
158
227
234
210
184
184
452
431
434
310
310
434
310
331
338
335
436
425
311
433
338
310
435
434
309
396
307
165
432
205
430
369
335
305
477
338
135
430
483
326
125
305
325
396
426
344
431
341
426
214
303
327
356
204
325
177
304
304
259
418
426
125
304
378
475
215
226
484
406
462
25
321
150
427
323
325
47
304
249
157
375
304
139
358
118
113
55
406
157
486
452
252
371
361
211
230
258
436
52
188
180
124
183
54
64
85
75
207
165
150
100
262
24
24
262
42
194
48
85
196
150
186
67
189
154
202
195
165
184
181
249
112
72
165
193
116
175
178
234
155
134
140
245
146
243
262
205
174
185
192
256
205
224
186
204
206
190
183
196
136
187
60
121
184
118
226
186
222
147
195
118
219
169
200
167
176
212
194
184
232
194
202
113
49
192
189
156
146
158
227
234
210
183
184
