90
446
401
451
445
266
203
403
401
447
213
221
42
415
290
216
61
205
451
67
39
64
349
341
223
263
430
73
85
97
85
259
378
77
314
98
410
235
73
475
222
224
405
203
220
141
486
330
240
36
84
243
313
264
66
289
329
444
223
364
206
400
221
184
477
56
351
391
203
83
259
158
210
402
201
221
366
264
464
300
475
377
392
242
446
77
294
368
138
57
88
72
72
60
87
76
59
82
41
99
26
76
109
42
31
194
104
76
109
79
93
64
107
26
58
66
34
91
55
106
91
91
82
69
39
91
24
96
109
97
98
125
98
25
112
70
73
33
82
81
40
33
24
106
119
97
46
236
34
97
112
31
48
37
86
115
97
79
48
101
37
91
91
62
102
86
24
48
58
29
74
72
101
107
251
80
87
111
82
87
25
446
401
451
445
265
203
403
401
447
213
220
41
415
290
215
60
205
451
66
39
64
349
341
223
263
430
72
85
96
85
258
378
76
314
98
410
235
72
475
222
224
405
203
220
141
486
330
240
36
84
243
313
263
66
289
329
444
223
364
206
400
221
184
477
55
351
391
203
83
259
158
210
402
201
221
366
264
464
300
475
377
392
242
445
77
294
368
137
56
88
72
72
60
87
76
59
82
41
99
26
75
109
42
31
212
103
75
109
79
93
64
107
26
58
65
34
91
55
106
91
90
82
69
39
91
24
96
108
97
97
124
98
25
112
69
73
33
81
81
40
33
24
106
119
97
46
235
34
97
112
31
48
37
86
115
97
79
48
100
37
91
90
62
102
85
24
48
58
29
74
72
101
106
251
80
87
111
81
87
25
