96
216
446
451
401
445
216
266
203
451
216
403
216
415
447
213
221
290
216
401
61
205
349
42
39
64
67
341
223
263
430
73
97
85
378
259
314
98
77
85
475
410
235
219
405
224
222
486
203
141
330
73
240
216
36
84
313
243
221
223
206
289
83
364
329
264
400
478
351
184
56
391
66
158
259
203
221
210
135
217
402
366
464
264
201
300
475
392
377
77
296
217
242
138
57
367
88
160
72
60
72
87
178
76
59
107
202
82
226
42
97
26
76
31
212
41
104
76
107
109
93
64
79
26
58
66
34
91
106
91
82
91
39
91
69
55
98
24
96
109
98
124
98
73
25
70
33
109
82
238
81
40
24
33
48
34
112
97
104
97
46
106
31
86
97
37
115
79
119
91
37
48
86
91
101
260
62
24
58
48
101
29
74
101
72
80
85
250
107
82
87
111
25
215
446
451
401
445
215
265
203
451
216
403
216
415
447
213
221
290
216
401
61
205
348
42
39
64
66
341
223
263
430
73
96
85
377
258
314
97
77
85
475
410
235
219
405
224
222
485
203
141
330
73
239
216
35
84
313
243
221
223
206
288
83
364
329
263
400
478
351
184
56
391
66
158
259
203
221
210
134
217
402
366
464
264
201
300
475
392
377
77
295
217
242
138
56
367
88
159
72
60
72
87
177
76
59
107
202
81
226
42
97
26
76
31
212
41
104
76
106
108
93
64
79
26
58
66
34
90
105
91
82
90
39
91
69
55
97
24
96
109
98
124
98
72
25
70
33
109
81
238
81
40
24
33
48
34
112
96
104
96
45
105
31
85
96
37
114
78
118
91
37
48
86
91
101
260
61
24
58
48
101
29
73
100
71
80
85
250
106
82
87
111
25
