72
452
432
434
161
331
310
310
310
310
434
437
335
311
435
434
434
434
433
427
434
205
478
307
431
431
485
305
324
427
432
427
150
214
418
476
485
426
462
184
205
341
426
121
216
375
406
26
42
158
406
250
453
397
134
178
232
54
162
232
164
436
272
153
42
250
134
152
245
487
29
487
212
180
124
183
192
204
54
81
34
67
85
101
151
24
193
24
34
48
75
259
64
190
184
136
154
113
72
117
148
232
135
243
189
146
186
196
60
204
180
191
175
141
220
188
136
168
121
119
122
113
202
170
190
174
215
201
227
192
203
184
182
208
263
178
176
132
178
207
195
34
196
49
158
452
431
434
160
331
310
310
309
310
434
437
335
311
434
434
434
434
433
427
434
204
477
307
431
430
485
304
324
427
432
427
150
213
418
475
485
426
461
183
204
340
425
120
215
375
405
25
41
157
406
249
452
396
134
177
231
54
161
232
163
436
271
152
41
250
134
151
245
486
29
487
211
179
124
183
192
204
53
81
33
67
84
100
151
24
193
24
34
48
74
258
63
190
183
135
153
113
72
117
148
232
135
242
189
146
186
196
60
203
179
191
175
141
220
188
136
165
120
118
122
112
202
170
190
174
215
201
227
191
203
183
181
207
262
177
176
132
177
206
195
34
195
49
158
