89
451
446
266
207
401
451
404
445
221
415
293
64
401
217
447
212
67
70
42
222
205
60
36
350
486
73
235
97
39
263
141
98
84
478
259
314
341
430
406
85
219
222
406
378
240
220
77
475
314
444
84
243
66
158
220
364
351
329
223
210
201
259
222
331
203
396
135
83
264
393
292
138
193
57
202
205
464
292
264
56
403
447
181
390
233
377
446
277
383
60
72
76
56
72
107
82
87
76
42
29
64
41
160
97
26
79
102
109
58
76
104
81
107
73
91
96
109
93
66
70
91
55
86
91
39
26
37
28
91
109
98
98
82
82
123
69
98
24
236
40
33
119
91
46
97
97
46
34
91
102
37
86
32
46
30
101
104
106
101
89
82
52
87
25
112
58
39
48
115
62
263
34
80
39
72
251
79
103
451
446
265
207
401
450
404
444
221
414
293
63
400
216
446
212
67
69
42
222
205
59
36
350
486
72
235
97
39
263
140
97
84
477
259
314
340
429
406
84
218
221
406
378
239
220
76
474
313
444
84
243
65
158
219
363
350
329
222
209
201
258
221
330
202
396
134
82
264
392
291
137
192
56
201
205
463
291
263
56
402
447
181
390
232
377
445
276
382
60
72
76
55
72
107
82
86
75
42
29
63
41
160
97
26
78
102
109
57
76
104
81
107
72
91
95
109
93
65
69
90
54
86
91
39
26
37
27
90
108
98
98
81
81
123
69
98
24
235
39
32
119
91
45
96
96
45
33
90
102
37
85
31
46
29
101
103
106
101
89
81
52
87
24
111
58
39
48
115
61
262
34
79
38
72
250
78
103
