94
452
161
432
427
309
310
310
339
310
434
310
335
338
434
434
331
437
434
396
433
307
434
433
335
205
306
485
431
431
434
368
477
427
327
326
338
305
399
345
431
214
417
326
341
324
304
304
397
304
259
485
328
205
375
216
184
304
42
426
304
405
150
250
232
120
26
321
406
272
134
325
356
158
178
54
161
153
232
304
164
462
134
193
303
253
487
486
42
396
318
212
451
372
244
180
192
124
259
85
67
54
262
43
85
30
151
166
24
48
207
101
37
198
64
154
184
74
196
190
166
72
154
113
194
201
184
220
162
175
181
117
187
156
141
146
186
186
141
148
244
259
175
205
224
61
263
175
169
136
190
190
122
208
176
119
188
170
184
188
119
227
202
263
215
196
147
113
200
192
204
178
227
216
182
181
178
200
226
193
34
49
176
160
211
158
190
157
238
452
161
431
427
309
310
310
339
310
434
310
335
337
433
433
330
437
433
395
433
307
434
433
334
204
306
485
431
431
434
367
476
426
327
326
337
305
399
344
430
214
417
325
341
324
303
304
397
304
258
485
328
204
375
216
184
303
42
426
304
405
150
250
232
120
25
320
405
272
134
324
355
158
177
53
161
152
232
303
163
462
134
193
302
253
487
486
41
395
317
212
450
371
243
180
192
124
259
85
67
54
262
43
85
30
151
165
24
47
206
101
36
197
63
153
183
74
196
189
166
72
154
113
193
201
183
219
162
175
181
116
187
156
140
146
185
186
140
147
244
259
175
205
224
61
263
174
168
136
189
190
122
207
176
118
188
169
184
188
119
226
202
262
214
195
147
113
200
191
204
177
226
215
181
180
177
199
225
192
33
48
176
160
211
157
189
156
238
