80
453
432
161
309
425
434
310
310
310
434
339
310
332
338
331
434
437
434
434
433
205
485
369
431
342
431
326
338
478
399
305
214
432
417
354
326
304
304
304
205
485
406
397
304
426
375
232
216
184
378
250
42
134
331
26
304
120
272
321
150
356
178
158
463
232
161
304
164
194
55
305
254
361
153
44
487
244
486
212
134
180
124
192
85
262
183
67
54
43
85
262
30
156
166
207
24
101
48
37
74
190
72
202
154
155
113
175
181
184
187
120
146
135
189
207
186
244
205
259
175
61
121
175
190
207
169
184
136
191
183
170
122
215
144
119
176
188
263
227
188
147
201
113
182
227
203
223
182
200
194
110
193
186
178
101
34
238
49
158
178
452
431
161
309
424
434
310
310
310
433
339
310
332
338
330
434
436
433
433
432
205
484
369
430
341
430
326
338
477
399
305
213
431
417
353
325
304
304
304
204
485
406
396
304
425
375
231
216
183
377
249
41
134
330
25
304
119
271
321
150
355
177
158
462
232
161
304
163
194
54
305
254
360
152
43
486
244
485
212
134
179
124
192
84
262
183
67
54
43
84
261
30
156
166
206
24
101
48
36
73
190
72
202
154
155
112
175
181
183
186
119
145
135
186
207
185
243
205
259
174
60
121
174
190
207
168
184
136
190
183
169
121
214
144
118
175
188
262
226
187
146
201
113
181
227
203
223
181
200
194
110
193
185
178
101
33
238
49
158
177
