91
129
394
476
258
132
85
114
454
129
129
132
325
425
76
129
89
27
56
337
132
394
480
245
70
34
421
319
48
432
66
299
136
59
100
463
174
256
130
380
105
66
101
339
130
299
40
394
441
97
41
130
393
401
485
93
130
338
131
306
46
115
131
443
475
164
50
94
193
190
111
466
439
90
27
66
459
276
318
412
298
407
455
73
189
448
157
357
407
385
344
132
118
238
33
63
28
58
61
43
130
172
61
42
28
41
161
41
260
59
35
43
42
248
59
52
245
116
32
239
44
62
40
246
45
256
33
63
41
184
242
73
262
52
185
208
29
229
53
28
63
263
196
261
248
261
76
226
49
256
55
250
71
236
41
259
54
224
244
75
61
50
44
261
254
24
251
259
261
59
31
65
258
73
31
36
234
68
37
43
32
238
71
129
394
476
258
131
85
113
453
128
129
131
324
424
76
129
89
26
56
336
132
394
480
244
70
33
425
319
48
431
66
299
135
59
100
463
173
256
129
380
104
66
100
338
130
299
40
394
440
96
41
130
393
401
484
92
130
337
130
305
46
114
131
443
475
164
50
94
192
189
110
466
439
90
26
66
459
276
317
411
298
407
454
73
188
448
157
356
406
384
343
131
117
238
33
63
27
58
61
42
129
171
61
42
28
41
161
40
260
58
34
43
41
247
58
52
245
116
32
238
43
61
39
246
45
256
33
62
41
184
241
73
262
52
185
207
28
228
53
28
62
263
196
260
248
261
76
225
48
255
54
250
70
235
40
259
54
223
244
74
61
49
43
260
254
24
250
259
260
58
30
64
257
72
31
35
234
68
36
43
32
238
71
