82
161
432
452
309
310
310
310
434
339
310
335
434
437
434
428
338
434
396
331
433
335
205
431
434
308
485
434
368
431
307
338
326
345
305
477
399
327
431
214
354
326
304
304
304
397
485
375
184
216
150
204
378
324
232
321
250
42
406
120
26
325
134
356
54
272
158
162
153
462
232
194
178
134
253
164
485
318
212
396
152
270
261
192
124
180
85
67
54
43
85
262
30
151
24
101
48
241
166
37
198
207
74
196
190
154
194
136
72
184
201
113
147
181
175
156
117
184
187
165
141
146
207
186
244
259
205
175
61
168
191
136
188
178
183
148
184
227
170
122
121
188
119
196
215
147
192
263
113
203
178
180
227
200
201
178
193
182
49
211
158
160
207
222
209
161
431
452
308
310
309
309
434
339
310
335
433
436
434
427
338
433
396
330
432
335
204
430
434
308
484
434
368
430
306
338
325
345
305
476
398
327
430
214
353
325
304
304
303
397
485
375
183
216
150
203
376
323
231
320
249
42
406
119
26
325
133
356
54
271
158
162
152
462
231
194
178
134
252
164
485
317
212
395
152
270
261
191
124
180
84
67
53
42
84
262
30
150
24
100
48
241
165
37
198
207
73
195
190
154
196
135
71
183
201
113
147
180
175
155
116
184
183
165
141
145
207
185
243
259
204
175
60
168
190
135
187
178
186
147
183
226
170
121
121
187
119
195
214
146
191
262
112
203
178
179
226
199
201
177
192
181
48
210
157
159
207
222
209
