96
401
451
216
446
445
403
203
415
216
266
216
293
221
451
42
216
216
213
69
64
216
401
447
263
97
223
67
349
410
204
313
85
141
37
84
219
73
430
98
405
234
36
240
378
59
77
85
258
203
341
224
475
486
313
221
264
222
364
216
399
329
223
478
329
206
221
66
243
293
158
210
82
391
476
184
293
403
351
201
56
217
258
264
277
464
383
193
418
57
377
203
390
393
138
233
135
72
60
160
72
87
82
59
42
178
76
205
28
76
107
109
191
226
26
103
64
215
41
97
66
109
58
79
107
24
76
39
55
70
85
40
109
91
34
91
101
96
97
82
82
104
69
91
91
25
26
124
98
73
24
48
106
98
97
238
31
33
34
86
46
112
86
119
33
38
91
91
104
80
73
37
90
62
97
101
115
256
37
48
79
60
105
52
77
87
72
48
90
101
82
39
101
400
450
216
445
445
403
203
415
216
265
216
292
220
451
41
216
216
212
69
63
216
400
447
262
97
223
67
348
409
203
312
85
141
37
83
218
72
430
98
404
233
36
240
378
59
77
85
258
203
341
223
474
485
313
221
263
221
363
216
398
329
222
477
329
205
220
66
243
292
158
209
82
391
475
183
293
402
350
201
56
217
258
264
277
463
383
193
417
56
376
203
389
393
138
232
135
72
59
160
72
86
82
58
41
178
76
205
28
76
107
109
191
226
25
103
64
215
40
97
65
108
57
78
106
24
76
38
54
69
85
39
108
91
33
91
101
95
96
82
82
104
68
91
91
24
26
124
97
72
24
48
105
98
96
238
31
33
33
86
46
111
85
118
33
37
91
90
104
80
73
36
90
61
96
100
115
256
37
48
79
60
105
52
77
87
71
47
90
101
81
39
101
