93
451
446
216
266
207
401
451
404
221
445
216
415
293
64
401
447
212
67
222
70
204
42
36
60
350
235
73
97
263
39
486
341
314
98
141
259
478
84
430
219
406
222
85
406
240
77
475
378
220
313
444
84
243
66
220
158
364
329
331
351
223
259
210
83
222
396
135
264
200
203
393
264
286
138
292
464
193
56
377
57
202
403
181
391
205
446
233
383
365
277
296
77
256
60
72
160
76
56
72
107
82
76
87
170
42
29
64
41
97
26
79
58
102
76
109
81
104
107
96
91
109
66
94
73
26
39
91
70
91
86
55
37
109
28
98
91
98
82
69
98
82
123
24
236
40
33
119
46
91
97
46
32
97
34
37
91
104
86
30
101
106
102
46
101
48
94
82
39
58
52
115
72
87
25
62
34
80
112
251
39
103
108
79
85
80
81
450
445
216
266
207
400
450
404
221
444
215
415
293
63
401
446
212
66
222
69
203
41
35
59
349
235
72
96
263
38
486
340
313
97
141
259
478
83
430
219
406
222
84
406
240
76
475
377
220
313
443
84
242
65
219
157
364
328
330
350
222
258
210
83
222
395
134
263
200
203
392
263
286
138
292
463
192
55
376
56
202
402
181
390
205
446
232
382
364
276
296
77
256
59
72
159
76
56
72
107
81
75
87
170
41
29
64
40
97
26
79
57
102
76
109
81
103
107
96
91
108
65
93
72
25
39
90
69
91
85
55
36
108
27
97
91
98
82
69
97
82
123
24
235
39
32
118
46
90
96
45
31
96
34
36
91
104
86
30
100
105
101
46
101
47
94
82
39
58
52
115
71
87
25
61
34
79
112
251
38
102
108
78
84
80
81
