90
452
431
161
310
310
310
331
434
434
437
332
338
434
435
434
434
311
340
396
307
433
434
427
335
307
205
478
368
431
340
327
307
338
342
485
305
399
432
427
326
214
427
354
304
184
431
432
417
304
150
54
358
327
303
462
258
177
485
426
204
303
375
406
426
476
250
158
26
386
42
325
272
330
232
453
397
216
356
163
321
406
162
303
365
361
244
153
378
372
254
180
121
192
81
54
67
207
85
183
101
156
166
48
193
24
34
44
262
196
157
75
61
259
196
136
190
184
201
154
145
168
147
181
156
72
117
184
133
232
178
146
246
207
259
191
144
111
189
244
188
192
196
263
190
180
224
201
60
204
178
205
168
121
220
196
170
113
119
189
122
195
263
144
184
190
174
136
147
182
227
202
203
180
211
186
196
178
178
157
193
451
430
161
310
309
310
331
433
434
436
332
338
434
434
434
434
311
339
395
307
433
434
426
335
306
204
477
368
430
340
326
306
338
342
485
304
398
431
426
325
213
427
353
303
184
430
431
417
303
150
54
357
326
303
461
258
177
484
426
204
303
374
406
425
475
250
158
25
386
42
324
272
330
231
452
397
216
355
163
320
406
162
302
365
361
244
153
378
372
253
179
121
191
81
54
67
207
84
183
100
156
166
47
192
24
34
43
261
195
157
74
60
258
195
136
190
183
201
153
145
168
147
181
156
71
117
184
133
231
177
146
246
206
259
190
144
110
189
244
187
192
195
262
190
179
223
201
60
203
177
204
167
121
219
195
170
112
118
189
121
195
262
143
184
190
174
135
147
181
226
201
203
179
210
186
196
177
178
157
192
