90
451
446
401
216
445
403
203
216
266
414
293
216
451
221
216
42
64
216
213
69
216
401
97
447
223
67
349
263
204
39
141
36
314
219
405
430
73
77
378
240
235
59
85
341
258
203
224
475
222
264
486
221
364
398
216
206
329
478
223
66
293
243
330
221
82
158
210
391
184
476
293
403
201
56
217
464
351
258
264
377
277
193
392
57
203
390
138
233
133
382
60
72
72
160
87
82
59
178
76
42
28
205
107
76
191
109
64
226
26
103
215
41
109
97
58
79
107
66
76
93
70
82
39
109
101
34
91
69
82
82
96
104
91
26
91
25
124
98
98
106
73
48
97
31
238
112
46
86
34
119
38
33
33
86
104
91
91
80
37
73
90
62
102
115
256
58
97
37
48
72
79
52
101
87
48
90
82
39
101
105
451
446
401
216
444
403
203
216
265
413
292
216
450
220
216
42
64
216
213
69
216
400
97
447
223
67
349
262
203
38
140
36
313
218
405
429
73
76
377
239
235
58
85
341
257
203
224
475
222
263
486
220
363
397
215
205
328
477
222
65
292
243
329
221
82
158
210
390
183
475
292
403
200
56
216
463
351
257
264
377
276
193
392
56
202
389
137
232
132
381
60
72
71
160
86
82
58
178
76
42
27
204
106
76
191
108
63
225
26
103
214
41
108
97
57
78
106
65
75
92
69
81
39
109
101
34
90
69
82
81
95
103
90
26
90
24
123
98
98
106
72
47
96
30
237
112
46
86
34
119
38
32
32
86
103
91
91
80
37
73
90
61
102
115
255
58
97
36
47
71
78
52
100
87
47
90
82
39
100
104
