50
100
391
246
350
227
312
261
157
155
279
355
301
160
290
482
217
248
224
348
105
390
165
346
128
115
332
403
294
299
476
374
180
204
380
173
209
51
359
453
271
198
475
439
244
145
286
76
263
397
330
47
82
43
107
40
54
117
124
86
47
70
48
69
54
77
40
114
28
31
66
71
81
82
98
113
79
80
26
93
93
85
76
40
99
100
30
107
29
95
37
25
67
95
103
109
37
100
82
103
69
102
393
248
352
229
315
263
159
157
281
357
303
162
292
484
219
250
226
350
107
392
167
348
130
117
333
405
296
301
478
376
182
206
382
175
211
54
361
455
272
200
477
441
246
147
288
77
265
399
332
46
81
43
107
40
54
116
124
86
47
70
48
69
53
76
40
114
28
31
66
70
81
81
97
112
78
80
25
93
93
84
76
40
98
100
30
112
28
95
33
25
67
95
103
111
37
99
82
103
69
