97
401
451
446
216
266
290
445
403
216
415
64
207
447
400
216
221
216
214
42
205
70
223
349
216
67
216
263
36
38
60
452
97
84
141
430
487
410
341
219
98
203
264
85
235
444
84
73
313
329
475
377
405
79
478
225
210
102
240
258
83
56
220
222
377
224
300
400
277
292
66
184
313
205
244
364
77
365
135
196
221
391
158
403
351
200
464
216
329
447
259
477
393
383
264
175
185
365
72
61
72
160
76
31
87
82
178
41
64
56
99
41
226
76
205
26
109
76
102
58
108
190
79
216
66
81
94
104
109
109
55
70
37
73
24
26
109
88
25
106
91
96
236
40
91
42
33
98
83
98
69
86
33
91
98
82
91
104
115
47
98
73
124
29
31
78
90
119
37
24
109
25
97
81
24
101
55
87
79
91
62
97
99
60
253
46
263
37
73
101
106
48
25
50
108
401
451
446
216
266
290
445
403
215
415
63
206
447
400
216
220
216
214
42
204
69
222
349
216
66
215
263
36
37
60
452
96
83
140
430
487
410
341
218
97
203
263
84
234
444
83
72
313
329
475
377
405
78
478
224
209
101
239
257
83
55
219
221
377
223
300
400
276
291
65
183
313
204
244
363
77
365
134
195
220
391
158
403
351
200
464
215
329
447
259
477
393
383
264
175
184
365
72
61
71
160
76
31
86
82
177
41
64
55
99
41
225
75
204
25
108
75
102
57
108
190
79
215
66
81
94
104
108
108
55
70
37
73
24
26
109
88
24
105
91
95
236
40
91
42
33
98
82
98
69
85
32
90
98
81
90
104
115
46
98
73
123
29
31
77
89
119
36
24
109
25
97
81
24
100
54
86
79
90
62
97
98
60
252
46
262
37
73
101
105
47
25
49
107
