94
129
393
476
132
258
85
129
114
129
454
129
132
76
129
425
129
325
89
56
27
458
337
132
245
394
70
136
34
319
48
431
299
66
59
463
100
130
394
98
256
399
380
114
42
174
129
299
101
130
441
66
37
453
403
306
407
130
93
46
131
46
338
344
164
338
443
94
313
131
111
189
276
466
66
393
90
104
479
193
444
321
412
299
399
189
157
73
455
308
357
385
373
131
407
118
238
33
28
63
58
130
61
151
43
172
61
41
140
28
161
42
41
59
260
259
35
43
59
42
52
246
245
32
239
44
40
62
45
33
256
184
53
65
41
228
242
71
263
63
196
29
52
208
28
262
235
247
247
55
258
226
76
250
256
221
49
224
54
182
41
244
258
236
50
61
261
44
249
261
254
75
263
75
260
55
31
65
218
36
68
31
74
156
37
32
203
71
43
129
393
476
132
257
85
129
113
129
453
128
131
76
129
424
128
324
89
56
27
458
336
131
245
393
70
135
34
319
48
430
299
66
59
463
100
129
393
97
255
398
379
113
42
174
129
299
101
129
440
65
37
453
403
305
407
129
93
46
130
46
337
343
163
338
442
93
313
131
110
189
275
465
65
392
90
104
479
192
444
320
411
298
398
188
156
73
454
312
357
384
373
131
407
118
238
33
28
63
57
130
61
151
42
171
61
40
139
27
160
41
41
59
259
258
35
42
58
41
52
246
244
32
239
44
39
61
45
33
255
183
52
64
40
227
241
71
262
62
195
28
51
208
28
261
235
246
246
54
258
226
75
249
255
221
49
223
53
181
40
243
258
235
49
61
261
44
249
260
253
75
262
74
260
54
30
64
217
35
67
31
74
144
37
32
202
70
43
