95
451
266
446
216
401
445
404
290
208
221
214
415
447
70
64
216
400
205
67
217
341
350
36
97
35
73
452
223
406
85
43
264
141
217
430
235
406
377
79
220
329
84
487
475
313
60
85
240
203
97
300
224
205
313
84
478
221
222
61
464
220
210
265
259
244
444
184
221
377
196
98
395
157
217
217
82
259
293
384
364
402
57
351
37
329
266
278
185
175
200
476
390
447
139
89
61
76
72
160
71
87
82
31
59
76
26
41
99
102
61
186
41
76
79
220
26
108
79
109
100
91
109
58
98
55
112
66
70
232
37
96
27
83
69
109
33
40
73
98
42
104
91
82
25
97
29
34
109
24
104
86
123
98
121
59
46
91
106
91
25
236
37
86
73
55
87
31
88
244
256
79
37
88
100
97
55
87
97
89
46
55
79
50
25
99
74
90
262
82
25
450
266
445
215
400
445
403
289
207
221
214
415
447
69
64
215
399
205
67
217
340
349
35
96
35
73
451
222
405
85
42
264
140
217
430
234
405
377
78
219
329
83
487
474
313
60
84
239
203
96
299
223
205
312
83
477
220
221
61
464
219
209
264
258
243
444
184
220
377
195
97
394
156
217
217
81
258
293
384
363
401
56
350
37
329
265
277
185
175
200
476
390
447
138
89
61
76
72
160
70
86
82
31
58
75
26
40
98
102
60
188
41
76
78
219
25
107
79
108
100
90
108
57
98
54
111
65
70
232
37
96
27
82
69
108
33
39
72
98
42
103
90
81
24
96
28
33
108
24
104
86
122
98
120
58
45
90
105
90
24
236
36
85
72
54
87
30
87
244
255
78
36
88
99
96
55
87
96
88
46
55
79
50
25
99
74
89
262
81
25
