97
401
451
216
446
445
403
203
415
216
266
216
293
451
221
42
216
213
69
64
216
401
447
263
97
223
67
349
410
204
313
85
141
37
84
219
73
430
98
405
234
36
240
446
378
59
77
85
258
203
341
224
486
475
313
221
264
222
364
399
216
329
223
478
329
206
221
66
243
293
158
210
82
391
476
184
293
403
351
201
56
217
258
264
277
464
383
193
418
57
377
203
390
393
138
135
233
77
72
60
160
72
87
82
59
42
178
76
205
28
107
76
109
226
26
103
64
215
41
97
66
109
58
79
107
24
76
39
55
70
85
40
109
91
34
91
101
96
97
82
254
82
104
69
91
91
25
26
124
73
98
24
48
106
98
97
31
238
33
34
86
46
112
86
119
33
38
91
91
104
80
73
37
90
62
97
101
115
256
37
48
79
60
105
52
77
87
72
48
90
101
82
101
39
81
400
450
216
445
445
403
203
415
216
265
216
292
451
220
41
216
212
68
64
216
400
447
262
96
223
67
348
410
203
312
85
141
37
83
218
72
430
98
404
233
36
240
445
378
58
77
85
258
203
341
223
486
474
313
221
263
221
363
399
216
329
222
477
329
205
220
65
242
292
158
209
82
391
476
183
293
402
350
201
55
217
257
264
277
463
382
193
417
56
376
203
389
393
138
135
232
76
72
59
160
72
86
82
58
41
178
76
204
28
106
76
109
225
25
103
63
215
40
97
65
108
57
78
106
24
76
38
54
69
85
39
108
91
33
91
100
95
96
82
256
82
104
68
91
91
24
26
124
72
97
24
48
105
98
96
31
237
33
33
86
46
111
85
118
33
37
91
90
104
80
72
36
90
61
96
100
114
256
36
48
78
60
105
52
77
87
71
47
90
101
81
101
39
80
