86
451
446
401
445
215
403
203
266
293
221
414
61
64
213
401
451
215
42
447
67
36
97
85
223
39
204
349
141
263
410
430
219
73
406
314
234
203
98
378
77
444
85
240
222
258
486
341
475
364
313
224
264
293
221
399
478
83
71
223
210
329
243
221
464
158
391
292
330
58
476
205
403
203
377
393
351
201
277
264
259
57
383
193
138
77
390
60
72
72
87
160
82
59
76
28
76
42
104
61
26
41
107
172
109
97
79
81
109
55
58
93
76
107
70
66
24
34
109
91
98
39
96
25
91
82
69
236
91
82
98
91
73
26
97
97
24
124
106
38
48
31
86
104
102
34
91
46
33
86
59
91
80
89
32
114
73
112
62
48
72
101
97
101
78
48
37
87
105
52
82
81
90
450
445
400
445
215
403
203
265
293
220
413
60
63
212
400
451
214
42
446
66
36
96
85
223
39
203
348
140
263
409
430
219
72
405
313
234
202
98
378
76
444
85
239
222
258
485
340
475
364
312
224
264
292
221
398
478
83
70
222
210
329
242
220
463
157
391
291
329
58
475
205
402
202
376
392
350
200
276
264
258
56
382
193
137
76
389
59
71
72
86
160
82
58
75
28
76
41
103
60
26
40
106
174
108
97
79
81
108
55
57
92
76
106
69
65
24
34
109
91
98
39
95
25
91
82
69
235
91
81
97
91
72
25
96
96
24
124
106
37
48
30
85
104
102
34
91
46
32
85
59
90
80
88
32
114
72
112
61
48
71
101
96
101
78
47
37
87
105
51
81
80
90
