89
452
432
161
434
338
310
310
434
331
335
310
311
310
426
434
339
437
435
434
434
433
396
205
335
431
369
478
338
431
327
485
305
326
396
427
345
341
214
427
327
303
356
304
326
304
431
204
259
418
426
150
304
476
485
216
378
184
406
226
463
321
304
426
26
324
325
250
375
163
42
359
406
372
232
52
272
158
253
159
212
153
452
137
42
436
113
348
485
487
180
123
192
183
166
67
54
85
207
151
81
24
43
262
24
262
101
194
48
37
67
196
190
196
154
202
184
182
113
162
72
117
175
178
235
156
141
146
246
262
244
205
205
186
256
144
178
224
186
204
188
190
196
60
136
184
192
121
187
181
226
220
223
119
148
196
170
168
182
122
195
202
157
228
189
263
113
190
253
158
178
192
195
176
210
208
169
49
34
452
431
161
434
337
310
310
433
331
335
309
311
310
426
434
339
437
435
434
434
433
395
205
335
430
368
478
337
431
326
484
305
325
395
426
345
341
214
427
326
303
355
303
325
303
430
203
258
418
426
150
303
476
485
215
377
183
405
225
462
321
303
425
25
323
324
250
374
163
41
358
405
371
232
51
271
158
252
160
211
153
452
138
41
436
112
348
485
487
179
122
191
182
165
67
54
85
206
151
81
24
43
261
24
262
100
194
48
37
67
195
189
196
153
201
183
182
112
161
72
116
175
178
235
156
140
145
246
261
244
204
205
185
256
143
178
224
185
204
187
189
195
59
136
183
192
120
187
180
226
219
223
119
147
196
170
167
182
121
194
201
157
228
188
262
113
189
252
157
177
191
194
176
210
207
169
49
34
