77
393
129
476
86
258
114
325
132
132
425
129
454
76
89
132
245
394
337
56
70
432
459
319
463
101
59
66
299
97
130
441
174
256
37
339
380
306
398
114
299
403
104
93
394
111
196
164
344
443
337
393
487
193
317
412
341
476
465
86
299
136
78
157
407
487
188
420
313
132
455
357
344
277
142
478
385
415
238
118
34
55
63
61
42
28
61
28
140
43
41
41
42
59
42
35
59
52
44
261
32
33
52
45
62
40
64
184
28
63
41
259
185
242
55
228
71
29
247
74
76
53
50
65
54
226
41
50
261
70
75
62
34
209
24
44
66
65
81
25
68
258
53
37
63
249
71
73
37
238
261
29
252
32
24
392
128
475
85
258
113
325
131
132
424
128
453
76
88
131
245
393
337
55
70
431
459
318
462
100
58
66
299
96
130
441
174
256
36
338
379
306
397
113
299
402
104
93
393
111
195
163
344
443
337
393
486
192
316
411
340
475
464
86
299
135
77
157
407
486
187
419
313
132
455
356
344
276
141
478
384
414
237
118
34
54
63
61
41
27
61
28
143
43
40
40
42
59
41
34
58
51
44
261
32
33
52
44
61
39
63
187
27
63
41
259
185
241
54
227
71
28
246
74
76
52
50
65
54
225
41
49
261
70
74
61
34
208
24
43
66
64
81
24
67
257
53
37
62
248
71
73
36
238
261
28
251
32
24
