93
394
76
258
129
476
458
85
129
89
458
114
325
129
131
424
132
129
56
431
69
27
101
136
317
34
130
336
140
245
394
114
99
66
66
46
300
463
55
41
97
174
477
398
337
441
401
141
67
446
255
129
130
196
39
399
298
73
447
111
49
164
131
46
306
131
338
276
313
307
92
157
194
393
407
393
130
448
130
379
184
131
477
316
94
298
344
487
357
487
89
385
456
151
238
41
63
117
34
259
58
136
43
42
61
42
169
30
28
61
158
59
44
52
260
52
246
32
245
181
36
51
59
42
73
253
249
62
239
40
32
49
263
64
63
24
228
49
28
248
27
260
244
41
196
208
65
229
215
28
31
261
50
224
54
41
250
55
256
185
261
258
141
76
66
75
53
258
261
218
46
232
241
75
71
252
62
241
65
238
70
42
53
251
31
73
56
393
76
257
128
476
458
84
129
89
457
113
324
129
130
424
132
129
55
430
68
27
101
135
317
34
130
335
139
244
393
114
98
65
65
45
299
462
54
41
97
173
476
398
336
441
401
140
66
446
254
128
129
196
39
399
297
73
447
110
49
163
131
45
305
130
338
276
313
308
92
156
194
393
407
393
130
447
129
379
183
131
476
316
94
298
343
486
356
486
88
385
455
151
238
40
63
116
34
258
58
136
43
41
61
41
168
29
28
60
157
59
44
52
260
52
246
32
245
180
36
51
59
42
72
253
249
62
238
39
32
49
262
63
63
24
228
49
27
248
27
260
243
41
195
207
65
229
214
27
31
260
50
224
54
41
250
54
255
184
260
258
140
76
66
75
53
258
261
218
45
231
241
74
70
252
62
241
65
237
69
41
53
250
30
72
55
