95
393
129
476
109
129
71
129
132
132
258
86
424
130
454
326
129
85
394
62
337
459
140
34
55
245
27
300
99
130
105
401
316
46
463
255
432
72
398
130
40
136
174
394
41
130
101
441
339
345
97
306
337
60
142
131
28
193
443
116
196
69
94
412
393
300
276
312
321
136
74
157
72
487
359
407
382
164
465
86
313
316
356
341
189
115
380
455
132
340
93
385
132
478
487
404
238
118
33
61
157
44
136
28
61
63
55
28
175
42
40
147
40
42
64
35
261
51
245
49
59
260
40
256
187
73
248
31
248
32
41
44
55
227
205
229
246
63
53
263
48
51
28
185
226
63
55
50
263
29
256
24
75
41
47
65
253
244
34
261
68
261
263
53
82
31
66
65
70
43
258
250
54
44
66
252
63
26
209
37
71
240
73
38
197
76
29
71
254
58
47
393
129
476
109
129
71
129
132
132
258
86
424
130
454
326
129
85
394
62
336
458
140
34
55
245
26
300
99
130
105
401
316
46
463
255
432
72
398
130
39
136
174
394
41
130
101
441
339
345
97
306
337
60
142
131
28
193
443
116
196
69
94
412
393
300
276
311
321
136
74
157
72
487
359
407
382
164
465
86
313
316
356
341
189
115
380
455
132
340
93
385
132
477
487
404
238
118
33
61
157
44
136
28
61
63
55
28
175
42
40
147
40
42
64
34
261
51
244
49
59
260
40
256
187
73
248
31
247
32
41
44
55
227
204
228
246
63
53
262
48
51
28
185
225
63
55
50
263
29
256
24
75
41
47
65
253
244
34
261
68
261
263
53
82
31
66
65
70
43
258
250
54
44
66
252
63
25
209
37
71
240
73
38
197
76
29
71
253
58
47
