78
370
368
58
367
370
106
176
370
200
367
257
289
357
59
371
288
370
347
75
371
213
186
481
429
368
326
152
275
61
337
285
369
395
165
309
293
415
368
285
478
478
313
285
273
190
283
386
191
303
167
257
247
354
227
285
386
173
454
104
78
455
370
40
372
78
29
406
186
175
244
132
455
242
262
259
452
258
211
47
141
111
129
27
118
184
65
47
119
188
26
56
121
37
38
94
56
118
75
118
116
106
101
224
56
114
174
101
86
68
257
142
141
205
177
55
234
78
117
96
55
198
187
44
48
77
129
246
53
33
193
92
197
88
96
127
88
73
90
75
246
37
106
76
54
44
68
198
129
172
98
177
178
43
193
199
40
369
367
57
366
369
105
175
369
199
366
256
288
356
58
370
287
369
347
74
370
213
186
481
429
367
326
151
274
60
336
284
368
394
164
308
292
414
367
284
477
478
313
284
272
189
282
385
190
301
166
256
246
353
226
284
385
172
454
104
77
454
369
40
371
77
29
405
185
174
243
132
454
242
261
258
452
257
210
47
140
111
129
26
118
183
65
46
118
187
25
55
121
37
37
93
55
117
74
118
115
105
101
224
55
114
174
101
86
68
257
142
141
204
173
55
234
77
117
96
54
197
186
44
47
77
129
245
53
32
192
91
196
87
95
126
87
73
89
75
246
36
106
76
54
43
67
197
129
171
98
177
177
42
193
198
40
