90
452
161
432
427
428
309
310
310
339
310
434
310
335
338
427
434
331
437
434
307
396
433
434
433
335
205
307
485
431
477
431
434
368
427
327
338
326
399
305
345
431
214
418
341
326
304
324
304
304
397
259
485
205
184
216
375
304
150
405
250
232
304
120
26
42
272
134
325
178
356
161
158
54
153
164
232
304
193
134
303
253
451
44
487
462
486
212
42
396
372
180
192
124
259
232
85
67
54
262
43
85
30
151
166
246
48
207
101
37
154
198
64
184
74
196
190
136
72
154
184
113
194
201
220
162
181
175
187
117
156
141
146
186
141
186
244
148
259
205
175
224
61
175
190
136
169
190
188
119
170
184
176
188
119
122
263
215
196
200
147
204
113
192
178
182
227
216
200
178
226
193
190
101
34
181
49
158
176
160
157
452
161
432
426
427
309
310
310
338
310
433
310
335
338
427
434
330
436
434
307
395
433
433
432
335
204
306
485
431
477
430
433
368
426
326
337
325
399
304
345
431
213
418
341
325
303
323
303
303
397
258
485
204
183
215
375
303
149
404
250
232
303
119
25
42
272
134
324
177
356
161
157
54
153
163
232
303
193
133
303
253
451
44
487
462
486
211
42
396
371
179
191
124
258
232
85
67
54
261
43
85
30
151
166
245
48
207
100
37
154
198
64
183
73
195
190
135
72
154
183
112
194
200
219
162
180
175
187
117
156
141
146
185
140
185
243
148
258
204
175
224
60
175
190
136
169
189
187
119
170
184
176
188
118
121
262
214
196
200
146
203
113
191
178
182
227
215
200
177
226
193
190
100
34
180
49
158
175
160
156
