99
452
432
161
309
310
434
310
310
434
339
310
338
332
427
434
435
331
425
434
437
434
396
307
433
433
335
205
341
307
306
485
431
342
427
369
431
477
426
326
338
305
399
214
432
417
425
354
326
304
304
259
304
328
205
406
485
375
232
216
304
184
134
120
26
250
378
150
331
406
42
304
325
359
356
397
341
178
158
161
232
321
55
164
304
153
194
254
462
420
372
361
44
134
244
487
212
486
42
318
180
124
192
85
67
183
54
43
85
262
30
166
156
232
24
194
207
262
48
101
37
196
154
64
74
196
190
145
136
166
72
154
155
243
202
113
184
220
175
181
117
184
146
135
186
207
207
186
244
259
224
205
263
175
121
61
169
184
136
190
191
215
188
119
170
183
188
144
202
122
176
196
196
147
174
135
201
113
204
227
227
193
182
220
178
200
193
181
196
157
186
101
178
238
34
158
49
176
211
451
431
161
309
310
433
310
310
433
339
310
338
332
426
434
434
330
425
434
437
434
395
307
432
432
335
204
341
307
306
484
430
342
427
369
431
477
425
326
338
305
398
214
431
416
424
354
326
304
303
259
304
328
204
406
485
375
232
216
304
184
134
120
26
249
378
150
331
406
41
304
325
359
356
396
341
178
158
160
232
320
55
163
304
152
193
254
461
419
372
361
44
134
244
487
212
486
42
317
179
123
191
85
67
182
54
43
84
262
30
166
156
232
24
193
207
262
47
101
37
196
154
63
73
196
190
145
136
166
72
153
155
242
202
113
183
219
175
181
117
183
145
134
186
206
207
186
243
259
224
204
262
175
121
60
169
184
136
190
190
215
188
119
170
183
188
144
201
122
176
196
196
147
173
135
201
113
203
227
226
193
181
219
178
199
193
180
196
157
186
100
178
238
34
158
49
176
211
