90
129
393
476
132
258
85
129
114
454
129
132
425
76
129
325
89
27
56
337
132
394
245
459
70
136
34
319
48
66
431
299
59
100
463
130
394
380
256
174
98
114
101
398
299
130
441
37
130
403
306
66
407
453
130
93
480
131
46
339
46
338
164
313
443
94
131
193
276
317
466
189
111
104
66
90
27
298
412
449
73
189
157
400
444
393
455
357
385
407
131
118
238
33
28
63
58
130
61
43
172
61
28
41
161
42
41
260
59
35
43
42
59
259
52
246
245
32
239
62
44
40
45
256
33
184
53
242
41
63
65
71
52
228
29
208
28
235
196
247
55
262
258
247
226
76
263
256
250
185
221
49
54
258
41
244
236
75
261
62
44
61
50
75
249
254
24
65
29
260
31
36
68
215
237
261
74
37
32
43
71
128
393
475
132
257
85
128
114
453
128
131
425
76
128
325
89
27
55
337
131
394
245
459
70
136
34
319
48
66
430
299
59
100
462
129
393
380
255
174
98
114
101
398
299
129
440
37
129
403
306
65
407
453
129
93
480
131
46
339
45
338
164
313
442
94
131
192
275
317
465
188
111
104
65
89
27
298
412
449
73
188
157
399
444
392
454
357
385
406
131
118
238
32
27
63
57
130
61
43
172
61
27
40
160
41
40
260
58
35
42
42
58
258
51
246
244
32
238
61
44
39
45
255
33
184
52
242
40
62
64
71
51
228
28
208
28
234
196
247
55
261
258
247
226
75
262
256
250
185
220
48
54
257
41
244
235
74
260
62
44
60
49
74
249
253
24
64
28
260
31
36
68
215
236
261
74
37
31
43
71
