50
206
441
392
253
436
421
436
340
394
58
214
232
284
54
396
211
397
251
442
406
211
257
466
215
476
68
74
468
384
52
434
454
389
320
353
88
249
283
392
269
284
436
69
247
56
367
479
356
455
357
160
58
69
63
69
34
95
104
79
78
98
101
28
61
95
73
27
93
106
37
120
73
96
33
72
67
101
84
79
101
236
57
40
43
94
101
37
38
59
79
87
248
78
82
116
69
43
108
85
73
194
430
381
241
425
409
425
328
383
46
203
221
273
42
385
200
385
240
430
395
200
246
454
205
465
57
63
457
373
40
422
443
377
309
342
78
238
272
381
258
273
424
58
236
45
356
468
345
444
346
156
54
66
60
65
31
91
101
75
74
95
98
24
58
91
69
24
90
102
34
117
69
92
29
68
63
97
78
76
98
233
53
36
39
91
103
33
34
55
75
84
244
74
78
113
66
39
104
82
70
