89
370
367
58
370
367
200
369
106
175
288
288
366
58
186
429
304
220
282
370
317
367
370
283
368
368
367
370
282
367
152
167
356
314
282
213
257
337
407
60
346
255
274
327
253
321
285
165
394
414
294
75
175
284
192
285
454
284
325
385
212
190
45
478
77
385
232
452
210
297
157
356
260
293
133
173
283
116
335
480
259
200
284
371
164
138
454
286
103
160
46
141
111
26
120
47
65
118
186
35
176
130
121
117
100
122
199
119
94
82
179
36
47
257
233
168
75
138
156
115
53
57
56
106
118
33
84
46
101
55
188
207
86
131
126
68
141
142
56
213
118
198
95
128
165
88
84
56
77
47
45
39
117
90
96
197
193
197
194
48
100
173
119
172
129
155
119
127
106
43
211
198
106
82
114
76
258
180
203
369
367
57
369
366
200
368
105
175
287
288
365
57
186
429
304
220
282
369
317
367
370
282
367
367
367
370
281
366
151
167
355
313
282
212
257
337
407
60
345
254
274
327
252
321
284
164
394
414
293
74
174
284
192
284
453
283
324
384
212
190
45
477
77
384
232
452
210
296
156
355
260
293
132
173
283
116
335
479
258
200
284
370
163
138
453
286
103
160
46
140
110
25
119
47
65
117
185
34
176
129
121
116
99
122
199
119
93
81
179
35
46
257
232
167
74
137
155
114
53
57
56
105
117
32
83
45
100
54
188
206
85
130
126
67
141
141
55
213
117
197
95
128
164
87
83
55
76
47
45
39
116
89
95
197
192
196
193
48
99
172
119
172
129
155
118
127
105
42
210
197
105
81
113
76
258
180
203
