96
129
393
476
129
109
71
258
86
132
454
130
424
326
132
394
62
85
459
132
337
27
34
245
59
46
99
130
105
401
300
463
256
72
40
130
394
136
315
174
398
101
344
445
339
431
50
40
142
306
97
337
131
66
196
131
131
193
94
67
276
393
312
115
412
443
300
157
317
487
136
72
74
407
379
27
465
356
115
313
86
164
444
93
359
455
189
132
152
341
322
478
407
244
313
385
340
118
238
33
157
61
44
63
55
61
43
175
28
40
28
42
64
40
261
43
35
260
248
59
45
248
256
187
73
248
40
33
41
55
229
205
53
246
31
63
227
51
226
33
185
44
224
263
28
55
63
50
256
262
65
236
223
75
244
251
261
261
263
47
34
44
68
68
62
70
82
65
31
258
241
24
44
26
71
252
66
54
263
76
43
73
37
71
57
209
52
254
45
42
42
29
197
129
392
475
128
109
71
258
86
132
453
129
424
325
131
393
62
85
458
132
336
26
33
245
59
45
99
130
104
401
299
463
256
72
39
130
394
136
315
174
397
101
344
444
338
431
50
39
141
306
97
336
130
66
196
130
130
193
94
67
276
393
312
114
411
443
300
157
316
487
136
72
74
407
378
27
464
356
114
313
86
164
443
93
359
454
189
131
152
341
321
478
406
244
312
385
340
117
238
33
156
61
44
63
54
61
43
175
28
40
27
42
64
40
260
43
35
260
247
59
45
247
255
187
72
247
40
33
40
55
229
204
53
246
31
63
227
50
226
32
184
43
224
262
27
54
62
49
256
262
65
235
222
74
243
250
261
260
262
46
34
44
68
68
62
70
82
65
31
257
241
24
44
25
70
251
65
54
262
75
43
73
37
71
57
209
51
253
45
41
42
28
197
