83
452
432
310
162
310
310
434
310
434
434
339
335
338
437
434
434
434
307
330
306
307
478
431
431
434
327
485
433
306
326
338
305
432
401
304
341
304
462
304
345
259
326
205
210
304
485
216
150
26
324
184
232
321
406
122
178
250
46
232
361
161
134
304
325
272
158
304
54
375
153
250
245
134
397
244
487
487
262
161
372
42
228
270
180
124
54
191
34
67
85
78
24
34
262
151
166
101
48
70
58
148
207
166
136
184
113
154
197
162
72
184
88
175
182
117
135
198
205
141
244
180
256
156
224
186
175
149
190
61
136
189
119
148
191
184
228
121
188
201
170
119
227
147
204
215
176
197
263
112
216
192
168
178
132
196
178
171
238
34
49
212
255
157
176
196
222
451
432
309
161
309
309
433
309
434
434
338
335
337
437
434
433
433
307
329
306
306
477
431
430
433
326
485
432
305
325
337
305
431
400
304
340
304
462
303
345
259
325
205
210
304
485
216
149
26
324
183
232
321
406
122
177
250
46
231
361
161
133
304
325
272
157
303
53
374
152
250
245
133
394
243
487
487
262
161
372
41
228
270
179
123
54
190
34
66
85
78
24
34
262
151
165
100
48
70
58
148
206
166
136
184
112
154
191
162
71
184
87
175
182
116
134
195
205
141
243
180
255
156
224
185
174
148
190
60
135
188
119
148
191
184
228
120
188
201
170
118
226
146
204
215
176
196
262
112
215
191
167
178
131
196
178
150
237
34
49
211
255
156
175
196
221
