81
393
129
476
114
129
76
325
258
131
85
89
458
129
424
132
458
57
431
336
27
34
317
99
136
300
394
399
66
338
114
46
453
141
476
140
129
464
97
129
245
255
173
101
337
441
67
306
399
38
196
299
447
48
394
130
403
131
92
448
86
111
313
73
316
157
194
276
379
184
298
344
322
487
131
45
381
256
330
223
455
165
239
118
34
61
172
41
42
63
30
55
43
42
154
28
61
259
62
44
35
260
245
32
253
246
40
42
229
249
188
73
242
249
27
24
51
184
32
64
199
59
40
63
52
49
28
260
55
215
232
65
29
261
224
53
259
244
41
76
46
66
50
257
31
62
66
75
262
240
75
65
238
52
70
71
253
250
51
124
82
73
53
393
128
475
114
129
76
325
258
131
85
89
458
129
423
132
458
57
430
335
27
33
317
99
136
300
393
399
65
337
113
46
453
141
475
140
128
464
97
128
245
254
173
100
337
441
67
306
398
38
195
299
447
48
393
130
403
131
91
448
86
111
312
73
315
157
194
275
379
184
298
344
321
486
131
45
380
256
329
222
454
165
238
117
33
61
171
40
41
62
29
54
42
41
154
27
60
259
61
44
35
259
245
31
252
246
39
42
229
248
187
73
241
248
27
24
50
183
31
63
198
58
40
62
52
49
28
260
55
214
231
64
28
260
224
52
258
243
40
75
46
66
50
256
31
62
66
74
262
239
75
64
238
51
69
71
252
250
50
123
81
72
53
