96
452
432
434
309
310
310
310
338
433
434
339
311
435
310
437
335
434
434
335
311
396
434
427
205
433
307
166
369
307
431
306
121
338
485
431
345
478
336
305
327
431
427
399
326
427
462
304
354
214
341
476
304
327
326
259
417
378
304
204
304
485
426
324
325
129
272
78
226
216
426
406
359
232
360
250
304
406
110
361
453
47
397
153
26
304
375
158
150
54
372
348
436
487
253
305
117
180
123
183
85
54
64
75
166
86
24
262
24
193
34
101
151
37
48
205
44
196
70
259
190
60
148
187
202
136
154
166
190
181
72
113
156
184
193
120
165
138
235
184
178
246
180
259
209
146
140
196
205
262
193
224
186
183
244
178
190
60
204
148
204
207
263
249
190
136
223
121
198
227
188
170
176
202
241
147
192
119
174
178
119
223
168
112
188
192
157
169
210
34
190
110
180
452
432
434
309
310
310
310
338
433
434
339
311
435
310
437
335
434
434
335
311
396
433
427
204
433
307
165
369
307
431
306
121
338
485
431
345
478
336
305
327
431
427
399
326
427
462
304
354
214
341
476
304
327
326
259
417
378
304
203
304
485
426
324
325
128
272
77
225
216
426
406
359
231
360
250
304
406
110
361
453
46
397
152
26
304
375
158
150
53
372
348
436
487
252
305
117
180
123
183
85
54
64
75
166
86
24
262
24
193
34
101
151
36
47
205
44
196
70
259
189
59
148
187
202
136
154
166
189
181
72
113
156
184
193
120
165
137
235
184
178
246
180
259
209
146
140
196
205
262
193
223
186
183
244
178
190
59
204
148
204
206
263
248
190
136
223
120
198
226
188
170
176
202
238
147
192
119
174
178
119
223
168
112
187
191
157
169
210
34
189
110
179
