95
452
161
432
427
428
309
310
310
339
310
434
335
338
428
331
434
434
437
434
396
433
306
433
434
335
205
307
306
485
431
368
434
431
477
327
345
326
338
305
431
214
417
326
354
341
304
304
324
304
259
485
397
405
205
216
184
375
150
304
232
250
120
26
378
42
406
325
134
272
178
304
321
161
158
361
153
356
164
232
55
304
134
193
451
253
244
44
487
486
212
318
462
396
372
42
180
192
124
259
229
85
67
54
262
43
85
151
166
241
207
24
48
101
37
198
64
154
74
183
196
190
136
166
72
154
201
194
113
184
162
156
175
181
117
141
146
189
186
209
141
244
259
148
205
224
61
175
119
175
136
190
169
188
190
184
170
188
119
183
122
202
196
215
263
200
176
227
204
113
190
178
147
182
227
194
217
178
200
191
190
238
101
34
49
158
211
181
160
157
176
451
161
431
426
428
309
310
310
338
310
434
335
337
428
331
433
433
437
433
396
433
305
433
434
334
204
307
305
485
431
367
434
431
477
326
344
325
338
304
430
213
417
325
354
340
304
303
323
304
259
485
396
405
205
215
184
374
149
304
232
250
120
26
378
42
406
324
133
272
178
304
320
161
158
360
153
355
163
231
54
304
134
193
451
253
243
44
487
486
211
318
462
395
372
42
179
192
123
258
222
85
67
54
262
43
85
150
165
241
207
24
47
101
36
198
63
153
74
182
195
189
136
165
72
153
200
193
113
183
162
156
175
180
117
140
146
188
186
209
141
244
258
148
205
223
61
174
118
174
135
189
169
188
190
183
170
188
119
183
122
201
196
214
262
200
175
227
204
113
189
178
147
182
227
193
216
178
200
190
190
237
101
33
48
157
211
180
160
157
176
