73
370
368
58
367
370
106
369
257
175
357
200
59
480
367
370
268
213
434
370
186
75
347
368
325
61
337
165
285
235
395
152
369
304
286
478
407
313
298
415
247
385
335
191
190
285
273
454
167
104
388
455
78
40
257
372
370
29
282
227
175
455
244
284
132
242
138
271
78
173
452
212
186
43
47
141
111
129
27
118
65
188
184
56
47
121
106
119
94
182
118
98
75
116
118
56
224
56
101
86
141
68
214
142
114
257
246
255
96
46
55
177
56
193
77
251
128
44
198
172
88
53
73
102
75
90
37
50
106
246
54
120
197
198
98
128
107
172
177
113
192
76
129
193
42
68
117
370
368
58
367
370
106
369
257
175
357
199
59
480
367
370
268
213
434
370
186
74
347
368
324
61
336
165
284
234
395
152
369
303
285
478
407
313
298
415
247
385
334
191
190
285
273
453
167
103
387
454
77
40
256
372
370
29
281
226
174
454
243
284
132
241
138
270
77
172
451
212
186
43
47
141
111
128
26
118
65
188
183
56
47
121
106
119
94
181
117
97
74
116
118
56
223
56
101
85
141
68
213
142
114
256
245
254
96
45
54
176
56
192
77
248
128
44
198
172
88
53
72
101
75
90
36
50
106
246
53
119
196
198
98
128
106
171
176
113
191
76
129
192
42
67
117
