94
452
432
161
434
310
434
310
310
331
338
335
437
426
311
434
339
434
310
435
434
309
307
396
433
205
431
369
335
306
307
478
338
431
484
327
305
326
150
399
427
432
345
341
327
427
214
303
204
178
326
304
304
356
259
418
378
426
476
304
216
122
485
462
226
26
406
321
397
324
427
304
325
47
250
304
375
90
135
359
406
158
55
232
486
372
452
253
305
176
361
212
80
153
188
180
124
191
183
54
85
64
75
207
166
151
101
262
24
24
262
37
40
194
48
85
151
196
67
190
154
202
196
166
136
184
182
113
72
165
120
175
189
184
235
135
156
141
262
246
146
244
178
192
186
256
205
205
224
186
184
204
196
190
136
189
60
184
187
119
121
226
174
148
223
220
196
119
170
176
168
197
247
195
202
113
194
228
49
157
192
190
110
263
147
158
249
178
187
452
432
160
434
310
434
310
310
331
338
334
437
426
311
434
338
434
310
435
434
309
307
395
433
204
431
369
335
306
307
478
338
431
483
327
305
326
150
399
427
432
344
340
327
427
214
303
203
178
325
304
304
356
259
418
378
426
476
304
216
122
484
462
226
26
406
321
396
324
427
304
324
46
250
304
374
92
134
359
406
158
54
232
485
371
452
252
305
177
360
212
83
153
187
180
124
190
183
54
84
64
74
207
166
150
101
262
24
24
262
37
40
194
47
84
151
196
66
189
154
202
196
166
136
183
182
113
72
165
120
175
188
183
235
135
156
140
262
246
146
244
177
191
186
256
204
204
224
186
183
204
196
189
136
188
60
184
186
119
121
226
173
148
223
220
196
119
169
175
168
196
249
195
202
112
193
228
48
156
192
189
110
262
146
158
248
177
187
