89
446
451
207
266
401
404
216
451
445
221
215
293
415
216
401
64
212
70
67
447
42
205
222
60
36
350
73
39
235
486
263
219
183
84
141
98
97
313
478
259
430
406
341
85
406
193
222
240
378
77
84
475
444
223
243
66
158
364
220
223
210
351
329
222
259
331
203
135
396
264
82
286
393
138
403
57
193
202
292
377
205
264
56
390
181
464
365
233
383
72
60
56
76
72
82
194
107
87
76
162
29
42
205
41
64
26
102
79
97
109
76
58
104
81
107
91
93
96
73
66
109
211
55
70
91
106
42
86
91
34
28
26
91
98
211
98
82
82
69
40
98
236
125
33
119
91
97
46
34
91
97
46
86
37
32
46
101
30
106
104
94
101
82
62
87
52
25
39
72
112
48
115
80
34
58
108
39
103
446
450
206
266
401
404
216
451
444
220
214
292
414
216
400
63
212
69
66
446
42
204
221
60
35
349
72
38
235
486
263
219
186
84
141
97
96
313
477
259
429
405
340
85
405
194
221
240
377
77
83
474
443
223
242
65
158
363
219
222
210
351
328
221
258
330
203
134
395
263
82
286
392
138
403
56
193
201
291
377
205
264
56
390
181
464
365
232
382
72
59
55
75
71
82
190
107
87
75
161
29
41
205
41
64
26
102
79
97
109
76
58
104
80
106
91
93
95
73
65
109
208
55
70
91
106
41
86
90
33
28
25
91
98
201
97
81
82
69
40
98
235
124
33
119
90
97
46
34
91
96
45
85
37
31
46
100
29
105
103
94
101
81
61
87
52
25
38
71
112
47
115
80
34
58
107
38
102
