87
452
161
431
310
310
310
437
434
310
310
331
338
332
434
339
434
434
307
433
433
426
434
335
427
205
306
307
431
342
327
478
214
338
485
341
397
305
432
326
304
431
304
432
327
378
184
259
303
205
485
304
121
406
163
150
331
304
375
232
250
26
325
42
462
216
54
177
356
321
162
304
158
134
361
270
257
372
253
231
229
487
212
245
304
44
396
134
180
192
121
81
54
67
101
85
30
43
207
166
156
48
262
24
34
154
184
75
262
61
196
195
190
166
136
154
154
168
184
146
181
72
144
178
117
133
178
244
144
259
111
262
183
191
221
190
175
60
205
188
121
182
188
144
176
169
184
170
119
195
122
181
136
192
201
147
227
203
220
112
215
186
222
233
157
190
227
196
46
158
238
234
101
160
178
452
160
430
309
309
309
437
434
309
309
331
338
332
434
339
433
433
307
433
433
425
434
335
427
204
306
307
431
342
327
478
214
338
485
340
397
305
431
326
304
430
304
432
326
378
184
258
302
204
485
303
121
406
162
150
330
304
375
232
250
26
325
42
462
216
53
176
356
321
161
303
158
134
360
270
256
371
253
230
229
486
211
244
303
44
395
134
180
192
121
80
53
66
101
84
30
43
206
165
155
47
262
24
33
153
184
74
262
60
195
195
189
165
135
154
153
168
183
145
180
72
143
177
116
132
178
244
143
259
111
262
183
190
220
189
175
59
204
188
121
181
187
144
176
169
183
169
119
195
122
181
136
191
201
147
227
202
219
111
215
186
222
233
156
189
227
195
45
158
238
234
100
159
178
