76
132
393
476
86
258
114
325
132
132
425
454
76
89
132
245
394
337
56
70
459
432
319
463
101
59
66
299
97
441
174
256
339
380
306
398
114
299
403
46
104
93
394
111
196
164
344
443
393
337
487
193
317
313
412
341
476
465
27
86
298
78
136
157
407
277
487
188
420
132
455
357
313
344
142
33
385
114
238
34
55
63
61
42
28
61
28
43
41
41
42
59
42
35
59
52
261
44
32
33
52
45
62
40
64
28
63
41
185
242
55
228
71
29
247
222
74
76
53
50
65
54
226
41
261
50
70
75
62
261
34
209
24
44
24
66
65
25
81
68
258
261
53
37
63
71
73
37
249
238
29
52
32
130
392
476
86
258
114
325
131
132
424
454
76
89
131
245
393
337
56
69
458
432
318
463
101
58
65
299
97
440
174
256
338
379
306
398
114
299
402
45
104
93
393
111
196
164
344
443
392
337
487
193
316
313
412
341
476
465
27
86
298
78
136
157
407
276
486
187
420
132
455
356
313
344
141
33
384
114
237
34
54
63
60
41
27
61
28
42
40
41
42
59
41
34
59
52
261
44
32
33
52
45
62
39
64
28
63
41
185
241
54
228
70
28
246
225
73
75
52
49
64
54
225
40
260
49
70
74
61
261
34
209
24
43
24
66
64
24
81
68
257
261
52
37
62
70
73
36
249
238
28
51
32
