88
451
266
447
217
402
445
210
38
291
414
222
64
404
214
401
207
73
406
217
142
431
453
71
264
447
241
44
79
224
262
350
210
221
226
236
99
487
330
85
221
314
341
66
61
204
222
400
475
217
464
224
378
308
206
412
222
37
85
267
157
245
259
330
218
478
77
364
403
385
300
266
262
286
175
352
57
56
89
477
139
391
278
367
390
243
416
242
416
61
76
72
160
72
86
58
94
31
42
77
61
82
26
41
76
91
98
226
70
37
106
102
66
96
82
112
69
58
96
107
91
112
102
96
91
73
33
94
44
39
26
119
104
25
87
31
98
238
58
34
82
28
109
24
123
78
40
109
88
25
86
46
257
86
80
97
62
103
96
56
42
95
25
97
88
114
25
74
82
80
79
24
90
107
91
36
76
450
266
446
217
401
444
209
37
291
413
221
63
403
214
401
206
72
405
216
141
431
452
70
263
446
241
44
78
224
262
349
209
221
225
235
98
486
330
84
221
314
341
65
61
203
221
400
474
216
464
224
378
307
206
412
222
36
84
266
157
245
259
330
217
477
76
363
402
384
300
265
262
286
174
351
56
56
89
476
138
390
278
366
389
243
415
242
416
61
76
71
160
72
86
58
94
30
41
76
61
82
26
40
75
91
97
225
70
36
105
102
65
95
81
111
69
57
96
106
91
112
101
95
91
73
32
93
44
38
26
119
103
25
86
31
98
238
57
33
81
28
109
24
123
77
39
108
87
25
85
45
256
86
79
97
62
103
96
55
42
95
24
96
87
113
25
74
81
80
78
24
90
107
91
36
75
