93
452
161
431
310
310
428
310
437
434
310
331
310
338
332
427
434
339
434
307
433
433
427
434
335
369
306
307
205
431
342
477
327
359
214
338
485
341
397
305
432
428
326
304
431
304
432
327
429
401
184
304
304
259
205
354
485
406
121
150
163
331
304
232
250
462
26
325
42
216
177
304
54
397
321
162
356
158
134
272
361
270
253
257
379
231
229
245
219
304
487
153
44
396
180
192
121
81
54
229
67
101
85
30
207
43
166
156
195
48
262
34
154
184
75
262
61
196
202
166
136
190
154
154
184
168
196
146
181
72
144
178
117
133
205
178
244
144
259
111
262
239
198
191
190
205
221
175
207
60
121
188
188
182
144
176
184
170
180
119
195
122
136
201
223
192
188
227
203
147
112
215
263
186
222
190
233
211
227
196
238
161
234
33
178
101
160
451
161
430
310
309
427
310
437
433
309
330
310
338
332
427
434
339
434
306
432
432
426
433
334
369
305
307
204
430
342
477
326
359
213
338
485
341
396
304
431
428
326
304
430
303
432
326
429
400
184
304
303
259
205
354
484
405
120
149
162
331
304
231
249
462
25
324
41
215
177
304
54
396
320
162
355
158
134
271
360
269
252
257
379
231
228
245
218
304
486
152
43
395
179
191
120
81
54
228
67
101
85
29
206
42
165
156
194
48
262
34
154
183
75
262
61
196
202
165
136
190
153
153
184
168
196
145
181
72
144
178
117
132
204
177
243
143
259
111
262
239
197
191
190
205
221
174
207
60
120
188
187
181
143
176
184
170
179
118
195
121
135
201
222
192
188
226
203
146
112
215
262
185
221
190
232
210
226
195
237
160
233
33
178
101
159
