77
393
129
476
132
132
258
86
424
454
326
459
85
394
62
337
140
27
55
245
300
401
316
463
432
72
41
135
305
398
130
174
394
130
101
441
339
97
345
306
337
60
142
131
67
193
443
115
94
196
276
412
393
300
321
136
74
407
312
379
487
157
359
164
465
86
316
356
444
189
115
456
132
93
385
487
404
486
238
118
33
28
61
63
55
28
42
40
261
40
42
64
35
51
259
49
59
40
248
31
32
44
55
263
248
24
227
205
63
53
48
51
28
185
63
226
55
50
263
29
236
253
75
41
47
244
65
261
34
261
68
53
82
31
258
263
241
70
66
43
54
44
66
63
26
263
37
71
76
38
76
29
58
47
26
391
127
474
129
130
256
84
422
452
324
457
83
392
60
335
138
26
53
243
298
399
314
461
430
70
39
133
303
396
128
172
393
128
99
439
337
95
345
305
335
57
140
129
65
191
441
113
93
194
274
410
391
298
319
134
72
405
309
377
485
155
357
162
463
84
314
354
442
187
114
454
130
91
383
485
402
484
238
118
33
28
60
63
55
28
42
39
261
39
42
63
34
51
258
49
58
40
248
31
32
44
55
262
247
24
227
208
63
52
48
51
28
185
63
231
55
49
262
29
236
252
74
41
46
247
64
261
34
260
67
52
82
31
257
262
240
69
65
42
54
43
66
63
25
262
37
70
75
38
75
28
58
46
25
