85
370
368
58
367
370
106
369
257
357
200
175
288
372
59
213
288
480
370
268
370
434
367
186
75
347
368
325
367
337
367
367
318
165
61
285
235
395
369
152
304
286
478
407
247
313
385
415
285
191
333
273
454
335
257
167
190
104
388
285
285
478
352
455
257
40
78
369
372
284
227
175
132
455
244
29
242
78
173
212
271
186
43
452
487
138
46
141
111
129
27
118
65
188
56
47
184
29
118
121
118
41
106
94
182
75
98
168
115
118
56
224
56
180
86
192
156
84
141
101
68
214
142
257
114
246
255
96
46
193
55
77
56
78
128
236
172
88
254
33
53
44
73
102
88
198
116
95
75
50
37
90
246
106
107
197
198
172
98
128
54
177
76
129
42
192
68
117
193
206
113
370
367
57
366
370
105
369
256
357
200
174
288
372
58
213
287
480
370
268
370
433
366
185
75
347
368
325
366
337
367
366
317
164
61
285
235
395
369
152
303
285
478
407
247
312
385
415
284
191
332
273
453
334
256
166
189
103
388
285
285
478
352
455
256
39
77
368
372
283
227
175
131
455
244
29
242
78
172
212
271
185
43
452
486
137
46
141
111
128
27
117
64
187
55
47
183
29
118
121
118
41
106
94
181
74
97
167
115
117
55
223
56
179
85
191
156
84
141
100
67
213
142
257
114
246
254
95
45
193
55
77
56
78
127
235
171
88
253
32
53
43
72
101
90
197
116
94
74
50
36
90
242
106
107
196
198
171
97
127
54
177
76
129
41
191
67
117
193
206
113
