90
451
446
401
445
403
217
203
293
266
414
221
69
451
213
64
42
218
401
447
97
67
349
39
204
223
85
141
263
36
219
314
430
77
218
84
73
406
59
378
98
235
85
240
258
444
341
203
364
475
222
224
264
486
206
221
398
329
293
223
66
477
243
83
221
330
210
391
158
476
184
56
351
263
292
201
403
377
258
464
447
277
193
383
393
203
57
390
133
138
233
60
72
72
87
82
159
59
28
76
42
76
103
107
26
61
109
260
41
97
109
79
107
93
76
58
55
70
66
82
109
39
34
69
250
40
91
98
104
82
91
96
91
82
91
236
26
25
97
98
98
124
106
73
112
48
31
46
38
34
119
86
33
104
86
32
91
80
91
73
37
115
97
48
89
101
62
72
37
58
262
79
52
105
101
48
87
90
101
82
39
451
446
401
445
403
215
203
292
265
413
221
69
451
212
64
41
218
401
447
97
66
349
38
203
222
84
141
262
36
219
314
430
76
217
83
73
406
59
378
98
235
85
240
257
444
341
203
364
474
222
224
263
486
206
221
398
329
292
222
66
477
242
83
221
329
210
391
157
476
184
56
351
263
291
200
403
377
258
463
447
277
193
383
393
203
57
389
132
138
232
60
72
72
86
81
158
58
28
76
41
75
103
106
25
60
108
259
40
97
108
79
106
93
76
57
54
69
65
82
109
38
34
69
247
39
90
97
104
82
91
95
90
82
90
235
25
24
97
97
97
124
105
72
112
48
30
45
37
34
118
86
32
103
86
31
91
80
90
73
37
115
97
48
89
101
62
71
37
58
261
79
52
105
101
48
87
89
100
81
39
