79
370
368
58
367
370
284
176
106
200
369
372
257
288
356
59
371
288
370
186
370
367
75
429
213
326
368
152
60
481
318
367
285
367
346
337
369
394
227
165
368
407
247
415
285
313
478
257
385
167
191
175
190
477
285
258
354
386
173
78
454
104
369
455
40
186
372
78
284
29
242
244
133
455
395
257
138
271
452
43
47
141
111
129
27
129
184
118
47
65
118
185
29
56
121
37
41
93
116
75
171
118
101
118
56
213
114
101
106
84
203
68
156
54
86
257
139
197
141
234
46
190
56
78
55
96
31
77
53
129
198
47
117
88
41
92
96
127
90
88
73
246
75
37
68
106
76
152
54
177
128
172
98
149
199
114
187
193
117
370
367
57
366
369
283
175
105
200
369
371
256
288
356
59
371
288
369
186
370
367
74
428
213
326
368
151
59
481
317
367
285
366
345
337
368
393
226
165
368
406
246
415
284
312
477
256
385
167
191
174
189
477
284
258
353
386
173
78
454
103
368
455
40
186
371
78
283
29
241
243
133
455
394
256
138
270
451
43
46
140
111
128
26
134
184
117
47
65
117
184
29
55
121
37
41
92
115
74
171
118
101
117
56
212
113
101
105
84
203
67
155
53
85
256
138
196
141
233
45
189
56
78
55
95
30
77
52
129
198
47
116
87
41
91
96
127
90
88
73
245
75
37
68
105
76
152
54
176
128
171
97
149
199
113
186
192
116
