97
129
393
476
109
129
71
129
132
132
258
86
424
130
454
326
129
85
394
62
337
459
140
27
34
55
245
300
99
130
105
46
401
316
463
255
432
37
72
130
136
174
394
398
130
48
101
41
441
339
345
97
306
336
60
142
131
28
131
193
443
115
196
69
131
94
276
412
393
312
300
136
321
74
157
72
487
359
164
407
379
465
86
316
313
356
341
189
115
455
444
132
340
93
478
375
385
132
118
238
33
61
157
44
136
28
61
63
55
28
175
42
40
147
40
42
64
35
261
51
260
248
49
59
40
256
187
73
248
248
31
32
41
44
238
55
205
246
63
53
227
48
238
51
263
28
185
226
63
55
50
263
29
236
24
256
75
41
47
65
253
223
244
261
34
261
263
68
82
53
31
66
65
70
43
54
258
241
44
66
63
252
26
209
37
71
73
263
38
197
76
254
205
29
71
129
393
476
109
129
71
128
132
131
258
86
424
130
454
326
128
85
394
62
337
458
140
27
33
55
245
300
98
129
104
46
401
316
463
255
432
36
72
129
136
174
394
398
130
48
101
41
441
338
345
97
306
336
60
142
131
28
131
193
443
115
196
68
130
93
276
412
393
312
300
136
321
74
157
72
487
359
164
407
378
465
86
316
313
356
340
189
115
455
444
132
339
93
477
374
385
132
118
238
33
61
157
44
121
28
61
63
55
28
174
42
40
147
40
42
64
34
260
51
259
247
49
59
40
256
187
73
247
248
31
31
41
44
237
55
205
246
63
53
226
48
237
51
262
28
185
226
63
55
49
262
29
236
24
256
75
41
47
65
253
223
244
261
34
260
263
68
81
53
31
66
65
70
42
54
258
240
43
66
63
252
26
209
37
71
73
262
38
197
76
253
204
29
71
