95
452
432
434
338
310
339
310
434
311
310
437
335
434
435
331
434
434
427
433
396
307
433
335
369
431
205
306
307
166
478
327
431
485
338
305
326
399
432
341
427
345
178
427
214
417
305
327
259
431
136
304
303
122
326
426
204
354
378
476
304
359
485
406
304
226
216
462
324
154
375
26
272
426
406
250
42
325
53
304
397
160
372
321
158
361
361
231
134
305
178
253
42
212
124
436
180
123
183
166
70
262
81
85
24
43
101
151
24
193
207
48
37
259
75
196
148
64
196
202
154
190
160
136
187
184
162
113
72
182
120
175
184
133
140
246
156
190
235
146
186
171
262
224
144
247
205
244
189
186
204
178
210
184
199
259
198
60
121
190
187
136
184
148
184
168
119
263
220
202
170
122
196
189
223
174
198
157
227
113
147
188
227
179
110
200
190
176
158
205
210
452
432
434
337
310
338
310
433
311
310
437
334
434
435
330
434
434
427
432
396
306
432
334
369
430
204
305
306
165
477
326
431
484
337
304
325
399
431
341
427
345
177
427
214
416
304
326
258
431
136
303
302
122
325
426
204
354
377
475
303
359
485
406
303
226
216
461
323
154
375
25
271
426
406
249
41
324
52
303
397
160
371
320
158
361
361
230
134
304
178
252
41
212
124
436
179
122
183
165
70
262
81
85
24
43
101
151
24
192
206
48
37
259
75
195
148
64
196
201
153
189
160
136
186
184
162
113
72
182
119
174
184
132
140
246
155
189
235
146
186
171
261
223
144
246
205
243
189
186
204
178
210
184
199
258
198
59
121
190
187
136
184
148
183
168
118
262
219
201
170
121
195
189
223
174
198
156
227
112
147
188
227
178
109
200
190
176
158
204
209
