83
129
129
129
454
109
86
476
425
132
258
129
129
326
71
132
85
56
394
132
245
337
58
294
394
70
136
319
306
97
100
339
66
465
256
130
431
130
101
105
174
441
306
196
313
131
338
131
130
164
130
394
136
412
443
186
93
111
317
465
142
296
78
157
393
300
304
276
188
357
342
487
314
33
86
115
244
131
319
356
344
385
407
455
118
151
130
42
61
55
33
28
61
63
172
161
42
41
28
41
59
42
42
59
35
44
38
239
52
246
32
55
64
256
188
62
32
41
184
44
205
51
74
63
28
24
65
249
256
49
232
194
54
218
53
81
34
41
69
76
50
62
44
28
28
25
68
261
68
43
261
37
37
212
53
42
52
66
71
42
71
52
26
238
29
45
74
129
128
128
454
109
86
476
425
131
258
128
128
326
70
132
84
55
394
131
244
337
57
293
393
69
136
319
305
97
99
339
65
465
255
130
431
130
101
105
174
441
306
195
313
130
338
131
130
163
129
394
135
411
443
185
93
111
317
465
142
295
77
157
393
300
304
275
187
356
342
486
314
33
86
114
243
131
319
356
343
385
406
455
118
150
129
42
60
54
33
27
61
62
171
160
41
40
28
40
58
42
41
58
34
43
38
236
51
246
32
54
63
255
193
61
31
41
183
43
205
51
73
62
28
24
64
249
255
48
232
193
54
218
53
81
34
41
68
75
50
61
43
28
27
24
68
260
67
43
261
37
37
212
53
41
52
65
70
42
71
51
25
237
28
45
73
