97
451
266
401
446
216
445
290
403
208
415
216
221
216
64
447
214
400
216
205
350
67
36
97
70
216
216
42
223
85
39
452
341
264
141
73
406
407
235
203
98
220
313
430
265
378
85
60
329
240
84
475
79
222
478
224
444
217
220
300
83
221
210
262
133
244
58
292
464
397
205
184
366
221
377
159
481
364
196
77
403
351
217
277
264
259
200
175
329
476
419
390
185
339
384
390
256
88
61
76
72
72
160
87
31
82
60
41
175
76
205
64
99
26
41
226
76
108
79
81
109
102
188
216
109
58
55
93
109
26
66
70
91
98
27
96
25
91
109
42
37
106
83
91
104
33
82
40
98
69
98
86
34
239
238
46
29
104
123
91
94
101
25
114
90
60
31
109
37
24
86
73
91
221
97
55
81
62
97
256
78
48
37
99
25
46
74
77
79
50
49
100
90
83
25
450
265
400
445
215
444
289
403
207
415
215
220
215
63
447
214
400
215
204
350
66
36
97
69
216
215
41
222
85
39
452
341
263
141
72
405
406
235
203
98
220
312
430
264
377
85
59
329
240
84
474
78
222
477
224
444
217
220
300
83
221
210
261
132
243
57
292
464
397
205
184
365
221
376
159
480
364
195
77
402
351
217
277
264
259
200
174
329
475
419
389
184
339
383
389
256
88
61
75
72
72
160
87
31
82
60
40
174
75
204
64
98
25
41
225
75
107
79
80
108
102
187
215
109
58
55
92
108
26
65
70
91
98
27
95
25
91
108
41
36
105
83
90
104
33
82
40
97
69
97
86
34
238
237
45
28
103
123
91
94
101
24
114
90
60
30
108
37
24
86
73
91
220
97
55
81
61
96
256
78
47
37
99
25
46
74
77
79
50
48
100
89
83
25
