89
129
393
476
258
132
85
114
129
454
129
129
132
129
425
325
129
76
89
27
56
337
132
394
245
70
478
136
459
34
319
48
432
66
299
59
100
463
338
130
394
174
256
398
98
114
101
66
299
380
441
40
130
130
403
447
130
402
93
131
338
46
306
164
443
94
193
131
189
50
466
111
104
317
276
90
412
66
298
393
455
73
157
189
344
478
357
385
407
324
117
238
33
63
28
58
61
151
43
130
172
61
140
28
42
161
41
41
260
59
35
43
42
59
52
253
246
259
245
32
239
44
62
40
45
256
33
182
184
53
63
41
228
65
71
52
262
29
240
28
229
208
196
247
235
226
117
76
256
49
250
55
54
41
244
75
236
61
224
44
50
75
62
261
254
31
251
65
261
73
31
68
36
238
263
37
32
43
52
128
392
476
257
132
85
114
129
454
129
128
131
129
424
325
128
76
89
26
56
337
131
394
245
70
478
136
459
33
318
48
431
65
298
59
99
463
338
129
393
174
255
397
98
114
101
65
298
380
440
39
129
129
403
447
129
406
93
131
338
46
306
164
442
93
193
131
189
50
465
111
104
317
275
89
412
65
298
393
454
73
157
188
343
478
357
384
407
323
117
237
33
63
28
57
61
151
42
130
172
61
139
28
41
160
41
41
260
59
35
42
41
59
52
252
246
259
244
32
239
43
62
40
45
255
33
182
184
52
62
40
228
64
71
51
261
28
240
28
229
208
195
246
235
225
116
75
256
49
250
55
54
41
243
74
235
60
224
44
49
74
62
261
253
30
250
65
260
73
31
68
36
238
262
37
32
43
51
