85
453
161
431
310
310
310
433
437
434
310
310
331
332
338
434
340
434
434
307
433
434
434
335
306
307
205
431
477
342
327
396
214
338
341
485
305
432
326
304
304
431
432
327
358
184
304
259
205
304
463
485
406
121
177
163
331
304
232
250
150
26
325
42
216
321
304
356
162
158
54
134
272
270
257
253
231
229
487
153
134
219
245
44
304
261
179
192
121
81
54
67
184
101
85
30
43
207
156
166
48
262
24
34
154
75
61
197
196
166
136
190
154
184
154
168
178
146
181
144
72
117
133
178
244
259
144
111
262
196
191
190
221
175
205
181
60
121
188
201
182
144
176
184
170
188
119
195
122
136
227
220
147
203
112
192
215
263
222
233
190
227
196
46
178
178
161
238
101
234
209
452
160
430
309
309
309
432
437
434
309
309
331
331
337
434
340
434
434
307
433
434
433
335
306
306
205
430
476
342
327
395
214
338
340
485
305
432
325
304
303
431
432
327
357
184
303
258
204
303
463
485
406
121
176
162
330
304
232
250
149
25
325
41
216
320
304
355
161
158
53
133
272
270
256
252
231
229
486
153
134
219
244
44
303
261
178
192
121
80
53
66
184
101
84
30
43
206
155
165
48
261
24
34
153
74
60
197
195
165
135
189
153
183
153
167
178
146
180
143
72
116
133
178
244
258
144
111
262
196
190
189
220
175
204
181
59
121
188
201
182
144
175
183
169
187
119
195
122
136
226
219
146
202
111
191
214
262
221
233
189
227
195
45
178
178
161
237
100
234
208
