95
452
432
161
309
310
310
310
434
339
310
434
335
338
434
435
331
434
434
437
396
425
433
306
433
427
335
307
205
306
369
485
431
431
327
326
477
345
338
305
399
341
214
432
326
354
417
304
425
304
324
259
304
406
205
485
375
232
216
184
304
150
134
250
26
120
378
42
304
397
325
356
272
359
178
158
231
161
54
164
321
304
153
194
462
254
134
372
44
487
244
212
486
361
318
396
180
124
192
85
67
54
43
85
262
30
183
151
166
24
194
207
48
37
101
196
262
64
154
74
243
196
136
190
166
202
72
154
113
162
175
184
156
181
117
184
140
146
135
186
207
186
244
207
259
148
224
205
121
175
61
169
184
136
191
190
188
215
170
119
188
183
122
176
174
196
147
263
196
201
113
227
204
192
182
227
220
178
200
180
193
178
157
101
34
238
158
49
186
211
160
452
431
161
309
310
310
310
434
339
310
434
334
337
434
435
330
434
434
436
395
425
433
306
433
427
335
307
205
305
369
484
431
430
326
326
476
344
338
305
399
341
214
432
326
354
416
304
425
303
323
259
304
405
205
484
374
232
216
184
304
150
134
250
26
120
377
41
304
396
325
355
271
359
178
158
231
160
54
164
321
304
153
194
462
254
134
371
44
487
243
212
486
361
318
395
179
124
192
85
67
54
43
85
262
30
182
150
165
24
193
207
48
37
101
195
262
64
153
74
243
196
135
190
165
202
71
153
113
162
175
184
156
180
116
184
139
145
135
186
206
185
243
207
258
147
224
205
121
175
61
168
184
135
191
190
188
215
170
119
188
182
122
176
173
196
146
262
196
201
113
227
203
191
182
226
219
178
200
179
193
178
156
100
34
237
158
48
185
211
159
