93
394
476
76
129
89
258
85
129
129
325
131
457
458
114
129
424
129
132
56
431
69
27
136
336
34
319
140
129
98
101
245
97
114
66
46
66
300
55
41
394
446
476
174
466
447
441
129
255
337
67
338
399
141
401
306
38
130
298
196
111
394
48
99
130
276
164
313
27
73
92
131
157
316
303
194
448
131
379
184
130
381
348
298
151
393
437
46
131
357
94
256
487
455
238
34
41
117
43
63
58
136
172
42
30
259
41
61
148
28
158
61
59
44
52
260
246
35
245
32
51
184
253
52
59
64
73
249
242
62
40
49
263
42
244
24
63
31
261
28
199
40
49
260
185
228
27
248
55
232
211
28
65
50
53
224
263
259
261
54
255
24
31
76
41
66
62
138
75
46
232
240
75
221
250
235
65
56
258
259
252
71
42
241
51
53
73
393
475
76
129
89
257
84
129
128
324
131
456
457
114
129
423
129
132
56
431
69
26
136
335
33
318
140
129
98
101
244
97
114
65
46
66
300
54
40
393
445
475
174
465
447
441
129
254
336
67
338
398
140
401
306
37
130
298
195
111
393
48
98
130
275
164
313
27
72
92
131
157
315
300
193
448
131
378
184
130
380
347
298
151
392
436
46
131
356
94
255
486
455
238
34
41
117
42
63
58
135
172
41
29
259
40
60
148
28
157
60
59
44
52
260
246
35
245
32
51
184
252
51
58
63
72
249
242
62
39
48
263
41
244
24
62
31
261
27
199
39
49
260
185
227
27
248
54
232
211
27
64
49
53
224
262
259
260
53
255
24
31
76
40
65
62
146
74
45
231
239
75
220
249
234
65
55
257
259
252
70
42
240
50
53
73
