81
452
432
434
310
338
310
434
437
309
434
435
310
332
339
331
434
433
396
166
427
205
335
307
431
368
431
338
341
478
342
484
129
326
305
399
431
304
354
304
327
476
213
304
204
462
426
485
259
325
125
417
406
232
26
331
216
139
427
160
250
178
125
397
304
231
321
156
47
453
194
272
55
436
305
372
119
136
250
158
304
253
180
124
183
54
166
75
85
101
85
24
193
43
156
262
207
37
73
196
187
259
190
196
136
154
202
113
182
142
184
156
72
223
171
120
184
141
256
209
205
262
196
152
244
178
180
204
61
224
195
194
186
121
184
119
144
136
213
223
198
170
200
206
174
176
227
226
181
119
192
203
263
192
210
110
157
184
244
132
112
234
190
452
431
433
310
338
310
434
437
309
433
434
310
332
339
330
433
433
395
165
427
205
335
307
431
367
431
337
340
478
342
483
129
326
305
398
431
304
353
303
327
475
213
303
204
462
425
484
258
324
124
416
406
231
26
331
215
138
426
159
250
178
125
397
304
230
320
155
46
453
194
272
54
436
304
371
119
136
250
158
303
253
179
124
182
53
165
74
84
101
84
24
192
42
155
262
207
37
73
195
186
258
190
195
136
153
202
113
182
142
184
156
71
222
171
119
183
141
256
208
204
261
196
151
243
178
179
204
60
224
194
193
186
120
184
119
143
135
210
222
198
169
199
205
174
175
227
225
181
118
191
203
262
191
209
109
156
183
243
131
111
233
190
