96
451
266
446
401
216
445
290
403
208
415
221
216
64
447
216
400
214
205
217
36
350
67
70
98
42
217
341
223
264
85
452
39
141
73
406
487
407
235
313
430
203
60
220
378
329
222
84
478
79
300
475
265
210
225
313
220
224
240
83
259
133
464
217
444
61
244
292
205
397
184
221
366
377
159
196
364
78
200
217
403
351
277
264
259
175
329
477
185
384
391
390
339
88
418
242
138
61
76
72
72
160
87
31
82
59
41
76
205
64
99
178
41
26
76
217
81
108
79
102
109
109
229
26
58
66
55
109
93
70
91
98
73
27
96
42
37
25
104
109
83
33
98
40
86
69
29
98
106
91
33
24
46
124
82
104
91
101
60
241
236
121
25
90
109
31
37
86
24
73
91
55
97
81
99
262
62
97
78
48
37
25
46
73
50
100
79
90
49
25
77
36
80
451
266
446
401
215
445
290
403
208
415
221
216
63
447
215
400
214
204
216
36
349
66
69
97
41
216
341
223
264
85
452
39
141
72
406
487
407
235
313
430
203
60
219
377
329
221
84
478
78
300
475
265
209
225
313
220
223
240
82
259
132
464
216
444
60
244
292
204
397
184
220
366
377
159
196
364
77
199
216
403
350
277
264
259
175
329
477
185
383
391
389
339
88
418
242
137
61
76
72
72
160
87
31
81
59
41
75
213
64
99
178
41
26
75
216
81
107
79
102
108
109
228
26
58
66
55
109
93
70
91
98
73
27
95
42
37
25
104
108
83
33
97
40
86
69
29
98
106
90
33
24
46
124
82
104
91
100
60
240
235
121
25
90
108
31
37
85
24
72
90
55
97
80
99
261
62
96
78
48
37
25
46
73
50
99
79
90
49
25
77
36
79
