91
452
432
434
338
310
310
434
310
311
310
335
331
427
339
437
434
434
435
396
433
307
369
335
431
306
166
307
478
205
431
327
485
305
338
326
432
399
427
341
427
178
345
214
417
327
303
431
304
122
259
326
204
426
359
378
476
136
304
485
216
153
304
406
226
462
324
26
152
375
250
406
272
325
42
304
54
159
397
372
231
158
361
134
110
361
42
254
436
212
188
178
180
123
183
166
67
54
85
81
24
43
151
207
259
262
101
48
37
194
196
67
148
202
196
154
160
187
136
184
190
113
162
72
117
181
175
133
184
235
141
246
190
156
146
186
262
244
144
205
189
224
186
178
204
198
184
199
244
259
60
136
179
190
121
187
184
148
119
189
168
170
202
263
196
122
220
192
199
174
157
227
113
147
179
241
188
176
193
210
158
184
200
451
432
433
338
310
310
434
310
311
310
335
330
426
339
437
434
434
435
396
433
307
369
335
431
306
166
307
477
205
431
326
485
305
338
325
432
399
426
341
426
177
345
213
417
326
303
431
304
122
258
325
203
426
359
377
476
136
303
485
215
152
304
406
226
461
324
26
152
375
249
405
271
324
41
303
54
159
396
371
231
157
361
135
109
360
42
253
435
211
188
177
179
123
182
165
67
54
85
81
24
43
150
207
259
262
101
48
37
194
196
67
148
201
196
153
159
186
136
184
190
113
162
71
117
180
174
133
184
234
141
245
189
156
145
185
262
244
144
204
188
224
185
178
204
198
183
199
241
258
60
135
179
189
120
187
184
148
119
188
167
169
202
262
196
122
219
192
198
173
156
227
113
146
179
241
188
175
192
210
157
183
199
