92
129
393
476
129
129
109
71
258
86
132
454
130
424
325
129
132
394
62
85
27
459
132
337
34
245
318
46
59
130
105
99
300
401
463
256
37
72
394
48
174
136
101
398
344
445
339
431
40
142
306
97
337
66
130
196
94
130
193
276
67
393
115
412
443
300
157
317
487
136
72
74
381
407
465
356
115
313
86
164
93
359
455
189
132
152
478
341
407
487
244
322
313
118
238
33
157
136
61
44
63
55
61
43
175
28
42
147
28
42
64
40
260
261
43
35
248
59
32
248
45
187
73
256
40
248
33
41
238
55
53
238
63
246
51
227
226
33
185
44
226
28
55
63
50
262
259
65
244
218
75
261
251
261
47
34
44
68
68
62
70
82
65
31
247
258
44
26
71
252
66
54
76
43
73
37
71
57
254
209
45
58
42
52
42
129
393
476
129
129
108
71
257
86
131
454
130
424
325
129
132
394
62
85
26
458
132
337
33
245
318
45
59
130
104
98
299
400
463
256
37
72
394
47
174
136
100
398
344
445
339
431
40
142
305
96
337
65
130
196
94
129
193
276
67
392
114
411
443
300
156
317
487
135
71
74
380
406
464
355
114
313
86
164
93
358
455
189
131
151
477
340
406
487
244
322
312
118
238
32
156
136
60
43
63
54
60
42
174
28
41
147
28
42
63
40
260
261
43
34
247
58
32
247
45
187
73
256
40
248
33
41
237
54
52
237
63
245
51
226
225
32
185
43
225
28
54
63
50
262
259
65
244
218
75
261
250
260
47
34
44
67
67
62
70
82
64
31
246
257
44
25
70
252
66
54
76
42
72
37
70
57
254
208
45
58
42
52
42
