93
452
161
432
427
428
309
310
310
310
434
339
310
335
338
331
434
434
437
434
396
433
434
306
433
205
335
307
306
485
431
434
477
368
431
327
345
326
338
305
399
431
214
326
418
341
354
304
304
324
304
485
205
184
216
375
304
150
405
232
250
120
26
378
304
397
42
325
134
321
178
161
158
361
55
153
356
232
164
304
134
193
303
253
44
244
487
486
318
212
42
462
396
372
180
192
124
259
232
85
67
54
43
85
262
30
151
166
207
24
48
101
37
196
64
184
154
74
190
196
136
166
72
154
194
184
201
113
162
156
175
181
117
184
141
146
186
186
141
207
244
259
148
205
61
175
190
136
169
190
188
119
184
170
188
119
183
176
174
122
196
215
227
200
204
113
190
194
178
147
227
182
216
178
200
226
190
101
238
34
49
211
158
176
181
160
157
452
161
431
427
428
309
309
310
310
434
339
310
335
338
330
434
434
437
434
395
433
434
306
433
204
334
307
305
485
431
433
477
368
431
326
345
325
337
305
398
431
214
325
418
341
353
303
303
324
303
485
204
183
216
374
304
150
404
232
250
119
26
377
304
396
42
325
133
320
178
161
158
360
54
153
356
231
164
303
133
192
303
252
44
243
487
486
317
212
42
462
395
371
180
191
124
259
232
85
66
53
43
85
262
30
151
166
206
24
48
101
36
196
64
183
154
74
189
195
135
165
72
154
194
183
201
113
162
156
175
180
116
184
141
145
185
186
141
206
243
259
148
205
60
175
190
136
169
190
187
119
183
170
188
118
183
175
173
121
196
215
226
200
203
113
189
194
177
146
227
181
216
177
199
225
189
100
238
34
49
210
158
176
180
159
157
