76
393
85
130
75
475
423
257
114
66
131
453
394
97
249
86
55
324
400
135
252
69
33
465
27
130
431
314
338
59
337
96
114
46
41
45
173
441
396
458
67
99
255
140
337
100
67
297
294
244
188
316
406
157
313
343
357
110
73
165
465
306
342
384
394
86
255
443
151
447
477
380
298
312
195
455
487
238
55
31
41
33
28
63
63
251
61
42
45
67
241
39
59
42
248
246
253
52
245
30
259
43
43
31
185
45
35
253
73
221
262
248
63
28
228
261
62
263
40
27
49
52
261
28
38
59
61
62
258
67
255
221
43
52
31
53
46
55
232
29
34
66
51
41
56
247
252
244
65
42
73
73
55
393
85
129
74
474
423
257
113
66
131
452
394
97
252
86
54
324
400
135
251
69
33
464
26
129
430
314
338
58
337
96
114
46
40
45
173
440
396
457
66
99
254
139
337
100
67
297
294
244
187
315
406
157
312
343
357
109
73
165
464
306
342
384
394
86
255
442
151
446
476
380
298
312
194
454
487
238
54
30
40
33
28
63
62
250
61
42
44
67
232
39
58
41
247
246
249
51
245
29
259
42
43
31
184
44
34
252
73
220
261
247
62
28
228
260
62
262
39
26
49
52
260
27
38
59
60
61
257
67
260
221
43
52
30
53
46
54
232
28
33
66
50
41
55
247
251
243
65
42
72
72
55
