94
452
432
434
310
310
338
310
434
437
309
339
434
311
435
310
335
331
434
434
433
396
307
205
427
166
434
335
307
368
431
306
122
431
338
478
345
484
326
305
399
304
327
431
126
326
341
327
354
304
476
304
213
378
462
259
304
204
184
434
325
324
417
406
232
26
216
426
139
250
360
178
110
54
397
232
113
47
406
304
75
321
453
272
153
305
375
372
155
356
91
117
304
134
150
180
124
183
54
64
166
75
85
101
85
262
24
24
193
43
151
207
37
48
73
196
151
190
259
187
61
196
136
202
154
166
190
113
182
184
156
72
171
120
184
256
161
141
209
183
141
262
209
205
196
244
152
184
180
224
190
178
191
208
195
148
186
121
184
119
136
220
214
170
188
201
241
192
174
228
208
119
202
176
233
226
192
263
178
110
168
157
200
147
197
180
234
179
189
452
432
434
310
310
338
310
434
437
309
339
434
311
434
310
335
330
434
434
433
396
307
205
426
166
434
334
307
367
431
305
121
431
337
477
345
483
325
304
399
304
326
431
126
325
341
327
353
304
476
304
213
378
462
259
304
203
183
433
324
324
417
406
232
26
216
425
139
250
360
178
110
54
397
232
113
47
406
304
75
320
453
271
152
304
375
371
155
356
91
116
304
134
149
179
124
182
54
64
166
75
84
101
85
262
24
24
192
43
151
206
37
48
72
195
150
190
259
187
61
195
136
201
154
165
189
113
181
183
155
71
171
120
183
256
161
141
208
183
141
262
208
205
195
244
152
183
179
224
190
177
191
208
195
148
185
121
183
119
136
220
214
169
187
200
240
192
174
227
207
119
201
175
233
225
191
262
178
109
168
157
200
147
196
179
234
179
188
