83
370
367
58
370
367
200
175
369
288
106
221
429
186
288
370
370
282
318
367
368
370
367
283
367
59
152
282
167
480
346
407
213
61
356
282
75
254
275
257
414
285
175
190
385
395
253
192
295
316
326
232
284
454
369
284
77
212
165
210
157
133
40
286
286
160
487
340
478
372
386
354
429
257
452
454
264
260
173
164
138
241
429
116
46
141
112
26
120
47
186
65
35
118
199
100
116
24
94
36
119
84
179
257
75
168
47
156
127
115
138
53
106
55
46
118
101
57
106
118
131
206
33
56
68
198
45
77
142
188
128
213
56
56
196
95
88
246
84
90
47
141
197
48
172
36
225
258
203
206
126
117
106
96
92
47
50
193
76
190
174
127
82
114
44
83
119
369
366
57
370
367
199
174
368
287
105
220
428
185
287
370
370
281
317
367
368
370
367
282
367
58
152
281
166
479
345
406
212
60
355
281
74
253
274
256
413
284
175
189
384
394
252
191
294
315
325
232
283
453
369
283
76
211
164
209
156
132
39
285
285
159
486
339
477
371
386
353
428
256
451
453
263
259
172
164
137
241
428
115
46
140
112
26
119
47
185
65
34
118
199
100
116
24
94
35
119
83
178
257
74
167
47
155
126
114
137
53
105
54
46
117
101
57
106
117
130
206
33
56
67
197
45
77
142
187
127
212
56
56
195
94
87
246
83
90
46
140
197
47
172
35
224
258
202
206
125
116
106
96
92
47
49
193
76
190
173
127
82
113
43
83
119
