99
452
432
309
434
310
338
310
310
434
339
434
311
435
310
335
437
434
434
434
335
311
396
205
427
433
307
121
307
431
345
306
166
431
485
368
477
335
338
327
431
305
427
399
341
326
354
427
476
214
462
304
304
304
153
378
178
259
328
303
485
418
325
426
324
126
325
204
426
272
139
406
361
216
232
375
406
250
304
232
356
41
452
155
397
436
26
178
74
78
304
158
364
188
111
325
54
117
304
372
180
123
85
183
54
166
64
75
85
262
24
24
193
34
151
101
37
48
70
205
44
196
190
259
59
151
190
136
154
156
166
187
113
72
201
186
193
181
165
138
120
235
184
140
175
209
246
196
146
180
205
256
190
179
183
190
224
263
244
60
186
195
204
148
210
205
178
223
263
214
121
190
136
184
168
202
170
176
227
148
122
192
200
174
208
119
200
233
249
226
112
211
184
238
185
192
180
216
157
452
432
309
433
310
338
310
310
434
339
434
311
435
310
334
437
434
434
434
335
311
396
204
426
433
307
120
307
431
345
306
165
431
485
367
476
335
338
327
431
305
426
399
340
326
354
426
475
213
462
304
303
304
152
378
178
259
328
302
485
417
325
426
324
125
325
203
426
271
139
406
361
215
232
375
406
250
304
231
356
40
452
154
397
435
26
177
74
78
303
158
364
187
111
325
53
116
304
372
180
123
85
182
54
165
64
75
85
261
24
24
192
34
150
101
37
48
70
204
44
196
189
259
59
151
190
135
154
155
165
187
113
72
201
186
193
181
165
138
119
234
184
140
175
209
246
196
145
179
204
256
190
179
183
189
224
262
243
60
186
195
204
148
210
204
178
223
262
214
121
190
135
183
168
202
169
176
226
148
122
192
199
174
208
119
199
233
248
225
112
211
184
238
185
191
179
216
157
