95
452
434
432
310
310
309
310
339
437
338
310
434
332
310
434
335
435
434
434
433
396
433
427
431
307
306
205
160
335
367
124
484
431
397
326
338
305
477
214
341
431
354
128
136
428
418
328
475
304
462
140
304
231
304
178
325
378
426
427
304
125
204
406
321
216
259
371
485
325
426
331
250
158
178
304
153
47
26
406
55
188
272
453
356
150
232
361
305
427
304
155
372
258
341
487
181
183
124
75
54
85
64
262
101
166
43
85
156
31
24
205
193
37
48
75
196
61
259
154
136
166
190
189
193
201
194
72
113
181
175
181
120
186
146
144
138
207
223
247
238
186
263
199
256
180
218
205
184
244
190
205
184
204
249
190
205
178
121
227
135
224
168
58
195
226
144
170
113
200
217
179
119
119
202
192
184
263
191
148
189
227
188
110
216
229
200
157
234
134
31
451
434
432
310
310
309
310
338
437
338
310
434
331
310
434
335
435
434
434
433
396
433
427
431
307
306
205
160
335
367
123
484
431
396
325
338
305
476
213
340
431
353
127
136
428
418
328
475
303
461
140
303
230
303
177
325
378
426
427
304
124
204
405
321
215
259
370
485
324
426
331
249
157
178
304
153
47
26
406
54
187
272
453
356
149
232
360
305
427
303
155
371
258
340
487
180
182
123
75
54
85
64
262
101
166
43
85
155
31
24
205
192
37
48
75
195
61
258
153
136
166
190
188
192
201
193
72
113
181
175
180
120
186
146
144
138
206
222
247
238
186
262
199
255
179
218
205
184
243
190
205
183
204
249
190
205
177
121
227
134
224
168
58
195
225
144
169
112
199
217
179
119
119
202
191
183
262
190
148
189
226
188
110
216
228
200
157
234
133
31
