68
309
431
159
433
308
309
451
306
307
475
436
394
335
432
433
203
423
334
329
366
334
430
484
133
324
304
462
323
484
337
430
352
392
414
124
302
202
468
302
424
127
302
424
226
139
405
395
53
185
404
361
107
133
231
107
122
169
210
345
138
363
157
214
190
149
242
159
40
27
124
191
183
70
43
180
148
85
184
101
196
166
85
194
190
262
155
207
202
196
113
72
259
262
170
183
148
61
262
138
209
179
189
197
259
178
203
244
204
223
190
223
193
227
202
159
193
187
119
190
220
248
227
241
212
196
158
166
217
212
201
136
199
189
238
178
176
309
430
159
433
308
309
451
305
306
475
436
394
335
432
433
203
423
334
329
366
334
430
484
133
324
304
461
323
484
337
430
352
392
414
123
302
202
468
302
424
127
302
424
226
138
404
395
53
185
403
361
106
133
231
107
122
168
210
345
138
362
157
213
190
148
242
159
40
27
123
190
182
76
42
179
147
84
183
100
195
166
84
194
190
261
155
207
201
195
112
72
258
262
166
183
148
61
261
137
209
179
189
197
259
177
202
243
203
222
180
222
192
227
201
159
193
186
118
189
220
247
226
240
211
195
157
166
216
212
200
135
198
189
237
177
176
