94
453
161
431
310
310
310
428
437
434
310
331
310
338
332
434
339
434
434
307
427
433
433
427
427
434
335
369
306
307
205
431
342
478
327
359
214
338
485
341
305
397
432
401
326
304
431
304
432
327
184
304
259
304
205
485
406
121
163
150
331
463
304
371
232
250
26
325
42
216
177
54
321
394
162
304
356
158
134
272
361
270
257
372
253
231
229
487
245
219
44
381
153
304
396
179
192
121
81
54
67
220
101
85
30
207
43
166
156
48
262
24
34
154
195
184
75
250
262
61
196
202
166
136
190
154
154
184
168
196
146
181
72
144
117
178
133
198
178
244
144
259
111
262
191
190
221
205
175
60
121
188
182
188
144
183
176
171
184
170
119
195
122
136
201
192
227
188
203
223
147
112
215
263
186
222
233
157
190
227
196
46
238
161
101
172
178
234
160
453
160
430
309
309
309
428
437
434
309
331
309
337
331
434
338
433
433
307
427
433
433
427
426
434
335
368
306
307
205
430
341
477
327
359
214
338
485
340
305
397
432
401
325
304
430
303
432
327
184
303
258
303
204
485
406
121
162
149
330
463
303
370
232
250
26
325
42
216
176
53
321
394
161
303
355
158
133
272
360
270
256
371
253
230
229
486
244
219
44
381
153
303
396
178
192
121
80
53
66
220
101
84
30
206
43
165
155
47
262
24
33
153
194
183
74
249
262
60
196
201
166
135
189
153
154
183
167
195
146
180
72
143
116
177
133
197
178
244
143
258
111
262
190
189
220
205
175
59
121
188
182
187
144
182
175
171
183
169
119
195
122
136
201
191
227
187
202
222
146
111
214
262
186
222
233
156
189
227
196
45
238
161
100
171
178
234
160
