91
393
476
76
129
89
258
85
129
325
131
458
114
458
129
424
132
56
431
69
27
136
336
319
34
140
98
101
245
97
114
66
46
66
446
300
55
41
394
476
466
174
441
447
255
399
67
337
338
399
141
306
401
298
196
47
111
394
130
276
164
46
73
313
92
131
341
36
157
194
316
303
379
448
130
184
151
348
437
298
381
131
487
477
357
392
256
487
223
455
375
94
238
34
41
117
43
63
58
136
42
30
41
61
259
148
28
61
59
44
52
260
246
35
32
245
51
253
52
59
64
73
249
239
62
247
40
49
263
42
24
31
63
28
261
40
228
260
49
185
215
27
55
248
28
65
224
50
53
259
261
54
250
31
255
76
41
209
235
66
75
62
135
240
46
229
75
56
235
259
65
250
71
70
252
42
258
51
53
82
73
205
241
392
476
76
128
89
258
85
128
324
130
458
113
457
128
424
132
56
430
69
27
135
335
318
33
140
97
100
245
96
114
65
45
66
445
300
54
41
393
476
466
174
440
447
255
398
66
336
337
399
141
306
400
297
196
47
110
394
129
276
164
46
73
312
91
131
340
35
157
194
316
303
378
447
130
184
151
348
437
298
381
131
486
476
356
391
256
486
222
455
374
93
237
34
40
116
43
63
57
136
41
30
40
61
259
147
28
60
59
43
52
259
245
34
32
245
51
253
52
59
63
73
249
239
62
246
39
49
262
41
24
30
63
28
260
39
228
260
48
184
214
26
54
247
27
65
224
50
53
258
261
54
249
31
255
75
41
209
235
66
74
61
134
240
45
228
75
56
234
259
64
249
70
70
251
41
258
51
52
81
73
205
241
