80
393
129
457
475
129
114
85
131
258
75
325
458
89
129
132
424
431
57
336
66
98
140
141
27
463
394
270
114
315
46
56
129
136
298
101
441
27
245
255
38
66
173
300
399
99
337
338
447
345
131
130
189
306
316
131
157
165
379
130
298
111
313
448
193
183
224
400
131
89
341
344
392
322
357
59
151
455
246
356
188
238
117
259
32
172
61
58
30
63
40
42
42
43
155
61
28
44
62
35
251
67
51
27
259
32
45
199
73
34
242
52
184
246
28
52
28
24
59
40
232
262
63
40
215
263
49
185
261
226
41
211
61
55
62
256
66
53
240
236
65
50
257
46
75
76
82
248
71
251
209
238
28
52
43
42
56
73
261
25
37
392
129
457
475
129
113
85
131
258
75
324
458
89
129
132
424
431
56
336
66
97
140
140
27
462
394
271
114
315
46
55
129
135
297
101
441
27
245
255
38
66
173
300
399
99
336
338
447
345
131
130
189
305
316
130
156
164
379
130
298
110
313
448
193
183
224
400
130
89
341
344
392
322
356
59
151
455
245
356
188
238
116
258
31
172
61
57
29
62
39
42
41
43
155
61
28
44
61
34
250
66
51
27
258
31
45
196
73
34
241
51
184
246
28
52
27
24
58
39
231
262
63
40
214
262
49
184
260
225
41
210
60
54
61
256
66
52
239
235
64
49
256
46
74
75
81
248
70
251
208
238
28
51
42
41
56
73
260
24
36
