98
452
432
434
310
310
338
310
434
437
309
339
434
311
435
310
335
434
434
433
396
427
335
311
307
205
434
166
307
369
431
306
431
122
336
338
478
345
305
484
326
399
427
304
427
327
431
327
326
341
354
476
213
378
326
304
462
304
485
304
204
184
125
325
426
77
406
324
417
226
26
359
426
216
139
360
250
231
72
397
110
47
406
304
54
153
321
453
272
304
150
375
372
356
305
436
178
158
396
180
124
183
54
64
166
75
85
101
85
262
24
24
193
34
151
37
48
73
196
259
205
44
151
190
61
188
136
202
154
166
113
190
193
182
184
156
120
72
171
184
235
256
246
161
141
262
183
141
209
196
152
184
193
244
180
205
61
190
178
191
210
204
204
247
121
148
186
190
119
198
220
136
214
188
170
227
233
174
241
119
202
176
192
178
226
192
263
226
189
168
157
147
110
210
201
112
163
451
432
433
310
310
338
309
434
437
308
339
434
311
434
310
335
434
434
433
395
426
334
311
307
204
434
165
307
369
431
306
431
122
336
337
478
345
304
484
325
399
427
304
427
327
431
327
325
341
354
476
213
378
325
304
461
304
485
304
203
184
124
324
426
76
406
324
416
225
26
359
426
216
138
360
250
231
72
397
110
47
405
304
54
153
321
452
271
304
149
375
372
356
305
435
178
158
396
179
124
182
54
64
165
74
85
101
84
261
24
24
192
34
151
37
48
73
196
259
204
44
150
189
61
187
136
202
153
165
113
189
192
181
184
156
120
72
170
184
234
256
245
161
141
262
182
141
209
196
152
184
192
244
179
205
61
190
178
190
210
203
204
244
120
148
186
190
119
198
220
136
214
188
170
226
233
174
241
118
202
175
192
178
226
192
263
225
189
168
157
147
109
210
201
112
163
