80
452
434
432
310
309
310
437
339
310
434
310
338
332
434
435
335
434
342
433
433
397
425
431
205
124
307
166
367
484
431
394
326
338
305
477
214
431
335
427
418
304
328
136
462
355
475
304
231
304
323
325
178
426
321
216
204
426
160
485
406
178
250
397
325
153
55
158
150
47
304
26
407
325
305
232
188
258
453
436
487
181
183
124
75
85
64
101
262
43
85
31
166
156
37
193
205
48
154
75
61
198
262
154
190
194
133
188
201
72
113
187
175
181
120
186
146
138
144
250
186
256
263
247
180
207
199
244
184
205
146
205
190
204
227
135
178
217
198
58
121
200
170
175
195
179
193
113
189
119
179
119
199
185
110
227
184
234
191
210
31
452
434
431
309
308
309
437
339
309
433
310
337
332
434
435
335
433
342
433
432
397
425
431
204
123
306
166
367
484
430
394
325
337
304
476
214
431
334
426
417
303
328
136
462
354
475
304
231
304
323
325
178
426
320
216
203
426
159
485
405
177
250
396
325
153
55
157
149
47
304
26
407
325
304
231
187
257
453
435
487
180
182
123
75
84
64
101
261
43
85
30
165
155
37
192
205
48
153
75
60
197
262
154
189
193
133
187
201
72
112
186
174
180
120
186
146
138
144
249
186
255
262
246
179
206
198
243
184
204
146
205
189
204
226
135
177
217
198
58
120
200
169
175
195
178
192
112
188
118
179
118
199
185
109
227
184
234
191
210
31
