97
452
432
161
309
425
310
310
310
339
434
310
434
338
332
331
434
434
435
437
434
307
396
433
433
335
205
341
307
306
485
431
369
342
431
326
399
338
305
477
214
432
354
326
426
417
304
304
259
304
205
406
328
485
375
232
426
184
304
216
26
150
120
250
42
378
406
134
331
304
321
397
356
272
178
325
359
341
158
466
161
232
164
194
55
153
254
372
361
44
134
244
487
318
486
212
396
41
180
124
192
85
262
67
54
43
262
85
30
183
166
156
207
24
48
197
101
37
154
196
64
74
196
190
145
136
166
72
154
202
155
113
175
184
181
117
184
146
135
207
186
220
189
259
244
224
205
175
121
263
61
169
184
207
191
190
136
119
188
188
170
122
183
202
215
144
176
227
174
147
263
201
196
197
135
113
184
204
227
182
200
194
178
193
157
186
101
178
238
34
211
49
158
160
175
452
431
160
309
425
310
310
310
338
434
310
434
338
332
331
434
434
435
437
434
307
395
433
433
335
205
340
307
305
485
431
368
341
431
325
399
337
304
477
214
432
353
325
426
417
304
304
258
303
205
406
327
485
375
231
426
183
303
215
25
150
119
249
42
377
406
133
330
304
320
397
355
271
178
324
359
341
158
466
161
232
164
193
54
152
253
371
360
44
133
243
487
317
486
211
396
41
180
124
191
85
261
67
54
43
262
85
30
183
165
155
207
24
48
197
101
37
153
195
64
74
196
190
144
136
166
72
153
202
154
113
174
184
181
116
183
145
135
207
186
219
188
259
244
223
204
175
120
263
60
169
183
207
190
190
136
119
188
187
169
121
183
201
215
144
176
227
174
147
263
201
196
197
134
113
184
203
226
181
200
193
177
192
157
185
101
178
238
34
210
49
157
160
174
