88
370
367
59
370
367
200
175
369
106
288
186
58
429
306
371
283
220
317
287
367
370
368
283
368
152
370
356
314
283
167
213
60
257
282
250
337
407
395
346
321
327
285
165
253
414
190
286
478
454
284
75
263
190
175
284
274
325
200
232
45
212
297
77
385
452
480
385
339
356
157
173
287
260
133
292
335
200
286
487
296
103
285
259
138
210
164
371
186
46
141
111
26
123
47
186
65
118
35
117
121
101
125
96
128
199
82
176
198
36
257
47
225
115
75
57
56
146
53
118
101
33
106
191
84
46
142
55
126
86
71
141
131
56
128
187
116
88
95
118
190
45
200
84
208
56
121
199
39
47
194
90
77
193
106
96
233
100
48
129
234
173
172
206
127
211
261
206
122
179
222
43
114
197
82
106
68
369
366
58
369
366
199
174
369
105
288
186
57
428
306
370
283
219
316
286
366
369
367
282
367
151
370
355
313
282
166
212
59
256
281
250
336
406
394
345
321
326
284
164
253
414
190
286
477
453
283
74
262
189
175
283
273
324
200
231
44
211
297
76
384
451
479
384
338
355
156
172
286
259
132
292
335
199
285
486
296
102
284
258
137
209
163
370
185
45
141
111
25
122
47
185
64
118
35
117
121
100
125
95
128
199
81
175
200
36
257
46
224
114
75
57
55
146
53
117
100
33
106
191
83
45
141
54
125
85
71
141
131
56
128
186
116
87
94
118
189
45
200
83
207
55
121
199
38
47
193
89
76
192
106
95
233
100
48
129
234
172
172
205
127
211
261
206
122
178
222
42
113
197
81
106
67
