84
393
129
129
475
85
114
131
75
325
458
129
258
129
132
89
424
431
97
66
57
336
394
70
140
27
99
463
55
33
141
114
129
315
298
136
46
441
101
129
339
443
67
245
173
66
255
300
337
38
46
131
130
345
379
130
401
448
165
130
195
157
111
306
130
298
316
224
131
183
193
89
341
188
256
394
93
344
151
246
357
59
455
356
384
238
117
172
32
58
61
30
40
42
42
136
63
160
61
43
28
44
67
251
62
35
45
52
51
259
253
32
52
245
27
73
184
34
28
246
242
28
52
199
185
248
62
59
63
262
40
40
49
232
221
41
211
226
240
226
248
46
53
256
65
66
50
55
236
65
62
82
71
76
75
251
209
37
51
34
241
238
56
258
43
42
73
25
31
393
129
129
475
85
114
130
75
325
458
129
258
128
131
89
424
431
96
66
57
336
393
70
139
27
99
463
55
33
141
113
129
315
297
135
46
441
101
129
338
443
67
245
173
66
255
299
336
37
46
131
129
345
378
129
401
448
165
130
195
156
111
305
129
297
316
224
131
183
193
88
341
188
256
394
93
344
150
245
357
59
454
356
384
237
116
172
32
57
61
30
40
42
42
136
62
160
61
43
27
43
66
251
62
34
44
51
51
258
252
31
51
244
27
72
184
33
27
246
241
28
52
198
184
245
61
58
62
261
39
39
49
232
221
41
211
225
239
226
247
45
53
256
65
66
50
55
236
65
61
81
71
75
74
250
208
37
51
34
240
237
56
257
42
41
73
25
31
