97
452
432
434
310
310
338
310
434
437
309
339
434
311
435
310
335
434
332
434
433
396
307
427
205
434
166
335
307
369
431
306
338
431
122
478
345
484
305
326
399
427
304
327
427
431
327
326
341
354
476
304
213
126
378
304
462
485
304
204
259
325
184
434
324
417
406
226
359
26
216
426
139
250
79
360
397
231
73
47
406
304
304
153
453
321
110
54
178
160
375
372
356
305
91
150
118
158
180
124
183
54
64
166
75
85
101
85
262
24
24
193
43
151
37
207
48
73
196
151
259
190
61
187
196
136
202
154
166
182
113
190
184
156
72
120
171
184
235
256
161
246
141
262
183
141
209
196
205
152
210
184
244
180
61
190
178
224
195
191
208
148
186
121
190
198
119
136
220
214
170
249
188
174
227
233
119
202
176
226
178
192
226
241
192
201
198
168
157
147
110
197
189
180
112
451
431
433
310
310
338
310
434
437
309
339
434
311
434
310
335
434
331
434
433
396
307
427
204
434
165
334
306
368
431
306
337
431
121
478
344
484
304
326
399
426
303
327
426
431
327
325
341
353
475
304
213
126
377
303
461
485
304
203
259
324
183
433
324
416
406
225
358
25
216
425
138
250
79
359
396
230
73
46
406
304
304
153
452
321
109
53
177
159
375
371
356
305
90
149
117
158
179
124
182
54
64
165
75
84
101
84
261
24
24
192
43
151
37
206
48
73
196
151
258
189
61
186
196
135
201
154
166
182
113
190
183
156
71
120
170
184
235
256
160
246
141
261
183
141
208
195
205
152
209
184
243
179
61
190
178
224
195
190
207
148
186
121
189
197
118
136
219
214
170
248
187
174
227
233
119
202
176
225
177
191
225
240
191
201
198
168
156
147
109
196
188
179
112
