80
370
367
58
367
106
288
359
369
186
174
366
306
58
367
317
199
152
314
250
371
429
367
283
282
60
367
213
407
370
337
257
395
285
283
220
346
295
167
414
255
284
75
165
478
327
284
326
175
297
335
45
454
282
274
232
190
200
386
285
369
263
480
173
260
77
257
157
286
214
285
384
487
103
104
452
371
181
200
135
210
46
141
111
120
118
35
59
65
117
186
130
125
121
257
84
47
115
56
191
96
101
200
47
106
101
168
118
46
75
86
33
142
71
149
199
56
216
53
56
131
95
118
141
116
86
84
57
200
194
127
39
88
120
208
199
129
121
76
225
246
190
106
129
173
90
50
48
261
43
215
96
206
179
73
193
106
44
211
171
197
369
366
57
366
105
287
358
368
185
173
365
306
57
366
316
198
151
313
249
370
428
367
282
281
59
366
212
406
369
336
256
394
284
282
219
345
294
166
413
255
283
74
164
477
326
283
325
174
296
334
44
453
281
273
232
189
199
385
284
368
262
479
172
259
76
256
156
285
213
284
383
486
102
103
451
370
180
199
134
209
46
140
111
120
117
35
58
65
116
185
129
124
120
257
83
47
115
56
190
95
101
188
46
106
101
168
117
45
75
86
32
142
71
149
198
55
215
53
56
131
94
118
141
116
85
84
56
200
193
127
38
88
119
208
198
128
120
76
224
245
189
105
129
172
90
49
48
261
43
215
95
206
179
73
193
106
43
210
171
196
