46
66
103
74
470
194
80
73
88
423
288
317
86
40
306
286
76
74
379
238
61
417
314
191
181
99
98
204
98
478
121
376
434
269
311
165
436
98
171
428
54
324
93
76
194
291
377
26
28
37
28
48
112
133
37
29
41
30
100
236
238
25
27
123
235
246
47
51
170
212
48
260
185
45
206
237
27
214
50
252
41
51
25
227
36
259
241
263
24
263
38
51
203
61
102
69
465
187
79
72
82
417
283
311
83
35
302
282
70
73
375
234
56
413
311
187
174
98
96
198
96
473
116
373
431
264
306
159
428
96
165
425
50
322
87
73
188
286
374
29
34
39
31
50
114
136
40
31
43
32
106
238
240
28
29
125
235
251
50
53
172
215
51
259
184
48
206
242
30
216
53
252
44
54
28
233
38
259
241
262
27
262
41
53
203
