88
218
446
401
451
445
266
217
203
403
401
447
213
221
415
70
42
290
60
205
451
67
64
39
349
341
223
263
73
430
97
85
259
85
378
77
98
314
235
410
475
222
405
203
141
486
330
224
240
36
84
243
313
264
66
289
329
444
223
364
400
221
184
56
477
351
82
391
203
259
210
402
366
221
264
464
300
475
201
377
392
446
77
294
368
138
57
88
277
158
72
72
60
87
76
229
59
82
41
99
26
76
42
102
109
31
104
76
109
79
64
93
107
26
58
66
91
34
106
55
91
91
82
69
91
39
96
24
97
98
98
25
70
73
33
124
82
81
40
33
24
106
119
97
46
236
34
97
31
48
37
115
86
97
104
79
48
37
91
62
24
86
48
58
29
74
102
72
101
251
80
87
111
82
87
25
78
217
446
401
451
445
265
217
203
403
401
447
213
220
415
69
42
290
60
204
451
67
64
39
349
341
223
263
72
430
96
85
258
84
378
77
97
314
234
410
475
221
405
203
140
486
330
223
239
36
84
243
313
263
65
289
329
444
223
364
400
221
184
56
477
351
81
391
203
259
209
402
366
220
264
464
300
475
200
377
392
446
77
294
368
137
57
88
276
158
72
72
60
87
76
228
59
82
41
99
26
75
42
102
109
31
104
75
109
79
64
93
107
26
58
65
91
34
105
55
90
91
82
69
91
39
96
24
97
97
98
25
69
73
33
124
81
81
40
33
24
106
118
97
46
236
34
97
31
48
37
115
86
97
104
79
48
37
90
62
24
85
48
58
29
74
101
72
101
250
80
87
111
82
87
25
78
