86
129
476
86
258
129
129
114
325
132
341
129
132
425
454
76
129
89
132
245
27
394
337
56
34
114
70
48
432
319
463
59
136
101
66
299
97
174
130
97
256
441
306
37
299
41
130
46
104
46
399
196
93
394
111
131
66
164
443
337
193
317
487
412
476
465
90
86
136
298
66
78
344
487
188
338
94
420
157
132
456
357
32
142
385
356
151
117
34
55
63
151
130
60
42
28
206
172
61
28
43
41
161
41
42
59
260
42
35
59
245
70
52
239
44
32
33
45
246
52
62
40
253
63
184
64
41
28
55
235
29
263
196
251
74
221
215
65
76
53
50
256
262
54
41
50
75
62
70
34
24
44
263
66
81
65
249
25
238
53
37
181
241
63
68
71
74
37
49
29
32
25
57
128
475
86
257
129
128
113
324
132
340
129
131
425
453
76
128
89
131
244
26
394
336
56
34
114
69
48
431
318
462
59
135
100
65
298
96
174
130
97
255
440
305
37
298
40
129
46
104
46
399
195
93
394
111
131
65
164
442
336
193
316
486
411
476
465
89
86
136
297
65
77
344
486
187
338
94
420
157
131
456
357
31
142
385
356
150
116
34
55
63
150
129
59
41
28
202
171
61
27
42
41
161
41
41
58
260
42
35
59
244
70
52
238
44
32
33
44
246
52
62
40
253
62
183
64
40
27
55
235
28
262
195
250
74
220
212
64
76
53
49
256
261
54
40
50
74
62
70
34
24
43
262
66
80
64
249
25
237
52
37
178
241
62
68
70
73
37
49
29
31
24
57
