87
129
129
129
454
109
86
476
425
258
129
129
132
325
71
85
132
48
34
56
394
132
27
245
337
58
294
70
136
478
319
306
97
66
37
465
256
130
97
431
101
130
42
66
46
105
174
441
67
312
196
131
338
131
130
142
164
394
136
48
412
443
186
93
111
487
317
276
465
296
78
157
300
304
33
188
357
319
487
131
86
115
244
314
235
393
356
407
118
151
130
42
61
55
33
28
63
172
161
61
42
41
41
28
239
245
59
42
43
260
59
35
44
38
52
246
249
32
55
64
62
235
32
41
184
256
44
51
205
263
262
251
74
63
28
251
263
65
256
49
232
194
28
54
53
81
224
34
41
69
76
50
70
62
261
44
28
25
68
68
43
52
37
37
52
53
71
66
71
42
42
260
65
26
45
129
128
129
453
109
86
475
424
257
129
128
132
324
71
85
131
47
33
56
393
132
26
244
336
58
294
69
135
458
318
306
96
66
36
464
256
129
96
431
100
129
41
66
45
104
174
440
67
311
196
130
337
130
129
141
164
393
136
48
412
442
186
92
111
486
316
275
464
296
78
156
299
304
32
188
356
319
486
130
86
115
243
314
234
393
355
407
118
147
130
42
61
55
32
28
63
171
161
60
42
41
41
27
239
245
59
42
43
259
58
34
44
38
52
245
261
32
54
63
62
235
32
40
184
255
44
50
204
262
261
250
73
63
27
251
262
64
255
48
231
193
28
54
52
80
224
34
40
69
76
49
70
62
260
44
27
24
67
67
43
51
37
36
51
52
70
66
71
41
42
259
65
25
44
