77
129
393
476
86
258
114
129
325
132
132
425
454
76
89
132
245
27
394
337
34
114
70
459
432
319
463
59
101
66
130
299
137
174
97
256
441
37
306
130
299
339
41
46
104
196
93
131
130
66
394
111
164
131
443
337
90
193
317
412
476
465
27
86
298
136
78
32
188
444
420
157
456
132
357
142
478
385
117
238
34
55
63
60
130
42
28
61
28
43
41
41
42
59
260
42
35
245
70
52
261
44
32
33
45
52
62
184
40
246
63
64
41
28
235
55
196
29
185
263
221
74
65
76
236
226
262
53
50
54
262
41
50
262
75
62
34
24
44
24
66
65
81
25
49
37
263
63
68
73
71
37
29
251
32
129
392
475
85
258
113
129
325
131
132
424
454
76
89
131
245
27
393
337
33
113
70
459
432
318
463
59
101
66
127
299
137
173
96
256
441
36
306
131
299
338
41
45
104
196
92
131
130
65
393
111
163
130
443
337
90
193
317
412
476
464
27
85
298
135
78
32
188
444
420
156
456
132
356
141
478
384
116
238
34
54
63
60
129
41
27
60
28
42
41
41
42
59
259
41
34
245
70
52
261
43
32
33
45
52
61
177
39
246
63
63
41
28
234
54
207
28
185
262
220
73
65
75
236
226
262
52
50
54
262
41
49
262
74
62
34
24
44
24
66
64
81
24
49
36
262
63
67
73
71
36
28
250
32
