84
393
129
476
86
258
129
114
325
132
129
425
132
454
76
89
132
394
337
56
27
245
70
34
459
48
432
463
59
317
101
66
136
299
97
441
256
174
380
339
114
66
306
398
299
40
41
403
104
131
394
93
46
196
393
164
443
192
50
487
337
111
412
476
341
317
466
86
66
298
407
246
478
78
157
136
487
188
444
420
455
357
132
142
385
238
118
34
55
63
151
61
42
28
140
28
61
43
41
41
42
42
35
59
260
59
52
245
261
239
44
33
45
32
52
62
246
40
64
28
41
63
242
185
71
262
55
228
29
229
263
247
74
256
53
76
250
65
261
54
41
75
224
70
50
50
34
24
209
62
44
66
251
65
258
261
252
25
68
81
53
37
263
63
73
37
71
29
32
393
128
476
86
257
128
114
325
132
128
425
131
453
76
89
131
394
336
56
27
245
70
34
459
48
431
463
59
316
101
66
136
298
97
440
255
173
379
338
114
65
305
397
298
40
41
403
104
131
393
93
46
196
392
164
442
192
50
486
337
111
411
476
340
317
465
86
65
297
407
245
478
77
157
135
486
187
443
419
454
357
132
142
385
238
117
34
55
63
154
61
41
28
143
27
61
42
41
41
41
42
35
59
259
59
52
244
260
238
44
33
44
32
52
61
246
40
64
28
40
62
241
184
71
261
55
227
28
228
262
247
74
256
53
76
249
64
260
54
41
74
223
70
50
50
34
24
208
62
44
66
251
65
258
260
252
25
68
81
52
37
262
62
72
37
71
29
31
