89
446
451
207
266
401
404
445
451
221
293
216
415
401
64
212
216
70
67
447
34
205
222
60
36
39
73
486
263
350
219
84
141
235
98
478
313
259
430
97
406
341
85
406
222
240
77
378
48
314
84
223
475
444
243
66
158
364
220
223
210
222
351
329
259
331
217
203
396
264
83
393
200
286
367
138
57
193
202
292
403
377
390
447
264
205
181
464
365
233
72
60
56
76
72
82
87
107
76
29
191
42
41
64
26
159
102
79
97
104
76
58
104
81
93
91
73
66
107
109
55
70
96
91
86
42
91
34
106
28
26
91
98
98
82
69
82
107
24
40
125
98
236
33
119
91
97
46
34
91
86
97
46
37
32
263
46
30
106
101
101
102
94
24
82
87
52
25
39
62
72
80
263
48
112
34
58
108
39
446
451
206
266
401
404
444
450
221
293
216
414
400
64
212
215
69
67
447
34
205
222
60
36
39
73
486
263
350
218
84
141
234
98
477
313
259
430
97
405
340
85
406
222
239
76
377
48
314
84
222
474
444
243
65
158
363
220
223
210
222
351
329
259
331
217
202
395
263
83
393
199
285
366
138
56
192
202
291
402
377
390
447
264
204
181
464
364
233
72
60
55
76
72
81
86
106
75
29
187
41
41
64
26
159
102
78
96
104
76
57
103
81
93
90
73
66
106
108
55
70
96
90
86
41
91
34
105
28
26
90
97
97
81
69
82
106
24
40
124
98
235
33
119
91
97
45
34
91
85
96
45
37
31
262
45
29
105
100
100
101
93
24
82
87
51
25
39
61
71
79
262
48
111
34
58
107
39
