80
370
58
370
367
268
107
257
176
200
370
412
289
59
480
186
337
368
371
347
323
154
434
357
168
185
370
213
369
76
367
295
134
257
395
338
190
138
61
283
455
284
313
406
47
373
29
284
175
285
274
286
287
163
478
285
387
387
257
158
237
174
454
193
213
242
356
241
105
430
229
283
470
284
452
173
430
187
313
278
380
46
111
27
129
182
117
186
184
44
65
54
38
121
108
115
86
119
94
56
55
109
98
57
53
47
75
121
257
118
152
178
172
34
142
254
126
114
101
48
94
106
57
44
39
106
53
117
198
85
206
199
231
141
118
95
97
76
50
49
226
127
75
199
47
175
98
47
73
83
197
129
253
64
193
148
47
68
225
179
30
369
57
369
366
267
106
256
175
199
369
411
288
58
479
185
336
367
370
346
322
153
434
356
167
184
369
212
368
76
366
294
133
256
394
338
189
137
60
282
454
283
312
406
46
372
28
283
174
284
273
285
286
162
477
284
386
386
256
157
236
173
453
192
212
241
355
240
105
430
229
282
470
283
451
172
429
186
312
277
380
46
110
27
128
181
116
185
183
43
65
53
37
120
107
114
86
118
93
55
54
109
97
56
53
46
74
120
257
117
152
175
172
34
142
253
126
114
101
47
93
105
56
44
39
106
53
117
198
84
205
198
231
140
117
95
97
75
49
49
225
126
75
199
47
174
97
47
73
82
196
129
253
64
192
147
46
68
222
178
30
