79
452
434
432
309
310
310
437
339
434
310
338
434
435
335
433
397
425
205
431
124
307
367
160
484
338
431
335
477
305
214
431
341
418
140
304
328
355
304
475
231
462
304
325
136
378
426
304
184
321
259
216
375
204
126
485
426
406
250
325
55
150
304
178
158
47
26
356
303
361
232
325
305
113
304
157
453
258
487
436
181
183
124
85
75
64
101
262
85
27
166
24
193
205
75
196
262
190
157
194
133
201
189
72
181
113
193
186
120
146
138
144
186
218
256
263
207
244
199
184
180
205
205
247
183
204
190
191
227
224
135
168
178
205
58
217
121
170
195
193
188
217
201
113
119
119
148
180
190
227
185
110
208
229
199
191
234
31
210
451
433
431
308
310
309
437
338
434
310
337
434
434
334
433
396
424
204
430
123
307
366
160
484
338
430
335
476
305
214
431
341
418
140
304
327
354
303
475
231
461
303
325
135
377
425
303
184
320
259
216
375
203
125
484
426
405
250
325
54
149
304
177
158
47
26
355
302
361
232
325
305
112
304
156
452
258
486
435
180
182
123
84
75
64
100
262
84
26
166
24
193
205
74
196
261
189
156
193
133
201
188
72
180
112
192
186
119
145
138
144
185
217
256
263
207
244
198
184
179
204
204
246
183
203
190
190
227
224
135
167
177
205
58
216
121
170
194
192
188
216
200
113
119
118
147
180
190
226
184
109
208
229
199
191
233
30
210
