97
452
432
434
310
338
310
310
434
437
309
339
434
311
435
310
332
331
434
434
433
396
427
434
205
166
335
307
368
431
306
431
338
122
341
478
342
484
326
305
399
427
304
431
427
326
327
354
304
304
476
214
378
204
462
304
259
426
485
184
325
417
406
232
26
331
160
216
140
178
250
427
361
126
91
397
231
304
150
54
304
321
47
406
272
453
436
305
372
371
250
158
396
153
212
253
113
348
180
124
183
54
166
64
75
85
101
85
262
24
24
193
43
156
207
37
48
73
196
259
61
190
187
196
136
202
154
166
113
182
190
142
184
156
72
171
120
184
235
256
141
246
181
262
209
205
244
196
146
183
178
180
190
224
204
61
191
195
186
121
184
119
144
198
136
213
201
170
223
188
207
197
174
227
223
188
192
176
226
119
202
263
192
210
110
157
171
132
112
163
178
158
190
207
169
451
431
434
310
337
310
310
434
437
309
338
434
311
434
310
332
331
434
434
433
396
427
434
204
166
335
307
367
430
305
431
337
122
341
477
341
484
325
304
398
427
303
430
427
326
327
353
303
303
475
213
378
203
461
303
259
426
485
184
325
417
406
231
26
331
159
215
140
178
249
427
361
126
91
397
230
303
150
53
304
321
47
406
272
452
435
305
371
371
249
158
396
152
211
253
113
347
179
123
182
54
166
64
75
85
101
84
261
24
24
193
43
156
206
37
48
73
195
258
61
190
186
196
136
201
153
166
113
182
190
142
183
155
72
170
120
184
235
255
140
245
181
261
208
204
243
195
146
183
178
180
189
224
204
61
191
195
186
121
184
119
144
198
135
212
201
170
223
188
206
196
174
227
223
187
192
175
225
119
202
262
192
210
109
156
171
132
112
163
177
158
190
207
169
