88
452
432
310
434
310
310
339
434
311
338
310
434
335
161
435
437
434
335
425
396
434
307
434
369
336
307
307
478
431
338
431
485
326
397
306
305
427
326
341
427
432
327
304
354
304
304
462
417
345
326
259
304
485
304
426
204
328
213
216
324
184
476
121
406
26
360
226
325
361
378
250
47
426
406
321
135
158
304
375
348
54
172
153
436
452
253
250
372
180
124
54
183
34
67
262
85
24
166
78
34
151
191
194
101
48
205
262
196
70
148
58
202
193
136
160
184
154
182
113
72
171
181
88
117
232
183
141
246
135
161
259
207
244
172
180
190
156
193
224
205
61
190
204
178
263
152
136
148
190
199
188
121
119
188
190
204
147
184
170
119
220
202
227
259
112
220
169
166
192
199
178
208
190
190
132
157
451
431
310
434
309
310
338
434
311
338
310
434
335
161
435
436
434
335
425
396
434
307
434
369
336
307
307
477
431
338
430
484
325
397
306
304
426
325
340
426
432
327
304
353
304
304
461
416
344
326
259
304
485
303
426
203
327
213
215
323
184
475
121
405
25
360
225
324
361
377
249
46
425
406
321
150
158
304
375
348
54
172
153
435
451
253
250
372
180
123
53
182
33
67
262
84
24
166
77
33
150
191
194
101
47
205
262
196
69
147
57
201
193
135
159
183
153
181
113
72
170
181
87
117
231
182
141
245
135
160
258
207
243
171
179
190
156
193
223
205
61
189
204
178
262
152
135
147
189
198
187
121
118
188
189
204
146
183
169
119
219
202
227
259
111
219
168
166
191
199
177
208
189
189
131
157
