85
452
432
161
310
338
434
310
434
339
310
434
335
435
335
437
434
396
434
425
307
434
369
205
307
336
431
478
338
431
485
397
306
326
305
427
326
341
432
327
124
304
462
304
304
417
150
345
326
304
328
485
54
205
304
426
476
184
213
216
324
325
406
26
378
427
361
139
361
226
250
47
232
406
178
375
158
348
272
253
250
452
164
244
487
397
180
124
192
54
166
183
67
85
262
78
34
151
193
205
101
48
196
70
262
148
58
202
190
136
193
154
184
182
113
72
181
88
171
117
246
181
141
135
161
191
259
180
244
172
190
188
156
193
205
263
61
192
175
190
204
199
191
152
136
148
204
121
119
184
223
188
214
147
190
170
119
227
202
201
169
112
166
263
190
132
190
182
238
34
171
451
431
161
310
338
434
310
434
338
310
434
335
434
335
436
434
395
434
425
307
434
368
204
307
336
431
477
337
430
484
397
306
326
304
427
326
341
432
327
124
303
462
303
303
416
150
344
325
303
328
485
54
204
304
425
476
184
212
215
323
324
405
25
378
426
361
138
360
226
249
46
231
405
178
374
158
347
272
252
250
452
163
244
487
397
179
123
191
53
165
183
67
84
262
77
33
150
192
204
101
47
195
69
261
147
57
201
189
135
193
153
184
182
113
72
181
87
170
117
246
180
141
135
160
193
258
180
243
171
190
187
155
192
205
262
61
192
175
189
203
199
191
151
136
147
204
121
118
183
223
188
211
147
190
170
119
226
202
201
168
111
165
262
189
131
189
182
238
33
171
