98
401
451
216
446
445
403
203
415
216
266
216
293
451
221
42
216
216
213
69
64
216
401
447
263
97
349
223
67
410
204
313
85
37
141
84
219
430
73
98
234
36
240
405
378
59
77
85
258
203
341
224
486
475
313
221
264
222
364
399
329
216
223
478
329
221
206
66
243
293
158
82
210
391
476
184
293
351
403
201
56
365
217
258
264
277
464
392
443
193
418
57
377
203
390
138
233
135
382
72
60
160
72
87
82
59
42
178
76
205
28
107
76
109
191
226
26
103
64
215
41
97
66
109
107
58
79
24
76
39
55
85
70
40
109
34
91
91
96
97
82
101
82
104
69
91
91
25
26
124
73
98
24
48
106
98
97
31
33
238
34
86
46
86
112
119
33
38
91
104
91
80
73
37
90
97
62
101
115
24
256
37
48
79
60
101
233
52
77
87
72
48
90
82
39
101
105
401
451
216
446
445
403
202
414
216
266
216
293
450
221
42
216
216
213
69
63
216
401
447
263
96
348
222
66
410
204
313
84
36
140
83
219
430
72
97
234
35
239
405
377
59
76
84
257
202
340
224
485
474
312
220
263
222
363
399
328
215
223
477
329
221
206
66
243
293
157
82
210
391
476
184
293
350
403
200
56
364
216
258
263
277
464
392
443
193
417
57
377
202
389
137
233
134
381
71
60
160
71
86
82
58
41
178
76
205
28
106
75
108
191
225
26
103
64
215
41
97
65
109
106
58
79
24
75
39
55
85
70
40
109
33
90
90
95
97
81
101
81
104
69
90
90
25
25
123
73
98
24
47
106
98
97
31
32
237
34
86
46
85
112
119
32
37
90
104
91
80
73
37
90
97
61
101
115
24
255
37
47
79
60
101
233
51
77
87
71
48
90
82
38
100
104
