41
377
378
332
462
113
283
196
153
175
154
200
389
380
410
409
345
95
153
71
212
327
484
444
331
387
398
227
444
64
203
43
447
299
383
311
187
458
433
214
259
393
29
46
34
33
245
66
27
37
65
84
37
66
221
36
60
36
262
25
43
43
44
47
253
262
28
43
51
230
263
71
263
263
37
259
36
243
47
57
56
81
251
364
366
321
450
101
271
184
141
163
142
188
377
368
398
397
333
83
140
59
199
315
473
435
319
375
386
215
433
51
194
31
435
287
371
299
179
445
421
202
247
382
28
45
31
30
247
65
26
34
64
83
36
65
226
33
59
35
262
27
33
42
43
47
261
261
27
42
50
229
262
73
262
262
36
258
35
243
44
56
55
80
253
