71
452
432
340
161
309
434
310
310
310
310
310
434
435
335
434
437
434
433
433
433
307
427
485
205
431
431
478
345
432
305
304
304
341
431
213
463
476
205
485
406
178
324
232
250
216
134
26
120
272
356
304
55
232
150
161
47
158
193
453
253
164
44
153
42
188
134
485
358
178
261
436
180
123
262
192
85
183
54
75
64
43
30
85
193
151
24
101
43
64
75
54
151
259
72
190
113
154
184
156
133
123
113
244
140
144
152
181
196
175
58
121
190
148
184
170
137
215
119
188
263
147
220
194
227
188
203
119
113
200
190
193
182
101
178
176
187
178
46
209
200
209
210
452
431
339
161
308
433
310
309
310
310
310
433
434
334
434
437
434
433
433
433
306
427
485
204
430
430
477
344
431
304
303
304
340
430
213
463
475
204
485
405
178
323
232
249
216
134
25
120
271
356
304
54
232
150
160
47
158
192
453
252
163
44
153
41
187
134
485
357
178
261
436
179
122
261
192
85
182
54
75
64
43
30
85
193
151
24
101
43
64
75
54
151
259
72
190
112
153
184
155
132
123
112
243
140
143
152
180
196
175
58
121
190
147
184
169
136
215
118
188
262
147
216
193
227
188
202
119
113
200
189
192
182
100
178
176
186
178
46
211
199
208
210
