88
446
451
216
207
401
266
216
404
451
445
221
293
415
216
401
64
212
70
67
447
42
205
222
60
36
350
73
235
97
486
263
39
219
84
141
98
313
478
430
341
259
406
85
216
406
222
240
378
77
84
475
444
223
243
66
158
364
220
223
351
210
201
329
222
259
331
203
396
83
264
393
286
138
193
205
403
57
202
292
377
56
264
181
464
233
390
365
446
72
60
159
56
72
76
191
82
107
87
76
29
42
179
41
64
26
102
79
97
109
76
58
104
81
107
91
96
106
73
66
94
109
55
70
91
42
86
34
26
91
28
91
236
98
98
82
82
69
40
98
236
125
33
119
91
97
46
34
97
91
102
46
86
37
32
46
30
104
106
101
94
82
52
112
62
87
25
39
72
115
48
34
58
39
80
108
248
446
451
216
207
400
265
216
404
451
445
221
293
415
215
401
63
212
69
66
447
42
205
222
60
35
350
73
235
97
486
262
38
219
83
141
98
312
478
430
341
258
406
84
216
406
222
240
377
76
83
475
444
222
243
66
158
364
220
223
351
209
201
329
221
259
331
203
395
83
263
393
286
138
192
205
402
56
202
292
376
56
263
180
463
233
389
364
446
71
59
158
55
72
76
190
81
107
87
76
29
41
178
40
63
25
101
79
96
109
75
57
104
81
106
91
96
106
73
65
94
109
54
69
90
42
85
34
26
90
27
91
236
97
97
82
82
69
39
97
235
125
33
119
90
97
45
33
97
90
101
46
85
36
31
45
30
104
106
100
94
82
51
111
61
87
24
39
71
115
47
33
57
39
80
108
247
