88
452
432
161
310
434
310
310
339
434
311
338
310
434
335
435
437
434
335
425
396
434
434
307
369
205
307
336
307
478
431
338
431
485
326
397
306
305
427
326
341
427
432
327
354
304
304
304
462
417
345
326
304
150
485
304
426
328
210
216
178
272
324
476
26
406
360
325
121
361
378
250
47
426
406
321
161
158
153
134
375
348
54
164
436
452
250
372
134
180
124
192
54
183
34
67
262
85
24
166
78
34
151
194
101
48
205
262
196
70
58
148
202
187
160
193
136
184
154
182
113
72
171
181
88
117
232
183
141
246
135
161
207
259
244
172
180
190
156
193
205
189
61
190
204
263
149
136
200
262
148
199
119
121
188
204
188
147
184
170
119
220
202
227
204
112
178
215
169
166
192
182
208
190
132
157
178
451
431
160
310
434
309
310
338
434
311
338
310
434
335
435
436
434
335
425
395
434
434
307
368
205
307
336
307
478
431
338
430
484
325
396
306
304
426
325
341
427
432
327
353
303
303
304
462
417
345
326
304
149
485
304
425
327
209
215
177
271
323
475
25
405
359
324
121
360
377
250
46
425
406
320
160
158
152
134
374
348
54
163
435
451
250
371
134
180
124
191
53
182
33
67
261
84
24
166
77
33
150
194
101
47
204
262
196
69
57
147
201
189
159
192
135
184
154
182
113
72
170
180
87
117
231
183
141
246
135
160
206
259
241
171
179
189
156
192
205
188
61
189
203
262
149
136
199
261
147
198
118
121
187
203
187
147
183
172
119
219
201
227
204
111
178
214
168
166
191
181
208
189
131
157
178
