70
452
432
310
434
310
310
161
434
311
310
434
335
339
435
437
434
425
396
434
369
434
205
335
478
431
431
485
306
399
305
260
427
341
427
432
462
417
345
356
205
213
485
426
216
150
324
476
26
184
406
122
378
361
178
397
245
426
46
134
250
161
158
406
375
164
54
436
452
153
250
180
124
54
183
34
67
192
85
24
78
34
151
262
194
101
48
262
196
70
202
58
190
196
184
154
113
72
88
184
117
209
232
141
246
135
180
190
156
205
175
152
61
204
136
189
148
199
119
191
121
188
184
147
201
174
238
220
119
215
170
204
112
202
169
182
192
208
190
178
132
451
431
310
434
309
310
161
434
311
310
434
335
338
435
436
434
425
396
434
369
434
205
336
478
431
430
484
306
399
304
260
426
341
426
432
462
417
345
355
204
213
485
426
216
150
323
476
25
183
405
121
377
360
177
397
245
425
46
134
250
161
158
406
375
164
53
435
451
153
249
180
124
53
182
33
67
191
84
24
77
33
150
261
194
101
47
262
195
69
202
57
190
184
184
154
113
72
87
184
117
208
231
140
245
135
180
190
155
205
175
152
61
204
136
189
148
199
118
190
121
188
184
146
200
174
238
219
118
214
172
203
111
201
168
181
191
208
189
178
131
