97
393
129
476
109
129
71
129
132
132
258
86
424
130
454
326
129
85
394
62
337
459
140
34
55
245
27
300
99
130
105
401
316
46
463
255
432
72
398
305
130
135
174
40
394
41
130
101
441
50
339
345
97
306
337
60
142
131
193
443
115
196
130
69
94
412
393
276
300
321
136
74
157
72
487
359
407
379
164
465
86
313
316
356
341
189
115
444
455
132
340
93
385
132
478
487
404
486
238
118
33
61
157
44
136
28
61
63
55
28
175
42
40
147
40
42
64
35
261
51
245
49
59
260
40
256
187
73
248
31
248
32
41
44
55
227
24
205
248
63
229
53
263
48
51
28
224
185
226
63
55
50
263
29
236
75
41
47
65
259
253
244
34
261
261
68
53
82
31
66
65
70
43
258
241
54
44
66
252
63
26
209
37
71
263
73
38
197
76
29
71
254
58
47
26
393
129
476
109
128
71
129
132
132
258
86
424
130
454
326
128
85
394
62
337
459
140
33
55
245
26
300
99
130
105
401
315
46
463
255
432
72
398
304
130
135
174
39
394
41
130
101
441
50
339
345
97
306
337
59
142
131
193
443
115
196
130
69
94
412
392
275
300
321
136
74
157
72
487
359
407
378
164
465
86
313
316
356
341
189
115
444
455
132
340
93
385
132
477
486
404
485
238
118
32
61
156
44
136
28
61
63
55
28
175
42
40
146
40
42
64
35
260
51
245
49
59
260
40
256
187
73
248
31
248
32
41
44
55
226
24
204
248
63
229
53
262
48
51
28
224
185
226
63
55
50
262
29
236
75
41
47
65
259
253
244
34
261
260
68
53
82
31
66
65
70
43
257
240
54
44
66
251
63
26
209
37
71
262
73
38
197
76
29
71
253
57
47
25
