89
452
432
434
338
310
310
434
310
311
335
310
339
331
437
427
434
434
435
396
433
307
369
335
166
431
306
478
205
307
431
327
485
305
338
326
432
399
345
341
427
214
305
178
327
303
124
431
326
417
426
354
259
204
359
304
378
476
304
485
216
138
226
406
120
462
324
26
325
250
375
156
397
42
406
53
372
158
136
231
113
91
361
361
42
212
254
436
188
178
180
123
183
166
67
54
85
81
24
151
43
262
207
101
259
48
37
194
196
67
148
202
196
187
154
160
184
190
136
113
162
72
117
181
175
133
184
156
141
246
146
171
190
262
244
194
144
186
186
204
209
224
178
198
259
184
199
190
60
136
214
187
121
181
184
148
119
196
170
168
181
174
122
202
189
157
113
247
227
232
197
147
188
176
158
193
210
187
200
452
431
434
338
310
310
434
310
311
334
310
339
331
437
426
434
434
435
395
433
307
368
335
166
430
306
477
204
307
431
326
485
305
338
325
431
398
344
340
426
214
304
177
326
303
124
430
325
417
426
354
258
204
358
304
377
475
304
485
216
135
225
405
119
461
324
26
324
250
375
156
396
41
406
52
372
157
136
231
112
90
360
361
41
212
254
436
188
177
179
122
183
166
67
54
85
81
24
150
43
261
207
101
259
48
37
193
196
67
147
202
196
187
154
159
184
190
136
113
162
72
117
181
175
132
183
156
140
246
145
170
190
261
243
194
143
185
185
203
208
224
178
197
259
184
198
190
60
135
211
186
121
181
183
148
119
196
169
168
180
173
122
201
188
157
113
247
226
234
197
147
188
176
157
192
210
186
199
