88
432
427
161
309
310
310
310
310
331
310
339
434
335
338
434
437
434
433
433
433
307
335
453
485
368
306
307
205
431
431
345
326
327
338
432
399
305
304
341
304
304
326
434
431
213
304
304
354
205
485
259
178
406
375
232
324
250
216
26
304
134
120
321
150
272
304
361
356
325
232
55
161
47
158
193
253
164
44
153
42
358
188
134
485
372
178
261
228
123
256
192
85
54
75
64
43
207
30
262
85
151
166
24
101
43
64
75
54
151
196
178
72
202
166
136
190
113
154
156
175
165
181
133
184
123
113
141
244
205
186
184
144
152
256
190
210
175
58
224
190
121
169
184
148
170
137
119
176
215
188
227
188
263
223
188
147
196
227
194
203
119
113
200
193
182
101
178
176
198
187
178
46
157
200
209
196
431
426
161
309
310
309
310
310
330
310
339
434
335
337
434
436
434
433
433
433
307
335
452
485
368
305
307
205
430
431
344
325
326
337
431
398
305
304
341
303
303
325
433
431
213
304
303
353
205
485
258
178
406
374
232
324
250
215
26
303
133
119
320
150
272
303
361
355
325
232
55
161
46
157
192
253
164
43
153
42
357
188
134
485
372
177
260
228
122
256
192
84
54
74
63
43
206
30
262
84
151
166
24
101
43
64
74
54
151
195
178
72
202
166
135
190
113
153
156
175
165
180
132
183
123
113
141
243
204
186
184
144
152
255
189
209
175
58
223
190
120
169
184
148
170
137
119
175
214
188
227
188
262
222
188
147
195
227
194
203
118
113
200
193
182
101
178
176
197
187
178
46
157
199
209
196
