93
452
161
432
427
309
310
310
310
339
434
310
335
338
331
434
437
434
396
433
306
434
433
335
205
307
306
485
431
434
368
431
477
327
345
326
399
338
305
431
417
214
326
354
341
304
304
324
304
259
485
328
397
405
205
150
216
184
375
304
232
250
120
26
378
42
325
134
272
178
304
321
161
158
361
164
356
55
232
153
304
134
193
253
244
451
44
462
487
486
212
318
372
396
180
192
124
259
85
67
54
43
262
85
30
151
166
207
48
101
37
198
64
154
183
74
196
190
136
166
72
154
194
201
113
184
162
156
175
187
181
117
141
189
146
186
209
141
244
259
148
205
224
61
263
175
119
175
188
136
190
169
190
184
170
188
119
183
122
196
215
263
200
176
227
204
113
190
182
147
194
227
178
217
178
200
190
238
192
101
181
34
49
158
211
157
160
451
161
431
427
308
310
310
310
339
434
310
335
337
331
434
437
434
395
433
305
434
433
335
205
306
305
485
431
434
367
430
476
326
345
326
398
337
305
431
416
213
326
353
341
303
303
323
304
258
485
327
397
405
204
149
215
183
374
303
232
249
119
26
377
41
325
134
271
177
303
321
161
158
360
163
355
54
231
153
304
133
192
253
244
451
43
461
487
486
211
317
372
395
180
191
123
259
85
67
54
43
261
85
30
150
165
206
48
101
37
198
64
154
182
74
195
190
135
166
72
154
193
201
112
183
162
156
175
186
180
117
141
189
146
185
208
140
243
258
147
205
224
60
262
175
118
175
188
136
189
169
190
184
170
188
118
183
122
195
214
262
200
176
227
203
113
189
182
146
194
227
177
216
178
200
190
237
192
100
181
34
49
157
210
157
160
