71
452
432
434
310
310
434
162
435
310
339
437
434
433
335
433
396
433
425
310
345
431
485
338
431
478
307
335
326
367
397
305
431
214
462
427
427
304
304
354
304
304
418
485
325
426
475
304
272
216
406
188
325
250
426
150
54
120
41
453
303
26
436
178
304
153
158
325
178
134
44
254
181
124
183
84
64
85
191
193
43
262
101
43
64
205
54
196
75
262
74
156
154
72
181
113
184
147
193
175
202
181
123
138
146
180
250
235
113
190
207
259
205
186
61
195
204
199
244
263
136
121
184
205
170
219
188
192
188
122
191
180
119
208
200
223
178
113
185
190
178
101
193
452
432
434
310
309
433
162
435
310
339
436
434
433
335
433
396
433
424
310
344
430
485
338
430
477
307
335
325
366
396
304
431
214
462
427
426
303
304
354
304
304
417
485
325
426
475
304
271
216
406
187
324
250
426
149
54
119
41
453
302
26
435
177
304
153
157
325
178
134
44
253
180
124
182
83
63
84
190
192
42
261
100
43
64
205
54
196
74
261
73
155
154
72
180
112
183
146
193
175
201
181
122
137
146
179
250
234
112
190
206
258
205
185
60
195
203
199
243
262
136
120
184
204
169
219
188
191
188
122
191
179
118
208
200
222
178
113
184
189
177
101
192
