39
439
394
30
376
174
399
296
32
289
338
297
255
297
398
214
435
150
438
198
342
313
298
297
486
306
380
51
410
429
231
345
142
283
32
248
83
442
458
199
67
114
81
167
162
53
54
136
66
109
103
157
185
33
82
81
184
57
163
36
163
43
261
31
58
51
82
55
236
154
205
73
37
152
180
78
42
60
82
439
391
30
375
172
396
295
29
288
338
295
252
295
395
212
434
148
438
195
336
308
298
295
481
306
380
50
409
429
228
344
141
278
30
250
82
435
457
196
66
117
80
166
162
52
53
136
65
109
111
163
194
35
82
80
183
57
162
38
160
42
260
31
58
50
81
54
235
153
204
72
36
151
182
78
39
60
81
