88
451
266
216
446
402
445
209
294
404
216
414
222
214
400
207
451
406
67
38
73
64
350
71
264
223
141
43
240
85
79
447
430
220
37
235
330
224
314
406
475
259
85
204
379
217
206
464
341
487
61
221
84
184
157
221
66
308
222
222
266
396
245
133
364
262
77
478
195
286
385
218
403
293
278
266
351
377
330
89
296
390
56
414
175
57
391
372
416
61
76
160
71
72
86
56
29
82
175
42
77
26
41
76
107
98
79
94
91
61
107
102
66
58
70
112
82
55
69
96
37
109
79
96
33
34
39
27
97
91
94
25
82
232
109
60
26
73
104
44
104
37
88
123
119
28
98
87
106
31
25
101
97
42
80
87
52
95
100
257
62
39
79
55
97
72
46
25
85
90
114
88
25
88
80
111
31
450
265
215
445
401
444
208
293
403
215
413
222
214
399
206
451
405
66
37
72
63
349
70
263
222
140
43
239
85
79
446
429
219
36
234
329
223
313
405
475
259
85
203
379
216
205
463
340
486
60
220
83
184
156
220
65
307
222
222
265
395
244
132
363
261
76
477
195
285
385
217
402
292
277
265
350
376
329
88
296
389
56
413
174
56
390
372
415
61
76
159
70
71
85
55
29
82
174
41
76
25
40
75
106
98
79
93
90
60
107
102
65
58
70
112
81
54
69
95
37
108
78
96
32
33
38
27
97
90
93
25
82
231
109
60
25
72
103
44
104
37
88
122
119
28
98
87
106
31
24
101
97
42
80
86
52
94
99
256
62
38
79
54
96
71
45
24
84
89
114
87
25
87
80
110
31
