95
452
432
434
310
338
310
310
434
437
309
339
434
311
435
310
332
331
434
434
433
396
311
307
427
434
205
166
335
307
368
431
306
431
338
341
478
342
484
326
305
122
399
427
304
431
427
326
327
354
304
304
476
213
378
204
154
304
259
462
178
426
485
325
417
406
232
26
331
216
136
427
250
361
54
397
304
304
231
321
47
406
272
453
91
160
436
305
372
153
371
250
158
253
396
348
180
124
183
54
166
64
75
85
101
85
262
24
24
193
34
156
207
37
48
73
196
44
151
259
61
190
187
196
136
202
154
166
113
182
142
184
156
72
171
120
190
184
235
256
141
246
181
262
209
205
244
196
152
183
178
188
190
224
180
200
204
61
195
186
121
184
119
144
136
247
223
170
188
192
174
223
176
227
226
119
202
263
192
197
198
210
110
157
178
171
132
112
190
163
169
452
432
433
310
337
310
310
434
437
308
339
434
311
435
310
332
330
434
434
433
396
311
307
427
434
205
166
334
306
368
431
306
431
337
340
478
342
484
325
305
122
399
427
304
431
427
325
327
354
303
304
476
213
377
203
154
304
259
462
178
425
485
324
417
406
231
25
330
215
136
427
249
360
53
397
303
304
230
321
46
406
272
452
91
159
435
304
371
153
370
250
157
252
395
347
180
124
183
54
165
64
75
85
101
85
262
24
24
192
34
155
206
37
48
73
196
44
150
259
61
190
186
195
135
202
153
166
113
181
142
183
155
72
171
119
190
184
235
256
141
245
180
262
209
204
244
195
151
183
178
188
189
224
179
199
203
61
194
186
121
183
118
144
136
243
223
169
188
191
174
223
176
227
225
119
201
263
191
196
198
210
109
157
178
171
132
111
189
163
169
