94
401
451
446
216
266
290
445
403
216
415
64
207
400
447
216
221
70
214
205
223
349
216
42
67
452
263
36
216
38
97
84
141
60
430
487
410
265
341
98
219
203
235
85
84
444
73
313
329
377
475
240
405
79
478
225
210
102
258
216
83
224
377
220
222
400
277
300
292
205
184
56
244
364
77
221
196
391
200
403
464
351
216
393
329
259
477
447
264
175
185
383
57
390
365
72
61
72
160
76
31
87
82
178
41
64
56
41
99
226
76
102
26
76
58
108
193
109
79
109
66
81
216
94
109
55
70
104
37
73
24
106
26
88
109
25
96
91
40
239
91
42
33
83
98
82
98
69
86
33
91
98
91
238
104
124
73
47
98
31
78
29
90
109
37
115
25
97
81
87
55
79
99
62
60
97
253
101
46
37
73
263
48
25
50
105
87
90
108
400
451
446
215
266
289
445
402
216
415
64
206
399
446
215
221
69
214
204
223
349
216
41
66
451
263
35
215
37
96
84
141
59
429
486
410
264
341
98
218
202
235
84
84
444
72
313
329
376
475
240
404
78
478
225
210
102
257
215
83
223
376
220
222
399
277
299
292
204
184
55
244
363
77
220
196
390
199
402
463
351
216
392
329
259
477
446
264
175
184
382
56
389
365
72
61
72
160
76
31
87
82
178
40
64
55
40
99
226
75
102
25
76
57
108
193
109
79
108
66
81
216
93
109
55
70
104
37
73
24
105
26
87
109
25
96
90
40
239
90
42
33
83
98
82
98
69
86
33
91
97
90
238
103
123
73
47
98
31
78
28
90
108
37
114
25
97
81
87
55
79
99
61
60
96
253
101
46
37
72
262
48
25
50
104
87
90
107
