100
393
129
476
109
129
71
129
132
132
258
86
424
130
454
326
129
85
394
62
459
337
140
34
27
55
245
300
401
99
130
105
316
46
463
255
432
72
398
48
305
130
135
174
394
41
130
37
101
441
50
339
345
97
306
337
60
142
131
193
443
28
115
196
130
69
94
131
412
130
276
300
321
136
74
393
312
487
157
72
407
444
359
379
164
465
86
313
316
356
341
189
115
456
132
340
93
385
132
487
478
238
118
33
61
157
44
136
28
61
63
55
28
175
42
40
147
40
42
64
261
35
51
245
259
49
59
40
248
256
187
73
31
248
32
41
44
55
227
238
24
205
248
63
53
263
48
235
51
28
224
185
226
63
55
50
263
29
236
75
41
24
47
65
259
253
244
226
34
215
261
68
53
82
31
261
263
70
66
65
258
263
43
241
54
44
66
252
63
26
209
37
71
76
38
197
76
29
71
58
254
393
129
476
109
129
71
129
132
132
258
86
424
130
454
326
129
85
394
62
458
337
140
34
26
55
245
300
400
99
130
105
315
46
463
255
432
72
398
48
304
130
135
174
394
41
130
37
101
441
50
339
345
97
306
337
60
142
131
193
443
28
115
196
129
69
94
131
412
129
276
300
321
136
74
393
312
487
157
72
407
444
359
379
164
465
86
313
316
356
340
189
115
456
132
340
93
385
132
487
477
238
118
33
61
157
44
136
28
61
63
55
28
175
42
40
147
40
42
64
261
35
51
244
259
49
59
40
248
256
187
73
31
247
32
41
44
55
226
237
24
205
247
63
53
263
48
234
51
28
223
185
226
63
55
50
263
29
235
75
41
24
47
65
259
253
244
225
34
214
261
68
53
82
31
261
263
70
66
65
258
262
43
241
54
44
66
252
63
26
208
37
71
76
38
197
76
29
71
58
253
