98
401
451
216
446
445
403
203
415
216
266
216
293
451
221
42
216
216
213
69
64
216
401
447
263
97
223
349
67
410
204
313
85
37
141
84
219
73
430
98
234
36
240
378
59
77
85
405
258
203
341
224
313
221
486
264
475
222
364
399
329
216
223
478
329
221
206
66
243
293
158
82
210
391
184
293
403
201
56
351
476
444
365
217
258
264
277
464
392
193
418
57
377
203
390
138
135
382
233
72
60
160
72
87
82
59
42
178
76
205
28
107
76
109
191
226
26
103
64
215
41
97
66
109
58
107
79
24
76
39
55
85
70
40
109
91
34
91
96
97
82
82
104
69
91
101
91
25
26
124
24
48
73
106
98
98
97
31
33
238
34
86
46
86
112
119
33
38
91
104
91
80
37
90
62
101
115
97
73
233
24
256
37
48
79
60
101
52
77
87
72
48
90
82
101
105
39
401
451
216
446
444
403
202
414
216
266
215
293
450
221
42
216
215
213
69
63
215
401
446
263
96
222
348
66
410
204
313
84
36
140
83
219
72
430
97
234
35
239
377
59
76
84
405
257
202
340
224
312
220
486
263
474
222
363
399
328
215
223
477
329
221
206
66
243
293
157
82
210
390
184
293
403
200
56
351
476
443
364
216
258
263
277
464
392
193
417
57
377
202
390
137
134
381
233
71
60
160
71
86
81
58
41
178
76
204
28
106
75
108
190
226
26
103
64
214
41
97
65
109
58
106
79
24
75
39
55
85
70
40
109
90
33
90
95
97
81
81
104
69
90
101
90
25
25
123
24
47
73
106
98
98
97
31
32
237
34
86
46
85
112
119
32
37
90
104
91
80
37
90
61
101
115
97
72
232
24
255
37
47
79
59
100
51
77
87
71
48
89
82
100
105
38
