87
129
393
476
258
132
85
114
454
129
129
132
325
425
129
76
89
478
27
56
337
132
394
245
70
34
319
136
48
432
66
299
59
100
449
463
459
130
256
174
411
394
98
399
114
101
66
299
441
40
130
130
403
130
93
345
131
338
46
306
164
443
94
190
131
193
50
466
111
104
317
90
276
393
412
66
298
455
73
157
407
189
357
407
385
344
324
132
117
238
33
63
28
58
61
43
130
172
61
42
28
161
41
41
253
260
59
35
43
42
59
52
245
32
246
239
44
62
40
45
256
234
33
259
184
41
63
116
53
65
228
71
52
262
29
28
229
208
196
247
226
76
226
256
49
250
55
54
41
244
61
236
75
224
44
50
75
62
254
261
261
31
251
65
73
31
68
258
36
37
43
32
238
52
71
128
393
476
257
132
85
114
454
129
128
131
325
424
128
76
89
478
26
56
337
131
394
245
70
33
318
136
48
431
65
298
59
99
449
463
459
129
255
174
414
394
98
398
114
101
66
298
440
39
129
129
402
129
93
345
130
338
46
306
164
442
93
189
131
192
50
465
111
104
317
89
276
393
411
65
297
454
73
157
407
188
357
406
384
344
323
132
117
237
33
63
28
57
61
42
130
172
61
41
27
160
41
41
252
260
59
35
42
41
59
52
244
32
246
239
44
62
40
45
255
234
33
259
184
40
62
115
52
64
228
71
51
261
28
28
229
208
196
246
226
75
226
255
49
250
55
54
41
243
60
235
75
224
44
49
74
62
253
260
260
31
250
65
73
31
68
257
36
37
43
32
237
51
71
