87
432
161
309
310
310
310
310
331
310
339
434
335
338
434
437
434
433
433
396
433
307
335
485
368
306
307
453
205
431
431
345
326
327
338
432
305
304
341
304
326
304
431
213
304
304
354
205
485
259
178
406
375
232
378
324
434
250
216
26
304
134
120
321
150
272
304
361
356
325
232
161
47
55
158
193
253
164
44
153
42
188
358
134
485
372
178
261
123
192
85
54
75
64
43
207
30
262
85
151
166
24
101
43
64
75
196
54
151
196
72
202
166
136
180
190
113
154
156
175
165
181
133
123
113
141
244
186
205
144
152
256
190
210
175
58
224
190
121
169
184
183
148
184
170
137
119
176
215
188
227
188
263
223
188
147
196
227
203
119
194
113
200
193
182
101
178
176
187
198
178
46
157
200
209
431
161
309
310
309
310
310
331
310
338
434
335
337
434
436
434
433
433
395
433
307
335
485
368
305
307
452
205
430
430
344
325
326
337
431
305
304
341
303
325
303
430
213
304
303
354
205
485
258
178
406
375
232
378
324
433
250
215
26
303
134
119
320
150
272
303
361
355
325
232
161
46
54
157
192
253
164
43
153
42
188
358
133
485
371
177
260
122
192
84
54
74
63
43
206
30
262
84
151
166
24
101
43
64
74
196
54
151
196
72
201
166
135
179
190
113
153
156
175
165
180
132
123
113
141
243
186
204
143
152
255
189
210
175
58
224
190
120
168
184
183
148
183
170
137
119
175
215
188
226
188
262
222
188
147
195
227
203
118
194
113
200
193
182
101
178
176
187
198
178
46
156
199
209
