90
452
161
432
427
309
310
339
310
310
434
310
335
338
434
437
331
396
433
307
433
335
434
205
308
306
485
431
431
368
434
327
477
326
338
305
345
399
431
214
417
354
326
341
324
304
397
304
485
304
259
150
375
205
216
304
304
42
232
184
250
321
405
120
26
378
272
134
325
158
356
361
54
153
161
232
462
134
164
253
178
487
194
485
396
417
451
212
318
161
364
180
192
124
259
85
67
262
54
43
85
30
151
166
48
101
207
198
64
154
74
196
184
190
136
166
72
154
113
201
194
162
184
175
181
117
156
187
141
146
186
209
186
141
148
244
175
259
61
205
224
189
169
175
136
176
190
122
184
191
170
227
119
188
119
183
263
215
196
113
147
190
192
178
204
227
181
178
182
193
201
34
200
49
160
252
191
158
211
255
211
452
160
431
427
309
310
339
310
310
433
310
335
337
434
436
331
395
433
307
432
335
433
205
308
306
484
431
430
368
434
327
477
325
337
305
345
399
431
214
416
354
325
341
324
303
397
303
484
304
259
150
374
205
215
304
304
41
231
184
249
321
405
120
26
378
271
134
325
158
356
360
53
153
160
232
462
134
163
252
177
486
193
485
396
417
451
211
318
161
363
179
191
123
258
85
67
262
54
43
84
30
151
166
47
100
207
201
63
154
73
195
184
189
136
166
71
153
113
200
193
162
184
174
180
117
156
187
140
146
186
209
185
141
148
244
174
259
61
204
224
188
168
174
136
175
189
122
183
190
169
227
118
187
119
182
262
214
195
113
147
189
191
178
203
226
180
177
182
193
200
34
199
48
159
251
190
157
211
255
211
