58
450
456
406
208
450
268
74
221
451
69
469
419
222
227
210
41
270
355
265
210
298
147
220
440
229
404
408
225
213
415
352
454
246
270
102
298
265
142
222
383
394
429
367
370
95
481
238
270
303
260
46
402
105
382
371
423
332
283
76
61
74
60
86
67
104
181
100
64
61
41
211
77
79
97
78
108
96
25
31
76
26
41
126
42
85
112
93
24
24
110
107
57
106
41
45
86
259
85
83
36
97
26
25
76
96
109
99
85
86
64
26
41
76
79
120
82
450
456
406
208
450
268
74
220
451
68
469
419
222
226
209
40
270
355
264
209
297
147
220
439
228
404
408
224
213
415
352
454
246
269
102
298
265
141
222
383
394
428
367
370
94
480
237
270
303
259
45
402
104
382
371
423
332
283
75
60
73
60
85
66
103
180
100
64
60
40
211
77
78
96
77
107
96
24
30
76
26
40
125
41
84
112
92
24
24
109
106
56
106
40
44
85
259
84
83
35
97
25
24
75
95
109
98
84
86
63
26
41
76
78
119
81
