51
317
387
191
194
283
194
236
347
211
198
332
296
172
149
340
427
387
388
43
285
368
385
167
128
391
160
375
317
396
153
392
60
245
301
88
286
211
42
162
441
434
141
157
24
235
413
244
295
406
182
252
47
99
172
127
46
88
54
53
78
72
52
120
99
50
100
71
88
111
70
35
77
32
115
52
73
73
100
57
31
40
124
29
34
109
110
116
91
52
95
81
104
66
84
34
32
100
105
24
89
98
58
325
394
196
200
290
200
244
356
217
203
341
304
180
157
346
434
394
395
49
291
374
392
175
135
398
166
381
326
402
161
400
66
252
309
94
294
217
48
170
450
441
147
163
31
241
420
250
301
413
190
260
46
98
171
126
45
87
54
52
78
71
52
120
98
50
99
71
87
110
70
35
76
31
114
52
72
72
100
57
31
40
123
28
33
109
110
115
90
51
94
80
104
66
83
33
31
99
104
24
88
97
57
