98
216
446
451
401
445
266
216
203
447
403
216
415
221
213
290
216
401
64
70
67
451
205
447
60
223
39
34
349
263
341
430
73
85
446
97
314
259
85
98
235
77
405
222
486
224
410
219
378
203
141
475
313
36
240
84
47
216
444
243
206
331
223
82
58
221
400
478
184
289
391
351
364
265
329
259
158
203
133
221
217
366
402
293
210
264
300
201
464
392
216
77
138
355
57
475
88
233
377
160
72
60
72
87
76
178
59
99
82
226
42
76
26
31
212
41
64
102
79
109
76
260
104
58
93
104
107
66
26
34
91
91
248
106
39
91
55
91
96
69
98
98
73
124
24
109
82
25
70
98
24
81
82
40
107
238
236
33
112
32
34
104
114
48
31
86
37
97
79
97
97
106
46
37
91
48
101
86
260
24
62
87
91
48
29
101
58
101
250
80
82
222
87
74
25
39
72
215
446
451
401
445
266
216
202
447
403
216
415
220
213
289
216
401
64
69
67
450
205
446
59
223
39
33
349
263
341
430
72
85
446
97
314
259
84
98
234
77
405
221
486
223
410
218
378
203
141
475
312
36
240
83
46
216
444
243
205
331
223
82
57
221
400
477
184
289
391
351
364
265
328
258
158
203
133
221
217
366
402
293
210
264
299
200
464
392
216
76
138
354
56
475
87
233
377
160
72
60
72
87
76
178
59
99
82
226
42
75
26
31
212
41
63
102
78
109
75
259
103
58
92
103
106
66
26
34
91
91
247
106
39
91
54
91
96
69
98
97
72
123
24
109
82
24
69
98
24
81
82
39
106
237
235
33
112
31
34
103
114
48
31
85
36
97
79
97
97
106
45
37
91
47
101
85
259
24
62
87
90
47
28
100
58
100
249
79
82
221
87
74
25
39
72
