95
453
432
434
338
310
310
310
434
339
311
437
310
335
427
435
434
434
433
335
307
433
396
205
431
368
307
306
478
166
336
431
485
327
345
305
326
397
432
338
427
427
341
214
354
327
259
431
304
418
326
184
325
303
476
426
378
485
406
304
303
204
216
324
226
375
125
426
155
26
463
304
272
250
361
406
54
150
42
321
304
158
372
305
253
361
231
452
364
153
119
42
258
485
436
487
180
123
183
166
54
70
81
85
262
24
101
43
151
259
193
48
37
75
205
151
64
198
190
154
201
136
166
184
187
193
113
72
165
156
120
175
181
133
181
246
235
140
146
207
262
224
144
205
186
186
192
205
244
199
204
184
60
121
190
259
178
136
148
190
168
194
220
200
119
184
176
263
170
190
202
192
189
122
227
220
113
157
110
190
147
227
192
211
178
184
176
234
49
210
34
453
432
434
337
310
310
310
434
339
311
437
310
335
427
435
434
434
433
335
307
433
395
204
430
368
306
306
477
165
336
431
484
326
345
305
325
396
431
338
427
427
340
214
353
327
258
430
304
418
325
184
324
302
476
426
378
485
406
304
302
203
216
323
226
375
124
426
155
26
463
304
271
249
360
406
53
149
41
320
304
158
371
305
252
361
230
451
363
153
119
41
257
485
436
487
179
123
183
165
54
70
81
85
262
24
101
43
150
259
192
48
37
75
205
150
64
198
189
154
201
135
165
183
187
192
113
71
164
155
120
174
181
132
180
246
235
139
146
207
262
224
144
205
186
185
191
204
243
198
204
184
60
121
189
259
177
136
147
190
168
194
220
199
119
184
175
262
170
190
202
191
188
122
227
220
113
156
110
189
146
227
192
211
178
184
176
234
49
209
34
