93
129
393
476
132
258
85
129
114
454
129
129
132
76
425
129
325
89
56
27
337
132
394
245
458
70
136
34
319
48
431
299
66
59
463
100
130
394
256
105
380
174
101
42
399
299
129
130
453
441
37
66
97
403
306
407
130
93
131
46
46
339
115
164
338
341
443
313
487
131
189
276
466
66
111
90
321
400
193
393
448
299
412
478
487
189
157
73
455
357
385
407
131
344
118
238
33
28
63
58
130
61
43
151
172
61
41
28
161
42
41
59
260
35
43
42
59
259
52
246
245
32
239
44
40
62
45
33
256
184
53
41
73
242
63
52
263
228
29
196
208
247
28
235
262
63
247
55
258
226
76
256
250
221
182
71
54
49
209
41
258
70
236
61
261
44
249
50
254
55
215
75
261
261
65
31
252
53
36
68
31
74
37
32
43
71
238
128
393
476
131
258
85
129
113
453
128
129
132
76
424
129
324
89
56
26
336
132
393
244
458
70
135
33
318
47
431
298
66
59
463
100
130
393
256
104
380
174
100
41
399
298
129
130
453
440
37
66
96
402
305
407
130
92
130
46
45
339
114
164
337
341
443
312
486
131
189
275
466
65
110
89
320
400
192
393
448
298
411
477
486
189
156
73
454
357
384
406
130
343
118
238
33
27
63
57
129
61
42
150
171
60
41
28
161
42
40
59
260
35
43
41
59
259
51
246
244
32
239
44
40
61
44
32
256
183
53
41
73
241
62
52
262
228
28
196
207
246
28
234
262
63
246
54
257
226
76
255
250
221
182
70
54
49
208
40
257
70
236
61
261
43
249
50
254
54
214
75
260
261
65
31
252
52
36
67
30
73
37
32
42
71
238
