90
129
393
476
132
85
129
454
114
258
76
129
132
425
325
89
458
337
56
27
132
245
70
394
34
319
136
48
59
299
66
431
100
98
130
464
399
256
42
174
453
299
114
380
407
441
37
101
394
306
66
66
46
131
93
338
46
130
344
403
338
164
313
443
94
448
111
189
466
276
90
104
193
321
309
27
393
480
73
299
399
487
157
189
478
412
385
455
357
132
356
118
238
33
28
58
130
42
61
63
41
175
61
28
42
41
259
35
59
260
43
59
52
42
245
32
246
239
45
40
62
44
256
65
187
32
228
41
263
63
249
29
71
242
255
28
235
52
53
55
262
249
250
256
76
182
221
197
224
244
49
54
258
41
244
261
50
61
44
261
254
75
75
55
153
24
261
263
31
65
218
53
68
36
252
31
32
73
37
71
25
129
393
475
131
85
128
454
114
257
75
129
131
424
325
89
458
336
56
26
131
245
69
393
34
318
136
48
58
298
65
431
99
97
130
464
399
255
42
174
453
298
114
380
406
440
36
100
393
305
65
66
46
131
92
338
46
130
343
403
338
164
313
443
93
448
111
189
466
276
89
104
193
321
309
26
393
479
72
298
399
486
157
189
477
411
385
454
357
131
356
118
238
32
27
58
129
41
60
63
41
175
60
27
41
41
259
34
59
259
42
59
51
42
244
32
245
238
44
40
62
43
256
65
186
32
228
40
262
62
248
28
70
241
254
27
234
52
53
55
261
249
250
256
76
181
220
197
223
244
48
54
257
41
243
261
49
61
43
261
253
74
74
54
153
24
260
262
31
65
217
53
68
36
252
30
31
73
36
70
25
