38
377
213
285
285
336
362
439
158
346
66
159
208
26
484
217
160
440
156
179
43
266
101
336
376
76
485
317
438
447
484
373
283
278
257
263
440
236
80
44
103
90
121
81
38
25
99
81
103
190
50
106
194
180
127
79
179
29
35
24
184
91
88
160
90
157
181
36
54
34
43
196
158
176
66
170
40
375
213
284
283
339
356
435
158
348
68
158
205
31
482
214
160
442
156
175
40
260
98
338
375
73
486
312
439
441
478
367
282
277
261
260
442
237
76
47
102
92
124
83
40
28
101
83
105
190
53
112
197
185
130
78
179
32
38
27
184
93
91
160
93
160
181
39
56
36
46
198
160
180
65
172
42
