94
217
446
401
451
445
266
203
403
401
447
216
213
221
415
42
216
290
61
205
451
67
39
64
349
341
223
263
430
73
85
85
259
378
77
314
410
98
235
224
475
222
73
405
220
203
141
486
330
240
36
84
243
313
216
264
289
329
444
223
364
206
400
221
66
184
477
351
56
83
391
203
259
158
210
402
217
201
366
221
264
464
300
475
377
392
446
242
77
294
368
138
57
88
277
160
72
72
60
87
76
59
82
41
99
226
26
76
42
109
212
31
104
76
109
79
93
64
107
26
58
66
34
91
55
91
91
82
69
39
24
91
96
125
97
98
109
98
109
25
70
73
33
82
81
40
33
24
238
106
97
46
236
34
97
112
31
48
119
37
86
97
115
104
79
48
37
91
91
62
259
102
24
86
48
58
29
74
72
101
251
107
80
87
111
82
87
25
78
217
446
401
451
445
266
203
403
401
447
216
213
221
415
41
215
290
60
204
451
66
39
64
349
341
223
263
430
72
85
85
259
378
77
314
410
97
235
223
475
222
72
405
220
203
141
486
330
240
36
84
243
313
215
264
289
329
443
223
364
205
400
221
65
184
477
351
55
83
391
203
259
158
210
402
217
200
366
221
264
464
300
475
377
392
445
241
77
294
368
138
56
88
277
159
72
72
60
87
76
59
82
41
99
225
26
75
42
108
211
31
103
76
109
79
92
64
106
26
58
66
34
91
55
90
91
82
69
39
24
90
96
124
97
98
109
98
108
25
69
73
33
82
81
40
33
24
237
106
97
46
235
34
97
112
31
48
119
37
86
97
114
103
79
48
37
91
91
62
259
102
24
86
48
58
29
74
72
101
250
107
80
87
111
81
87
25
78
