85
129
393
75
129
85
131
458
129
114
257
325
475
129
89
132
424
65
394
431
97
336
33
68
27
99
114
462
41
46
459
139
129
316
136
441
407
129
141
298
101
337
173
255
66
394
245
300
339
46
99
38
276
27
131
69
130
111
130
130
189
165
306
130
86
448
157
73
151
321
298
224
45
193
357
89
183
487
131
188
344
93
356
59
455
316
117
238
41
172
55
28
43
136
62
63
42
33
148
43
61
28
251
42
44
67
35
245
53
259
253
73
33
262
242
261
51
184
32
246
28
241
199
27
28
53
49
63
40
262
53
59
40
194
221
263
232
261
24
41
64
256
50
226
211
61
53
55
236
66
46
68
31
56
53
65
82
252
75
43
251
76
70
71
37
238
241
25
42
73
63
129
393
75
129
85
130
458
129
114
257
325
474
129
89
132
424
64
393
431
97
336
33
68
27
99
114
462
41
46
459
139
129
316
136
441
406
129
140
298
101
337
173
255
65
393
245
300
338
46
99
38
275
26
131
69
129
111
129
130
188
165
305
129
86
448
157
73
150
321
298
224
45
192
357
89
182
486
131
187
343
93
356
59
455
315
116
237
40
172
54
27
42
135
61
63
41
32
148
43
60
27
251
41
44
67
35
244
52
259
253
73
33
261
241
261
50
183
32
245
28
238
198
27
27
53
49
63
40
261
52
58
39
193
220
262
232
261
24
41
64
255
50
225
210
60
53
55
236
66
45
67
31
55
52
65
81
251
75
42
251
76
70
70
37
238
241
25
42
72
63
