80
453
431
161
310
310
310
437
434
331
332
338
434
434
340
307
433
434
335
434
307
205
306
431
427
477
369
342
327
214
338
485
305
326
401
304
304
432
431
354
327
177
303
259
205
485
150
304
121
406
375
378
163
232
250
325
424
26
304
42
216
321
304
187
162
158
134
54
272
253
270
257
231
463
193
177
245
134
304
153
487
179
121
192
81
54
67
101
85
207
156
166
48
34
262
154
75
61
196
184
136
190
166
154
195
186
202
154
168
146
181
72
117
178
198
259
244
111
144
207
262
199
190
221
175
60
188
205
188
121
168
184
182
184
170
195
184
119
176
122
136
227
220
187
203
112
215
192
263
190
222
233
227
184
200
189
238
178
234
178
33
452
430
161
309
310
309
437
433
330
332
337
434
433
339
306
432
433
334
433
306
204
305
431
426
476
369
342
326
213
338
485
304
325
399
303
303
432
430
353
327
177
303
259
204
484
149
304
120
406
375
377
162
231
249
324
423
26
303
42
215
321
304
186
162
158
134
54
271
253
269
257
231
462
193
176
245
133
304
152
486
178
120
192
80
53
67
101
85
206
156
166
48
34
261
153
75
61
195
184
135
189
166
153
194
188
201
154
168
146
180
72
117
177
192
259
243
111
143
206
262
198
190
221
175
60
188
205
187
120
168
184
181
184
169
194
183
118
175
121
135
227
220
187
203
112
215
191
262
190
222
232
226
183
200
188
237
177
233
178
33
