39
416
371
319
421
186
415
173
112
415
233
149
374
229
191
434
193
414
67
172
372
446
41
263
367
67
229
470
348
364
320
139
387
480
347
300
337
240
297
476
90
63
98
49
203
59
48
67
78
57
263
73
82
65
49
114
230
88
65
53
64
93
80
32
100
28
87
31
73
88
262
67
260
63
34
67
97
108
77
413
368
316
418
183
411
169
109
411
229
146
371
225
188
430
189
411
64
169
369
443
38
259
364
64
226
467
344
360
317
134
384
476
344
296
334
237
294
473
83
56
91
42
194
52
38
60
72
50
262
66
75
58
42
107
223
81
64
47
57
86
73
25
97
24
80
24
66
81
262
60
259
56
27
60
90
101
71
