95
451
266
446
216
402
445
208
294
404
452
216
414
214
222
206
217
401
67
406
35
447
73
223
64
350
263
141
70
97
43
341
85
79
430
240
220
217
36
206
203
235
84
330
60
224
222
85
379
487
406
84
259
313
475
221
157
464
224
61
308
478
266
210
184
195
222
82
133
244
364
403
286
396
217
262
266
293
351
385
377
57
218
391
296
89
38
56
175
390
278
330
139
414
476
416
61
76
71
160
72
86
60
29
82
107
175
42
26
77
76
220
41
79
98
100
96
91
58
61
107
66
70
102
109
112
26
55
69
37
82
109
232
79
109
25
96
40
33
101
34
98
91
82
73
27
104
91
42
98
44
88
60
124
121
28
86
106
91
37
52
87
79
101
25
97
62
95
31
244
42
55
39
97
100
72
87
257
79
85
25
89
111
25
90
79
46
82
88
74
31
450
265
445
216
401
445
207
294
404
451
215
414
213
221
205
216
401
67
405
34
447
73
222
63
350
263
141
70
97
42
341
85
79
430
239
219
216
35
205
203
234
83
330
60
223
221
85
379
486
406
84
259
312
474
221
157
464
223
60
308
477
266
209
183
194
221
82
132
243
363
402
285
396
217
261
265
292
351
385
377
56
217
391
295
89
37
56
174
390
277
330
139
413
475
416
61
76
70
160
71
85
59
29
82
106
174
42
26
76
75
220
40
78
98
100
96
90
58
60
107
65
70
102
109
111
26
54
69
36
81
109
232
79
109
24
96
39
33
100
33
98
90
81
73
27
103
91
42
98
43
87
59
123
121
28
86
106
90
36
51
86
79
100
24
96
62
94
31
243
42
55
39
96
100
71
87
257
79
85
24
89
110
24
90
79
45
82
88
73
30
