56
180
180
314
411
180
368
410
228
410
415
366
28
371
33
484
140
62
34
185
257
224
456
483
413
185
441
98
47
409
48
341
453
441
38
349
421
198
328
206
133
243
358
366
413
331
470
430
315
341
463
246
475
291
331
306
174
129
157
75
66
173
49
43
33
55
28
39
29
65
47
38
236
61
71
44
57
61
40
54
238
90
65
68
46
209
71
50
51
42
28
70
73
63
64
74
246
49
50
29
254
43
54
46
65
40
64
62
239
87
78
252
59
177
177
311
408
176
365
407
225
407
412
363
25
368
30
481
137
59
31
182
254
221
453
480
410
181
438
95
44
406
45
339
450
438
36
346
418
195
325
204
129
240
355
363
410
328
467
427
312
338
460
243
471
288
328
303
171
125
166
71
63
152
46
40
30
51
24
35
25
61
44
35
235
64
68
40
54
57
37
50
235
87
61
61
43
205
67
46
48
38
24
66
69
59
61
70
246
45
46
25
251
39
50
43
61
37
61
58
241
84
74
248
56
