79
452
432
310
434
310
161
310
434
338
310
339
434
434
335
435
331
437
434
425
396
434
434
307
369
335
307
478
431
338
431
485
326
306
399
305
427
326
341
427
432
327
354
462
417
345
213
485
426
232
325
216
184
324
150
476
26
359
406
378
122
361
178
361
397
272
426
46
161
134
304
158
406
375
348
54
164
436
452
153
180
124
54
183
34
192
67
85
166
78
262
24
34
151
194
207
101
48
262
196
70
58
148
202
196
136
184
154
182
113
72
171
88
184
117
232
183
141
246
135
161
207
180
190
156
152
61
204
184
194
136
191
148
189
199
119
196
121
184
188
147
201
186
174
263
220
119
204
215
176
112
202
169
166
192
182
208
190
178
452
432
309
433
309
160
309
433
337
309
338
434
434
335
435
331
437
434
424
395
433
433
307
368
334
307
478
430
337
431
485
325
305
399
305
427
325
341
427
432
327
353
461
416
344
212
485
425
232
324
216
184
324
149
476
26
359
406
377
121
361
177
361
396
271
426
46
160
133
304
157
405
374
348
53
163
436
452
152
179
124
54
183
34
192
66
85
165
78
261
24
34
151
193
206
100
48
261
196
70
58
147
201
195
136
184
154
181
112
71
171
87
184
116
232
182
141
246
134
161
207
179
189
155
151
60
203
183
193
135
191
148
189
199
119
196
120
184
188
146
201
185
173
262
220
118
204
214
176
112
202
169
165
191
182
207
190
178
