99
452
432
434
310
309
310
338
434
310
434
339
311
437
435
310
335
434
434
427
396
433
335
205
434
307
307
166
431
369
306
338
431
336
478
345
485
122
326
305
399
432
327
427
427
304
214
354
327
326
476
462
341
304
378
326
77
431
304
259
485
204
304
184
324
426
417
216
325
232
359
272
406
426
232
360
125
70
250
110
150
397
47
26
406
178
361
304
153
453
158
304
54
375
372
305
160
321
304
436
180
123
183
61
85
75
166
85
51
24
262
24
101
193
34
151
37
48
259
196
70
205
190
58
148
136
187
154
202
166
182
113
193
184
156
72
190
171
120
184
133
161
235
246
259
146
209
262
183
196
180
140
205
184
193
247
144
244
224
61
178
190
191
148
204
186
136
204
184
198
263
121
223
227
188
210
230
170
241
188
174
119
119
202
201
147
176
178
192
112
226
192
168
157
110
198
226
216
210
452
432
433
310
309
310
338
434
310
434
339
311
437
434
310
335
434
434
427
395
433
335
205
434
307
307
165
431
369
305
338
431
336
478
345
485
121
326
305
399
432
327
427
427
304
214
354
327
326
476
462
341
304
378
326
77
431
304
259
485
204
304
183
324
426
416
216
325
232
359
272
406
426
232
360
125
70
250
110
150
397
47
26
405
177
361
304
152
452
158
304
54
375
371
305
159
320
304
435
180
122
182
61
85
75
166
84
51
24
262
24
100
192
34
151
37
48
259
196
69
205
190
58
147
136
186
154
202
165
182
112
193
184
156
71
189
171
120
184
133
161
234
245
259
146
209
262
183
196
180
140
205
184
193
246
144
244
224
61
178
190
191
148
204
186
136
204
184
198
263
121
223
227
188
209
230
169
240
187
174
119
119
202
200
147
175
178
192
112
226
192
168
156
110
198
226
216
210
