91
393
129
476
76
129
89
258
325
85
114
131
458
129
424
132
56
431
458
68
27
317
136
336
34
129
99
339
453
114
245
66
399
394
46
55
97
300
140
101
129
173
441
337
466
255
141
399
67
276
67
306
447
235
47
403
130
37
299
394
130
196
111
316
92
313
73
131
379
344
86
443
448
157
194
165
131
184
341
298
131
151
256
46
381
357
487
223
392
348
455
89
239
118
34
41
172
43
63
42
55
61
30
41
154
28
61
59
44
259
53
260
32
246
35
245
184
253
188
247
73
59
249
229
42
242
49
64
40
51
52
199
63
28
49
31
40
27
215
260
261
64
55
261
258
224
246
211
232
29
53
259
65
50
62
76
255
31
41
240
224
66
244
46
66
75
53
229
75
209
65
71
56
51
252
250
42
53
82
258
235
73
251
392
129
476
75
129
89
258
325
84
114
131
458
129
424
132
56
430
458
67
27
317
135
335
34
128
98
338
453
113
245
65
399
394
45
54
96
300
140
100
128
173
440
337
466
255
141
399
66
275
67
306
446
232
47
402
130
37
298
394
129
195
111
315
91
313
73
131
378
343
85
443
447
157
193
165
130
183
341
297
130
150
256
46
380
356
486
222
392
348
454
89
239
117
34
40
171
43
63
41
55
61
30
41
154
28
61
59
43
258
52
259
31
246
34
245
183
252
187
246
73
59
249
228
41
241
49
63
39
50
51
198
63
27
48
30
39
26
214
259
260
64
54
260
257
223
246
210
231
28
53
258
64
49
62
75
255
31
41
239
223
66
244
46
66
75
53
228
75
208
65
70
56
51
251
249
42
52
81
258
235
72
250
