70
401
451
446
266
290
445
403
221
415
447
204
42
64
221
400
205
223
451
349
263
38
36
216
141
341
430
83
410
444
313
478
475
329
219
203
406
378
487
264
78
292
223
235
210
240
222
220
364
400
77
277
243
224
73
377
55
365
402
135
390
393
351
477
65
447
221
218
264
175
184
72
61
72
76
31
87
82
159
41
99
59
109
64
76
41
76
58
109
108
66
94
81
232
70
26
37
40
24
236
42
86
98
33
109
25
98
82
73
106
69
90
34
96
91
82
98
47
97
31
81
78
33
124
109
72
115
24
62
101
79
101
97
73
119
262
86
263
48
25
50
400
450
445
265
290
445
402
221
414
446
203
41
63
220
399
204
222
451
348
262
37
36
215
140
340
430
81
409
443
313
478
474
329
218
202
405
377
486
263
77
291
222
234
209
239
221
220
363
399
76
276
242
224
73
376
54
364
401
134
389
393
350
476
64
447
220
215
263
174
183
72
61
71
76
30
87
81
159
40
99
59
109
63
76
40
75
57
109
107
65
93
81
226
70
26
36
48
24
236
42
86
98
33
109
24
98
82
73
106
69
89
34
96
91
82
97
46
96
31
80
77
32
124
108
71
114
24
61
100
79
100
97
73
118
262
85
250
48
24
49
