77
452
432
310
310
310
434
311
310
335
434
434
435
339
161
335
338
437
434
396
434
307
434
425
306
307
367
477
431
431
327
397
485
306
338
335
326
305
427
417
463
341
304
432
345
304
213
485
328
26
476
378
216
426
150
426
324
325
325
361
406
121
321
406
250
46
158
54
154
134
348
371
250
42
153
487
452
372
180
124
54
34
67
85
24
78
205
183
34
194
262
192
151
166
101
48
196
70
148
58
262
166
136
202
184
154
113
162
181
72
88
182
193
175
117
232
186
181
141
244
135
156
256
152
61
263
119
199
184
136
204
189
220
148
203
188
147
121
188
227
199
170
119
112
192
205
178
166
171
132
176
178
34
192
157
451
431
310
309
310
434
311
310
335
434
434
435
338
161
334
337
436
434
395
434
306
434
425
305
306
366
476
431
430
326
396
484
306
338
334
325
305
426
416
462
340
303
432
345
303
212
485
327
25
475
377
216
425
149
425
323
325
324
361
405
120
320
406
250
45
158
53
154
133
348
370
249
41
152
487
452
371
179
124
53
33
67
84
24
77
204
183
33
194
262
191
151
166
101
47
196
69
147
57
262
160
135
202
183
153
112
162
180
72
87
181
193
175
117
232
185
180
141
243
135
155
255
151
61
262
118
198
184
135
203
188
220
147
202
188
147
121
188
226
198
172
119
111
191
205
177
165
171
132
176
178
33
192
157
