92
216
446
401
451
445
266
203
403
401
447
216
213
221
42
415
290
61
205
451
67
39
64
349
341
223
263
430
73
85
97
85
259
378
77
314
98
410
235
73
224
475
222
405
203
141
486
330
220
240
36
84
243
313
264
289
329
444
66
223
206
364
400
221
184
477
56
351
391
83
203
259
210
217
201
402
221
366
264
464
300
475
377
447
392
217
242
446
77
294
368
138
57
160
72
72
60
87
76
59
82
41
99
190
26
76
109
42
31
104
76
109
79
93
64
107
26
58
66
34
91
55
106
91
91
82
69
39
91
24
96
109
125
97
98
98
25
70
73
33
109
82
81
40
33
24
106
97
46
236
119
34
112
97
31
48
37
86
115
97
79
101
48
37
91
262
102
62
86
24
48
58
29
74
72
263
101
250
107
251
80
87
111
82
87
216
446
401
451
445
266
203
403
401
447
215
213
220
42
415
290
60
204
451
66
39
64
349
341
223
263
430
72
85
96
84
259
378
77
314
97
410
234
73
223
475
221
405
203
140
486
330
219
240
36
84
243
313
264
289
329
444
66
223
205
364
400
221
184
477
56
351
391
83
203
259
209
217
200
402
221
366
264
464
300
475
377
447
392
217
241
446
76
294
368
137
56
159
72
72
60
87
76
59
82
41
99
190
26
75
109
42
31
103
75
109
78
93
64
107
26
58
66
34
90
55
105
90
91
82
69
39
91
24
95
109
125
97
97
98
25
69
73
33
109
82
81
40
33
24
106
97
46
236
118
34
111
97
31
48
37
86
115
97
79
100
48
37
90
261
101
62
85
24
48
58
29
74
72
262
101
249
106
250
80
87
111
82
87
