86
129
393
476
258
132
85
114
454
129
129
325
132
425
76
129
89
27
132
337
479
394
245
70
34
319
48
431
66
299
136
59
100
420
380
463
174
256
130
97
114
66
101
338
130
299
40
394
441
403
41
130
93
130
104
338
131
306
46
443
131
164
94
50
193
341
189
111
466
90
27
66
277
485
298
412
318
407
439
73
189
455
157
487
357
407
385
118
238
33
63
28
58
61
43
130
172
42
61
28
41
161
41
260
43
35
251
42
59
52
245
32
239
44
62
40
246
45
256
116
242
33
63
41
184
64
71
262
52
185
208
29
229
53
28
247
263
196
76
226
74
49
256
55
250
41
236
54
244
224
75
209
61
50
44
254
24
251
261
261
65
31
59
258
261
31
36
73
68
53
37
43
32
129
392
475
258
131
85
113
454
128
129
324
131
425
76
129
89
26
131
337
478
393
244
69
33
318
47
430
66
299
135
59
100
410
373
463
174
256
129
96
113
66
101
338
130
299
39
394
440
402
41
130
92
130
103
338
130
306
46
443
131
163
94
50
192
340
188
110
465
90
27
66
276
484
297
412
317
406
438
73
188
455
156
486
356
407
385
117
238
33
63
27
58
61
43
129
171
41
61
27
40
161
40
260
43
35
254
41
59
52
245
31
238
43
61
40
246
45
256
115
250
32
63
41
184
63
71
262
51
182
207
28
228
53
27
247
263
196
75
225
74
49
255
55
250
41
235
53
244
223
74
196
61
50
43
254
24
250
260
261
64
31
58
258
260
31
35
73
67
52
37
42
32
