98
129
393
476
109
71
129
129
132
132
258
86
424
130
454
129
325
85
394
62
318
337
459
140
27
34
55
245
300
99
130
105
46
401
463
255
432
37
72
130
136
174
48
394
398
101
130
41
441
339
345
50
40
97
306
337
60
142
131
131
193
28
443
69
115
196
131
276
94
412
393
312
300
321
74
136
157
72
487
164
359
407
379
465
86
316
313
356
189
115
455
341
132
375
93
340
478
385
132
118
238
33
61
44
154
136
28
61
63
55
28
175
42
165
42
40
42
64
32
35
261
51
260
248
49
59
40
256
187
73
248
248
32
41
44
238
55
205
246
63
238
53
227
51
48
263
28
185
226
224
226
63
55
50
263
29
236
256
75
24
41
253
47
65
223
261
244
34
261
263
68
53
31
82
66
65
70
54
43
258
241
44
66
63
252
26
37
71
73
209
38
205
76
197
254
29
71
128
393
476
108
71
129
129
131
131
258
86
423
130
454
128
324
85
393
62
317
336
458
139
26
34
54
244
299
99
129
104
46
400
463
254
431
37
72
130
136
174
48
393
397
101
130
41
440
338
344
50
40
96
306
336
59
141
131
131
192
28
442
68
114
196
131
276
94
412
393
312
299
320
74
135
157
72
487
164
359
406
379
465
86
315
313
356
189
114
455
340
132
375
92
340
477
384
131
118
237
33
61
44
154
135
27
61
62
54
27
174
42
165
42
40
42
64
32
34
261
51
260
247
49
58
39
255
186
73
247
248
32
41
43
238
55
204
246
63
237
53
226
51
48
262
28
185
226
223
225
63
54
50
262
28
236
256
74
24
41
252
46
65
223
261
243
34
261
263
67
53
31
82
66
65
70
54
43
257
240
44
66
62
252
25
37
71
72
209
37
204
76
197
253
29
71
