94
129
393
476
109
129
71
129
132
132
86
258
424
130
454
129
325
85
394
62
318
337
459
140
27
34
55
245
300
99
130
46
105
401
463
432
255
37
72
130
305
136
48
174
394
398
101
130
441
339
50
40
97
306
337
142
131
131
443
196
193
131
69
115
276
94
412
393
321
300
74
136
157
72
359
164
465
407
379
86
316
313
356
115
189
444
132
455
341
93
132
478
152
375
385
118
238
33
61
154
44
136
28
61
55
63
28
175
42
165
42
40
42
64
32
35
261
51
259
248
49
59
40
256
187
248
73
248
32
44
41
238
55
205
24
246
238
63
53
227
51
48
28
185
224
226
63
55
50
29
236
256
41
65
75
223
253
47
261
244
34
261
53
68
31
82
68
65
43
54
44
258
241
66
63
252
26
71
37
263
38
73
209
76
71
254
57
205
29
129
392
476
109
129
71
129
132
132
85
257
423
130
453
129
325
85
393
62
317
337
458
140
27
33
54
244
299
98
130
45
105
400
463
432
255
36
72
130
305
136
48
174
394
397
101
130
441
339
50
39
97
305
336
142
131
131
443
196
193
131
69
115
276
93
412
392
320
300
74
136
156
71
359
164
464
406
378
85
315
313
356
115
188
444
132
454
340
93
132
478
152
375
385
117
237
32
61
154
43
135
28
61
54
63
28
175
42
164
41
39
41
63
32
35
260
51
258
247
49
59
40
256
187
248
72
248
32
43
41
238
55
205
24
246
238
62
53
226
51
48
27
185
224
226
62
54
50
29
236
256
41
65
74
222
253
46
261
243
34
260
52
68
30
82
68
64
42
54
43
258
240
65
63
251
25
70
37
262
37
73
209
75
70
253
56
204
28
