99
216
446
451
401
445
266
216
203
216
447
447
403
290
415
216
216
213
221
216
401
61
205
64
349
451
67
446
39
341
223
34
263
430
73
85
97
314
259
85
98
77
235
405
486
444
475
222
219
410
224
378
203
141
330
73
36
240
84
47
216
243
206
221
223
289
83
400
478
184
264
364
391
351
57
329
259
158
203
217
221
210
135
366
464
402
392
264
300
201
396
216
77
294
57
138
242
475
88
233
160
72
60
72
87
76
178
59
202
99
260
82
31
42
190
226
26
76
212
41
104
76
64
107
109
79
248
93
26
58
104
66
34
91
91
106
39
91
55
91
69
96
98
73
236
98
98
109
24
124
82
25
70
33
109
81
82
40
107
238
33
112
48
34
97
104
31
86
37
106
97
79
97
115
46
37
91
48
260
86
91
101
24
58
62
101
48
29
101
216
250
80
87
87
82
107
74
25
39
216
446
451
400
444
266
216
203
216
446
446
403
290
415
216
216
213
220
216
401
61
205
64
349
451
67
445
39
341
223
33
263
430
73
85
97
314
259
85
98
77
234
405
486
444
474
222
218
410
223
378
203
141
329
73
36
239
84
47
216
243
206
221
223
289
83
400
477
184
264
364
390
351
57
329
259
158
203
217
221
210
134
366
464
402
392
264
300
201
399
216
77
294
57
137
241
474
88
233
160
72
60
71
86
76
178
59
202
99
260
82
30
42
190
226
26
75
212
41
104
76
64
107
109
79
248
93
26
58
103
66
34
91
91
106
39
91
55
91
69
95
98
72
235
98
98
108
24
123
82
25
69
33
109
81
82
40
106
238
33
112
48
34
97
104
31
86
37
105
97
79
97
115
46
37
91
48
260
86
91
101
24
58
62
101
48
29
101
215
250
80
87
87
82
106
74
25
39
