72
452
432
310
434
310
310
161
434
310
434
434
332
435
338
339
437
434
425
434
434
205
307
478
431
341
431
342
485
306
305
427
303
432
462
205
321
210
485
426
150
216
184
476
331
26
232
406
122
178
250
232
161
134
47
272
158
436
54
164
452
153
250
253
321
244
134
487
487
161
357
42
228
180
124
54
183
34
67
192
85
78
24
34
156
194
166
262
101
48
262
70
58
190
136
184
154
145
113
156
72
88
117
232
244
135
180
175
227
149
61
204
189
136
191
199
144
119
184
121
188
201
170
227
204
215
119
263
112
208
192
182
190
178
132
190
146
238
178
34
49
255
211
176
196
451
432
309
433
309
309
160
433
309
434
434
331
435
337
339
437
434
424
433
433
205
307
478
430
341
431
342
485
305
305
426
303
432
462
205
321
209
485
425
149
216
183
476
330
26
231
406
122
177
250
231
161
133
46
272
157
435
54
163
451
152
250
252
320
243
133
487
487
161
358
41
227
179
124
54
183
34
66
192
85
78
24
34
155
194
166
262
100
48
262
70
58
190
135
184
153
145
112
156
71
87
116
231
244
134
180
175
226
148
60
204
188
135
190
199
143
119
183
120
188
201
169
226
204
215
118
262
112
207
191
182
189
178
131
189
145
237
178
34
49
255
207
175
196
