84
129
454
109
86
129
476
425
132
258
129
129
325
71
132
85
48
34
394
132
245
337
58
294
70
136
319
306
97
66
37
465
256
130
431
130
97
101
66
105
46
174
441
306
67
196
131
338
130
99
164
142
394
136
48
412
443
186
93
111
317
465
276
296
78
157
300
304
319
188
357
393
94
487
33
86
115
244
314
131
356
385
407
455
412
118
42
61
55
140
33
28
61
63
172
161
42
41
28
41
239
245
42
43
59
35
44
38
52
246
32
55
64
62
235
32
41
184
44
205
253
51
262
74
251
63
28
24
251
65
256
49
194
263
54
28
53
81
224
34
41
69
76
50
62
44
261
28
25
68
68
43
52
37
37
261
241
53
52
66
71
42
42
71
26
29
45
74
60
129
454
108
86
129
476
425
131
257
129
128
325
70
132
84
47
33
394
131
244
337
57
293
69
135
319
305
97
65
36
465
255
130
431
130
96
101
66
105
45
174
441
306
67
196
131
338
130
99
163
142
393
135
48
411
443
186
93
111
317
465
276
295
77
156
300
303
318
188
357
393
93
486
32
86
115
243
313
130
356
385
406
454
411
117
42
60
54
140
33
27
60
63
171
161
42
40
28
40
238
244
41
42
59
34
43
37
51
246
32
55
63
61
234
31
41
183
43
204
252
50
261
73
250
63
28
24
250
65
256
48
193
262
54
28
52
81
224
34
41
69
75
49
61
43
261
27
24
67
67
42
52
37
36
260
240
53
52
65
70
42
41
70
25
28
44
73
60
