83
452
432
434
338
310
310
310
434
339
335
437
434
434
435
427
433
331
307
396
335
431
368
307
478
485
431
327
305
397
427
326
338
341
432
214
427
354
328
304
418
259
475
303
485
406
304
426
325
378
216
324
426
121
372
304
26
462
272
250
150
321
406
361
41
54
158
372
305
361
253
153
453
364
397
436
487
485
29
134
250
172
396
42
181
124
183
166
67
54
84
85
262
151
101
48
37
193
259
75
207
148
198
196
154
201
136
184
72
113
165
120
181
232
178
181
140
135
146
243
207
263
205
186
224
199
244
60
121
256
204
195
184
136
148
217
188
168
176
119
181
263
170
188
227
202
190
122
192
113
157
110
147
190
178
192
211
171
210
34
49
196
178
132
199
161
176
452
432
433
338
309
309
309
434
339
335
437
433
434
434
426
432
330
306
395
335
431
368
307
477
484
431
326
304
396
427
326
337
340
432
214
426
354
327
303
417
259
474
303
484
405
303
425
324
378
216
323
426
121
372
304
26
462
271
249
150
321
405
360
40
54
158
372
304
360
252
152
453
363
397
436
486
484
29
134
249
171
396
41
181
123
182
165
66
54
84
85
261
150
101
47
36
192
259
75
207
148
197
195
153
201
136
183
72
112
165
119
181
231
178
181
140
134
145
242
206
262
204
186
223
198
243
60
121
255
203
194
183
135
148
216
187
168
176
118
180
262
169
188
226
201
189
121
192
112
156
109
147
189
178
191
211
171
209
34
49
196
177
132
199
161
175
