96
401
451
446
216
266
290
445
403
415
64
207
400
447
216
221
42
214
205
349
223
61
216
216
67
263
36
38
452
97
84
141
430
487
410
341
98
444
203
264
219
85
235
73
405
83
313
329
475
377
79
478
225
210
240
258
224
66
71
220
216
83
56
377
300
400
222
277
184
313
205
292
364
244
365
77
135
196
221
391
158
402
464
200
351
393
217
329
447
383
259
477
264
175
185
365
57
72
61
72
160
76
31
87
82
41
64
56
41
99
226
76
109
26
76
108
58
104
215
190
79
66
81
94
109
109
55
70
37
73
24
26
91
236
25
106
109
91
96
91
98
40
42
33
98
83
69
86
33
91
82
91
124
119
102
47
238
104
115
73
29
31
98
78
37
24
109
90
97
25
24
81
101
55
87
79
91
62
60
99
97
101
257
46
263
106
37
73
48
25
50
108
87
401
451
446
215
266
290
444
402
415
64
206
400
446
216
221
42
214
204
348
223
61
216
216
67
263
36
37
451
96
84
141
430
486
410
341
97
443
203
264
218
84
235
72
405
83
313
329
475
376
78
478
225
210
240
258
224
66
71
219
216
83
56
376
300
400
222
277
184
313
205
292
363
244
364
76
134
195
220
390
158
402
464
200
350
393
217
329
446
383
259
477
264
175
184
364
56
72
61
72
160
76
31
86
82
41
64
55
41
99
226
75
109
25
76
107
57
103
214
184
78
66
80
93
108
109
55
70
37
73
24
26
91
236
24
105
108
91
96
91
98
40
42
33
98
82
69
85
33
91
82
91
124
119
102
46
238
103
115
73
29
30
97
78
37
24
108
90
96
25
24
81
100
54
87
79
90
62
60
99
96
100
257
46
262
106
37
73
48
25
49
108
87
