86
370
367
58
367
370
257
288
369
110
288
54
200
213
370
267
367
186
356
367
152
176
317
368
285
367
368
370
367
293
412
346
316
429
337
367
285
257
165
282
281
60
258
138
406
286
326
284
75
282
214
173
354
283
284
386
478
257
285
283
371
133
386
286
454
179
78
237
45
277
454
258
104
274
166
190
455
78
189
186
238
123
480
377
247
29
395
46
141
118
129
26
188
26
65
117
38
108
44
118
94
182
119
116
56
168
114
184
84
224
167
207
257
75
195
177
54
56
56
100
84
156
68
31
141
106
120
128
41
114
44
255
56
78
118
139
44
127
92
149
89
96
117
51
198
48
105
172
76
243
77
196
90
223
39
179
88
199
73
206
47
45
98
76
129
68
41
120
107
144
195
54
149
369
366
57
366
369
256
287
368
109
287
53
199
213
369
266
366
185
355
367
151
175
316
367
284
366
367
369
366
292
411
345
315
428
336
366
284
256
164
281
280
59
257
138
405
285
325
283
74
281
213
172
353
282
283
385
477
256
284
282
370
133
385
285
453
178
77
236
44
276
453
257
103
273
165
189
454
77
188
185
237
122
479
376
246
28
394
46
141
117
128
26
188
25
65
116
37
108
44
117
93
182
119
116
56
164
114
184
83
230
166
207
256
75
189
177
54
55
56
99
83
156
68
30
141
105
119
127
41
113
43
254
55
77
117
138
44
126
92
148
88
95
116
51
197
47
105
172
75
243
77
195
89
222
39
179
87
199
73
206
47
45
98
76
129
68
40
120
106
144
195
54
148
