82
453
431
161
310
310
310
437
434
310
310
331
427
332
338
340
434
434
434
433
434
335
428
433
205
307
431
342
327
214
338
485
305
432
359
326
304
304
431
432
327
177
304
259
205
485
304
121
406
150
375
163
304
331
232
250
26
463
325
42
216
321
304
187
162
158
134
54
272
253
270
372
257
231
229
487
177
153
245
219
193
134
44
179
121
192
81
54
67
101
85
30
43
207
262
156
166
262
48
24
34
75
61
196
195
184
190
136
154
154
168
146
181
72
117
133
196
178
244
259
144
111
262
199
190
221
175
60
205
188
121
188
168
182
176
144
184
170
119
183
195
122
136
227
220
187
203
112
215
192
263
190
222
157
233
227
196
46
189
178
238
161
200
178
101
452
430
160
309
309
309
437
434
309
309
331
426
332
337
339
434
434
434
433
434
335
427
432
204
306
430
342
327
214
338
485
305
431
358
325
304
303
430
432
326
176
303
258
204
485
303
121
406
149
375
162
304
331
232
250
25
462
325
41
216
320
304
186
161
158
133
53
272
252
270
372
256
231
229
486
177
153
244
219
193
134
44
179
121
191
80
53
66
101
84
30
43
206
261
155
165
261
48
24
33
74
60
195
195
184
190
135
153
153
167
146
180
72
116
132
196
177
244
259
143
111
261
198
189
220
174
59
204
188
121
187
167
182
175
143
183
170
119
182
195
122
136
226
219
187
202
111
214
191
262
189
221
157
232
227
195
45
188
178
238
161
199
178
100
