40
461
72
69
462
72
67
459
66
68
71
241
454
169
67
455
382
273
230
214
241
94
230
458
455
187
198
387
237
188
78
216
81
292
264
326
171
291
146
272
355
39
107
86
58
139
178
125
96
150
72
73
77
124
117
162
140
180
76
127
123
85
63
225
176
100
89
116
136
139
62
177
86
100
92
125
136
110
178
108
178
438
49
46
440
49
44
436
43
46
49
219
431
147
44
432
360
258
207
191
219
71
208
437
432
164
175
365
214
165
56
194
58
269
242
303
151
268
170
249
357
39
106
85
51
139
178
125
95
150
71
72
77
124
116
162
143
183
76
126
123
84
63
221
175
99
89
116
135
139
61
177
86
99
92
125
138
110
178
107
178
