97
401
451
446
266
216
445
403
290
208
415
216
447
64
221
216
214
400
216
70
205
350
36
67
42
263
216
216
39
452
97
85
223
141
73
235
60
430
203
341
406
98
220
313
264
378
85
475
240
444
84
329
478
210
224
79
224
217
222
300
313
220
262
400
83
292
205
244
135
221
56
364
184
464
366
159
377
196
77
403
277
200
217
264
351
259
329
175
419
390
476
393
185
339
447
256
88
216
72
61
72
76
160
87
82
31
59
41
178
99
64
76
205
26
41
226
102
76
108
81
79
109
66
216
193
93
109
109
55
58
70
91
96
104
37
25
26
98
91
109
42
106
83
91
98
82
239
40
33
86
91
124
69
34
238
98
29
24
46
94
31
104
90
109
25
101
87
115
97
37
60
24
91
73
55
81
62
78
99
260
48
97
37
46
25
77
79
74
101
50
49
262
83
25
250
401
451
445
266
216
444
402
290
208
414
216
446
64
221
216
214
399
216
69
205
350
35
66
41
263
215
216
38
452
96
85
223
141
72
234
60
429
203
341
406
97
219
313
263
377
84
474
239
443
84
328
478
210
223
79
223
217
222
299
313
220
261
399
82
292
205
243
135
220
56
364
184
464
365
159
376
196
77
403
277
200
217
263
351
258
329
175
419
389
476
393
185
338
446
256
88
216
72
61
71
76
159
86
82
30
59
40
178
99
64
75
204
26
41
226
102
76
108
81
79
108
66
216
192
93
108
108
55
58
70
91
95
104
36
25
26
98
91
109
42
105
83
91
98
81
238
40
33
85
91
123
69
33
238
98
29
24
46
94
30
104
90
108
25
101
86
114
97
37
60
24
91
73
55
81
62
78
98
260
47
96
36
45
25
77
79
73
101
50
48
262
83
25
250
