85
129
476
71
393
85
132
132
129
326
424
114
258
394
56
245
454
136
129
459
85
394
294
97
46
132
88
337
464
97
255
27
37
173
316
338
431
114
398
66
298
400
101
442
476
306
131
91
129
196
45
66
442
115
40
76
406
298
136
165
312
276
393
157
339
337
465
359
447
316
131
304
91
356
186
246
412
104
341
316
142
101
188
456
407
151
118
34
44
238
58
28
61
136
40
28
63
63
42
59
59
41
246
178
261
48
53
38
64
242
43
38
35
32
253
41
259
232
63
31
182
44
73
227
251
28
248
52
29
24
55
256
263
218
65
252
262
41
47
263
34
258
65
82
53
263
261
261
68
194
50
44
43
262
46
71
44
75
26
70
261
32
74
209
62
29
263
37
76
43
57
128
475
70
392
84
131
131
128
325
423
113
257
393
55
244
453
135
130
458
84
393
293
96
45
131
88
337
463
96
254
26
35
172
315
337
430
113
397
65
297
399
100
441
475
306
130
90
129
196
44
65
441
115
39
75
405
297
135
164
311
275
392
156
338
337
464
358
446
315
130
303
90
355
185
245
411
103
340
315
141
100
187
455
407
150
117
33
44
237
57
27
61
136
39
28
62
62
42
58
58
41
245
184
260
47
52
37
63
242
43
37
34
32
252
41
258
238
63
30
181
43
73
227
251
27
248
52
29
24
55
255
262
218
65
251
261
41
46
262
33
257
64
82
53
262
260
260
68
194
49
44
42
262
45
71
44
75
25
69
261
32
74
209
62
28
262
37
75
42
56
