72
370
59
481
268
371
176
370
106
309
367
257
429
371
59
182
168
200
175
347
369
357
412
369
75
371
283
62
323
284
370
186
310
190
286
284
406
284
455
298
387
154
258
370
251
213
477
140
229
193
387
276
174
213
287
313
29
260
373
312
241
430
455
158
187
147
106
288
79
271
430
239
79
47
111
106
182
27
184
65
118
213
130
185
101
94
121
47
52
44
195
56
224
57
54
213
118
75
47
101
56
106
255
115
249
126
71
120
44
149
96
179
76
109
34
245
196
121
120
114
206
200
97
207
127
47
198
223
54
44
106
57
47
83
75
48
68
205
73
263
90
192
46
209
24
370
59
481
268
371
176
370
106
308
366
257
429
370
59
181
168
200
175
347
369
357
412
369
75
371
282
62
323
284
370
186
309
190
286
284
405
284
455
298
387
154
258
370
250
213
476
139
228
192
387
276
174
213
286
313
29
260
372
312
241
430
455
158
187
147
106
287
78
271
430
238
79
46
110
105
181
27
184
64
117
213
129
184
100
93
120
46
52
44
194
55
223
57
53
213
117
74
46
100
55
105
254
114
249
126
70
120
43
149
95
178
75
108
34
244
195
120
119
113
205
199
96
207
126
47
198
223
54
43
105
56
46
82
75
48
67
205
73
262
89
192
45
209
24
