93
453
431
161
310
331
310
310
311
434
310
437
434
338
332
435
434
434
311
340
427
433
396
434
335
307
205
431
368
342
338
327
307
341
485
305
399
432
214
427
427
354
304
432
431
417
327
304
55
184
303
358
485
259
121
426
205
304
406
150
375
331
378
426
463
26
232
250
42
177
158
325
397
163
216
304
453
356
321
272
406
162
361
134
364
303
244
372
254
257
153
229
231
487
180
121
192
81
207
54
67
24
85
34
101
183
166
156
193
48
34
44
262
259
75
196
61
196
136
190
154
201
154
181
168
147
144
72
117
184
133
146
232
246
207
259
111
144
189
262
244
192
191
190
196
60
221
188
204
175
205
121
188
168
144
184
220
181
119
184
170
122
201
112
195
174
182
136
220
190
147
227
263
202
204
186
215
211
180
196
157
193
233
178
196
227
33
453
431
161
310
331
309
310
311
433
309
437
434
338
332
435
434
434
311
340
427
433
395
434
335
306
204
430
368
342
338
327
306
341
485
304
399
432
214
426
426
354
303
432
431
417
326
303
55
184
303
358
484
259
121
426
205
303
405
150
374
331
378
425
463
25
231
250
41
177
158
324
396
162
215
303
453
356
320
272
406
162
360
134
363
302
243
372
253
256
152
228
231
486
180
120
192
81
207
54
67
24
85
33
101
183
165
156
192
47
34
43
261
258
75
195
61
196
136
189
154
201
154
180
167
146
144
72
117
183
132
145
231
246
207
259
111
144
189
262
243
194
190
189
196
60
221
187
204
175
204
120
187
168
144
184
219
180
118
183
169
122
201
111
195
173
181
135
219
190
146
227
262
201
204
186
215
211
179
195
157
192
233
178
195
226
33
