93
217
446
401
451
445
266
203
403
215
401
447
213
221
415
42
290
61
216
205
451
67
39
64
349
341
223
263
430
73
85
97
85
259
378
77
314
98
410
235
73
475
222
224
405
203
220
141
486
330
240
36
84
243
313
264
66
289
329
444
223
364
206
400
221
184
477
56
351
217
391
83
203
259
210
402
201
366
221
264
464
300
475
377
392
242
446
77
294
368
138
57
88
277
160
72
72
60
87
76
59
82
193
41
99
26
76
42
109
31
104
220
76
109
79
93
64
107
26
58
66
34
91
55
106
91
91
82
69
39
91
24
96
109
97
98
125
98
25
112
70
73
33
82
81
40
33
24
106
119
97
46
236
34
97
112
31
48
37
86
115
97
244
79
101
48
37
91
62
102
24
86
48
58
29
74
72
101
107
251
80
87
111
82
87
25
78
217
446
401
451
445
266
203
403
215
401
447
213
221
415
42
290
61
215
205
451
67
39
64
349
341
223
263
430
73
85
97
85
259
378
77
314
98
410
235
73
474
222
224
405
203
220
141
486
330
240
36
84
243
313
264
66
289
329
444
223
364
206
400
221
184
477
56
351
214
391
83
203
259
210
402
201
366
221
264
464
300
475
377
392
242
446
77
294
368
138
57
88
277
159
72
72
60
87
76
59
82
196
41
99
26
76
42
109
31
104
220
76
109
79
92
64
107
26
58
66
34
91
55
105
91
91
82
69
39
90
24
96
109
97
98
125
98
25
112
70
73
33
82
81
40
33
24
106
119
97
46
236
34
97
112
31
48
37
86
115
97
247
79
101
48
37
91
62
102
24
86
48
58
29
74
72
101
107
250
80
87
111
81
87
25
78
