96
452
432
434
310
310
434
331
310
335
437
338
311
434
426
339
310
435
434
434
309
396
166
433
307
205
431
369
335
306
307
478
125
338
431
484
327
305
326
327
396
345
427
427
431
341
303
214
304
204
259
326
304
356
418
426
304
378
476
216
125
226
406
485
184
462
26
321
160
427
324
325
47
250
304
150
304
375
119
139
359
55
406
158
486
253
372
361
212
452
232
110
305
258
436
153
52
180
124
183
54
64
85
207
75
151
101
166
24
24
262
262
42
194
37
48
85
196
187
67
151
190
154
202
196
166
136
184
194
182
113
72
165
120
175
262
178
156
235
246
141
141
244
146
256
178
224
186
205
205
186
204
190
184
196
136
206
187
121
60
190
184
119
226
198
223
148
196
119
170
220
188
176
168
184
213
195
194
202
113
49
190
157
147
158
192
228
221
110
234
210
178
184
451
431
434
310
310
434
330
310
335
436
338
311
434
426
338
310
435
434
434
308
395
165
433
307
204
431
369
334
305
307
477
124
337
430
483
326
305
325
327
395
345
427
426
430
341
303
213
303
203
259
325
304
355
417
425
304
377
476
215
125
225
406
484
184
461
25
320
160
426
324
324
46
249
304
150
304
375
118
139
359
54
406
158
485
252
372
360
211
451
231
110
305
258
435
153
51
179
124
183
54
64
84
206
74
150
101
166
24
24
261
262
42
193
37
48
84
195
186
67
151
189
154
201
196
165
136
183
193
181
113
72
164
119
175
262
177
156
235
245
141
140
244
146
256
177
224
185
205
204
185
203
189
183
196
136
206
186
120
60
189
183
119
225
198
223
147
195
119
170
219
187
175
168
183
213
194
194
201
113
49
190
157
146
157
191
228
220
109
234
209
177
184
