88
453
432
434
338
310
310
310
434
339
311
437
310
335
434
427
434
434
435
331
433
307
433
396
335
431
368
306
307
478
431
485
327
305
345
397
338
326
432
341
427
214
354
327
431
304
418
303
475
304
485
304
406
426
325
324
378
216
426
121
26
375
304
463
272
226
321
250
406
361
153
304
41
54
158
372
191
305
253
453
361
364
436
42
485
133
134
250
397
180
123
183
166
70
54
81
85
262
24
101
43
151
24
259
48
37
193
207
75
148
64
198
196
154
201
166
136
184
113
72
165
120
156
181
181
178
133
140
243
146
207
262
144
205
186
244
199
259
60
190
121
204
195
148
184
136
217
188
119
168
176
181
263
190
227
170
202
190
178
223
122
192
113
157
181
110
190
192
147
211
210
176
49
215
178
132
171
452
432
434
337
309
310
309
434
338
311
437
310
335
434
426
434
434
435
331
433
307
433
396
335
431
368
306
307
477
431
484
327
305
345
397
337
326
432
341
427
213
353
327
431
304
418
303
474
304
485
303
405
425
324
324
378
215
425
120
26
374
303
462
271
226
320
249
406
360
150
304
40
54
157
371
187
305
252
452
361
364
436
42
485
122
134
249
397
179
123
183
165
69
54
80
85
262
24
101
43
150
24
259
48
37
192
206
75
147
64
197
196
154
200
166
136
184
113
71
164
119
155
181
181
178
133
139
251
145
207
262
144
205
185
244
199
259
60
189
121
203
195
147
183
136
216
188
119
168
176
180
262
195
226
169
201
190
178
223
122
191
113
156
183
110
190
192
146
210
210
176
49
200
175
131
171
