97
401
451
216
446
445
403
203
414
216
446
266
216
293
221
451
42
216
64
216
213
69
216
401
223
447
97
444
67
349
263
204
141
37
85
313
84
219
430
73
98
405
234
36
240
378
59
85
77
258
203
341
475
224
486
313
221
222
264
364
399
216
329
206
223
478
329
221
66
243
293
158
210
82
391
476
293
201
403
351
56
217
365
258
464
277
264
383
193
57
377
390
203
393
138
233
135
77
72
60
160
72
87
82
59
42
178
251
76
205
28
76
107
109
191
64
226
26
103
215
41
58
97
109
239
79
107
66
76
70
85
55
39
40
109
34
91
91
101
96
97
82
82
104
91
69
91
25
26
98
124
73
24
48
98
106
97
31
238
33
112
34
86
46
86
119
33
38
91
91
104
80
73
90
101
62
97
115
256
24
37
58
79
48
105
52
87
72
90
48
101
82
39
101
81
400
451
216
446
445
402
202
414
216
445
266
216
293
221
451
41
216
64
216
212
69
216
401
222
446
97
444
67
348
263
204
141
37
85
313
83
218
430
72
98
404
234
35
240
378
59
85
77
258
202
340
475
223
486
313
220
221
263
364
398
216
328
205
222
478
329
221
66
242
292
157
209
82
390
476
293
200
403
350
55
217
364
257
464
277
264
382
193
57
377
390
203
392
138
232
135
76
72
60
160
71
87
82
58
41
178
251
76
205
28
75
107
108
191
64
226
25
103
215
40
57
96
108
239
78
107
66
75
69
84
55
38
39
108
34
91
91
101
96
96
81
81
104
91
69
91
25
26
97
124
73
24
48
98
105
97
31
238
32
112
33
85
45
85
118
33
37
90
90
104
79
73
90
101
61
97
114
256
24
36
58
78
48
104
52
87
71
89
48
101
81
38
101
80
