75
453
434
432
338
161
310
310
310
437
434
339
434
435
434
434
433
335
427
431
327
307
307
485
338
345
305
214
477
431
397
354
417
431
427
304
205
341
178
328
304
304
231
463
485
258
426
406
476
150
205
325
121
216
358
321
26
250
53
158
153
232
41
211
134
305
134
253
436
453
361
212
164
364
29
487
180
183
124
166
192
70
54
84
101
85
262
24
193
48
37
75
205
259
154
162
136
147
72
181
156
120
146
184
113
181
207
186
141
232
205
187
141
199
263
256
244
227
181
60
230
204
121
199
188
175
203
188
136
196
227
119
170
192
113
178
184
122
203
178
110
215
190
210
192
186
158
182
211
196
49
452
433
431
337
160
310
310
310
436
434
338
434
435
433
434
432
334
427
430
327
306
306
484
338
345
305
214
476
430
396
353
417
431
427
303
204
340
177
327
303
303
231
463
484
258
426
405
475
149
204
325
120
216
358
321
26
250
53
157
153
232
40
211
133
304
133
253
436
453
360
211
163
363
28
486
179
182
124
165
191
69
53
84
100
85
262
24
192
47
36
75
205
258
154
161
135
147
72
180
156
120
145
183
112
181
206
185
141
231
205
186
140
199
262
255
243
226
180
59
230
204
121
198
187
174
203
188
136
195
226
118
169
192
113
178
183
121
202
177
109
215
189
210
192
188
157
182
210
195
49
