75
393
476
86
258
114
325
132
129
425
132
454
76
89
132
394
337
56
27
245
70
48
432
463
100
59
101
66
317
136
299
97
459
441
256
174
380
114
398
66
306
339
299
403
104
131
394
93
196
164
443
192
487
337
111
412
130
476
317
341
466
86
393
298
478
407
78
157
136
188
444
420
455
357
132
142
238
34
55
63
61
42
28
140
28
61
43
41
41
42
42
35
59
260
59
52
239
44
33
256
45
52
62
32
246
40
64
261
28
41
63
242
71
228
262
55
185
29
247
74
256
53
76
65
54
41
75
70
50
50
34
215
24
62
209
44
66
261
65
252
258
25
68
81
37
263
63
73
37
71
29
393
476
86
258
113
324
131
128
424
131
453
76
89
132
394
337
56
27
244
70
48
432
463
99
59
101
65
317
136
298
96
458
441
256
174
380
113
398
65
306
338
299
403
104
130
394
92
195
164
443
192
486
337
110
412
130
476
316
340
465
85
393
297
478
407
78
157
136
188
444
420
454
356
131
141
237
34
55
63
61
41
27
122
28
60
42
41
41
42
41
34
59
260
59
52
238
44
33
253
45
52
62
32
246
39
63
261
27
41
63
241
71
228
261
54
184
28
246
73
255
53
76
65
54
40
74
70
49
50
34
214
24
62
208
43
66
260
65
251
257
24
68
81
37
262
62
72
37
71
28
