86
370
59
368
107
370
268
481
257
289
176
370
194
289
412
368
59
337
154
371
186
357
347
323
429
168
370
184
369
295
76
368
61
134
368
257
190
327
285
395
324
338
287
283
284
174
455
313
284
284
213
406
286
46
373
285
29
285
387
477
160
139
287
174
286
387
257
158
213
276
193
284
237
356
455
171
241
229
243
284
430
105
278
471
452
126
79
46
111
141
117
27
182
106
186
26
184
65
45
38
54
119
121
86
109
94
115
57
56
55
101
53
75
47
257
178
118
195
101
172
185
34
126
89
74
142
215
254
216
48
106
195
94
57
149
117
121
44
255
39
106
167
54
87
97
120
141
114
231
127
198
76
50
49
47
207
200
129
226
98
75
147
47
197
177
64
83
73
179
253
193
120
90
369
58
367
106
369
268
480
257
288
176
370
193
288
412
367
58
336
153
370
185
357
347
322
428
167
369
183
368
294
75
368
60
133
368
256
189
327
284
394
323
337
286
282
284
173
454
313
283
283
212
405
285
45
372
284
28
285
386
476
159
138
287
173
285
386
256
157
212
275
192
283
236
355
454
171
241
229
243
283
429
104
278
470
451
125
79
46
111
140
117
26
182
105
185
25
183
64
45
37
53
119
120
85
108
94
114
56
55
55
101
53
74
46
257
178
118
194
100
171
175
34
126
89
74
141
215
254
216
48
106
195
94
56
149
116
120
43
254
38
105
167
53
86
97
119
141
114
230
127
197
76
49
49
47
206
200
129
225
98
75
147
46
196
177
64
83
73
179
252
192
120
89
