100
393
129
476
109
129
71
129
132
132
258
86
424
130
454
326
129
85
394
62
459
337
140
34
27
55
245
300
401
99
130
105
316
48
463
255
432
72
398
305
130
135
174
40
394
41
130
101
441
50
339
46
345
97
306
337
60
142
131
193
443
28
115
196
130
69
94
131
412
130
276
300
393
321
136
74
312
487
157
72
444
407
359
382
164
465
86
313
316
356
341
189
115
380
455
132
340
93
385
132
478
238
118
33
61
157
44
136
28
61
63
55
28
175
42
40
147
40
42
64
261
35
51
245
259
49
59
40
248
256
187
73
31
239
32
41
44
55
227
24
205
248
63
229
53
263
48
51
28
224
185
250
226
63
55
50
263
29
236
75
41
24
47
65
259
253
244
226
34
215
261
68
261
53
82
31
263
70
66
65
263
258
43
250
54
44
66
252
63
26
209
37
71
240
73
38
197
76
29
71
254
392
129
476
109
129
71
129
132
132
258
86
424
130
454
326
128
85
394
62
459
337
140
33
26
55
245
300
401
98
130
105
315
48
463
255
432
72
397
304
129
135
174
39
394
41
130
101
441
49
339
46
344
97
306
337
59
142
131
193
443
28
115
196
130
68
93
131
412
130
276
300
392
321
136
74
312
487
157
72
444
407
359
381
164
465
86
312
316
356
340
189
115
379
455
132
339
93
385
132
477
237
118
33
61
157
44
135
28
61
63
55
28
174
42
40
146
40
42
64
260
35
51
245
259
49
59
40
248
256
187
73
31
239
32
41
44
55
226
24
204
248
63
229
53
262
48
51
28
224
185
250
226
63
55
50
262
29
236
75
41
24
47
65
259
253
243
226
34
214
261
68
260
53
82
31
263
70
66
65
262
257
43
250
54
44
66
251
63
26
208
37
71
240
73
38
196
76
29
71
253
