90
393
129
476
76
129
89
258
85
114
131
458
424
325
132
458
56
431
69
27
317
136
336
34
140
129
98
245
114
66
46
101
66
97
300
394
55
453
476
173
466
400
441
129
255
337
67
141
306
399
446
399
38
130
298
111
338
196
48
130
99
394
27
92
73
131
276
157
165
316
194
305
407
448
131
341
298
379
184
131
151
375
94
256
393
46
357
487
322
300
381
238
118
34
41
172
43
63
58
61
30
41
28
42
61
259
59
44
52
260
32
246
35
245
51
184
253
59
73
249
242
52
62
64
40
42
49
247
24
63
31
248
28
199
40
49
260
27
55
228
261
215
232
211
28
50
188
65
224
259
263
53
24
76
31
41
261
66
53
62
75
138
258
46
232
209
65
240
75
71
56
205
241
51
258
252
42
53
52
162
250
392
129
475
76
129
89
257
85
113
130
457
423
325
131
457
56
430
69
26
316
135
335
33
139
129
98
244
113
65
46
101
65
97
300
393
54
452
475
173
465
400
441
129
254
337
67
140
306
399
446
399
37
130
298
111
338
196
48
130
98
394
27
91
73
130
275
156
165
316
194
305
407
447
131
341
298
378
184
130
151
375
94
255
393
46
356
486
321
300
380
238
118
34
41
171
42
63
57
60
29
40
28
41
61
259
58
43
51
260
32
246
35
244
50
183
252
58
73
249
242
51
61
63
39
41
48
247
24
63
31
247
27
198
39
48
260
27
54
228
261
214
232
211
27
49
187
64
224
259
262
53
24
75
31
40
261
65
53
61
74
137
257
46
231
208
65
239
75
71
55
204
240
50
258
252
42
53
51
161
249
