94
453
432
434
338
310
310
310
434
339
311
437
310
335
434
427
434
435
434
433
335
307
433
396
205
431
179
368
166
307
306
478
336
485
431
327
305
345
326
397
432
338
427
427
341
214
354
327
304
431
418
259
326
303
325
426
475
378
485
178
406
304
303
216
324
375
226
26
426
463
304
272
54
406
250
361
321
304
41
154
158
372
232
152
305
452
253
364
361
42
436
485
189
111
487
180
123
183
166
54
70
81
85
262
24
101
43
151
24
259
48
193
37
75
205
151
64
198
190
154
190
201
187
136
166
184
193
72
113
165
120
156
175
181
133
181
246
235
140
146
207
262
205
144
186
224
186
244
205
204
199
184
60
200
121
190
259
136
148
168
190
119
220
181
176
263
192
202
170
190
227
220
122
200
113
157
227
179
110
192
190
211
147
176
210
49
184
238
34
452
432
434
338
309
310
310
433
339
311
437
310
335
434
426
434
435
434
433
335
307
433
396
205
431
178
367
165
306
305
477
335
485
430
326
305
345
325
397
432
337
426
427
341
213
353
327
304
431
417
258
325
303
324
426
475
378
485
166
406
304
302
215
324
374
225
26
426
462
303
272
54
406
250
360
321
303
41
153
157
371
232
152
305
451
253
364
361
42
436
485
188
88
487
179
122
183
165
54
69
80
85
262
24
100
43
150
24
258
48
192
37
75
204
151
64
197
190
154
190
200
187
135
166
183
192
72
112
165
119
156
174
180
133
180
246
235
140
145
206
262
205
144
186
224
186
244
204
204
199
183
60
196
121
190
258
136
148
167
189
119
219
180
176
262
191
201
170
189
227
220
121
199
113
157
226
178
110
191
190
210
147
175
209
49
183
234
34
