90
393
129
129
475
114
85
131
75
129
325
458
458
258
89
132
424
431
57
66
336
98
140
70
99
27
462
141
394
33
114
315
129
41
59
136
46
298
441
129
101
338
67
245
399
255
66
38
173
300
447
99
337
345
50
131
130
379
189
130
306
131
157
448
165
298
130
111
316
322
183
224
131
312
193
341
487
89
333
45
246
344
255
94
188
357
457
392
356
151
394
238
117
172
32
61
58
30
40
136
42
259
43
63
43
61
28
44
62
251
35
67
51
52
253
259
33
27
45
245
73
34
184
263
45
246
242
28
28
199
52
185
62
59
215
41
262
232
63
40
261
263
49
226
224
41
211
240
61
226
55
256
66
46
53
65
236
50
62
52
76
82
71
263
75
209
70
251
121
252
261
238
51
241
37
43
249
28
25
56
55
392
129
129
474
114
84
131
74
129
324
458
458
257
89
132
423
431
56
66
335
98
140
69
99
27
462
141
394
33
114
315
128
41
59
136
46
298
440
129
101
337
66
245
399
255
65
38
172
299
447
99
336
344
50
130
130
379
189
130
305
131
157
447
164
298
130
111
316
321
182
224
131
312
193
340
486
89
334
45
246
344
255
94
188
356
456
392
355
150
393
238
117
171
31
61
57
30
40
135
41
258
42
62
43
61
28
44
61
250
35
67
51
52
253
259
33
27
45
245
73
33
183
262
44
246
242
28
27
198
52
184
61
59
214
41
262
232
63
39
261
262
49
226
223
41
211
239
61
225
54
256
65
45
53
64
236
50
61
51
76
81
71
262
75
208
70
250
120
251
260
237
51
240
36
42
248
28
25
56
54
