79
371
108
481
59
371
268
368
168
412
176
183
370
154
258
186
338
289
59
371
62
430
371
195
284
76
353
370
176
323
283
395
388
370
288
322
286
370
140
287
338
285
313
373
260
190
134
288
29
455
343
160
406
286
213
387
174
477
259
372
333
47
480
278
276
229
356
442
169
430
73
455
193
126
212
213
271
172
241
453
46
117
108
111
27
182
126
52
54
184
47
65
109
185
114
86
38
121
94
101
100
75
46
106
118
57
257
198
86
48
142
97
231
216
55
66
246
114
255
251
117
223
106
44
126
172
231
55
94
53
141
44
95
50
76
127
120
33
116
59
39
98
176
207
206
101
149
115
47
189
75
200
120
40
121
192
147
48
193
370
107
480
58
370
267
367
168
412
176
182
369
153
257
185
337
288
58
370
61
429
370
194
283
76
352
369
175
322
282
394
387
369
288
321
286
369
139
287
336
284
312
372
259
190
134
287
28
454
343
159
405
285
212
386
174
477
258
371
332
47
479
278
275
228
356
441
169
429
72
454
192
125
211
213
270
172
240
452
45
116
107
111
26
181
125
51
53
184
47
64
109
184
114
85
37
120
93
100
99
74
46
106
117
56
257
197
86
47
141
96
230
219
55
66
246
113
255
248
116
223
105
44
126
171
230
54
94
52
140
43
94
49
76
127
120
33
115
59
39
97
176
206
206
101
148
115
47
189
74
200
120
39
120
192
146
47
193
