98
216
446
451
401
445
266
216
203
216
403
447
290
216
415
221
216
213
216
401
64
70
451
447
67
205
60
223
39
34
349
263
341
430
73
444
85
97
314
259
85
98
235
77
405
222
486
224
410
219
378
203
475
141
313
36
216
240
84
47
243
206
331
223
82
58
221
400
478
184
289
391
351
364
259
265
329
158
133
221
203
217
402
293
210
300
264
392
464
201
216
77
138
57
348
475
88
233
277
160
72
60
72
87
76
178
59
202
82
99
31
226
42
76
190
26
212
41
64
102
109
260
79
76
104
58
93
104
107
66
26
34
91
239
91
106
39
91
55
91
96
69
98
98
73
124
24
109
82
25
97
70
24
81
238
82
40
107
33
112
32
34
104
114
48
31
86
37
97
79
97
97
37
106
46
91
101
86
48
260
62
87
91
29
48
101
58
101
250
80
82
87
222
74
25
39
79
216
445
451
400
444
266
216
203
216
403
447
290
215
415
220
216
213
216
401
64
69
450
447
66
205
59
222
39
33
349
262
341
430
72
443
85
97
314
259
85
98
235
77
404
222
486
224
410
218
377
202
474
141
313
36
215
240
84
47
243
206
331
223
82
58
220
400
478
183
288
391
351
364
259
265
329
158
133
220
202
216
402
292
209
300
263
391
464
200
216
77
138
56
350
475
88
232
277
160
71
60
72
86
76
178
58
201
82
98
30
226
42
75
189
25
211
41
64
102
108
260
79
76
104
57
93
104
106
65
26
34
90
239
91
106
39
91
55
91
96
69
97
97
73
124
24
109
81
25
97
69
24
81
238
82
40
107
33
111
32
33
104
114
47
31
85
36
96
78
96
97
36
106
46
91
100
86
47
259
62
86
90
29
47
101
58
101
250
80
81
86
222
73
25
39
79
