90
452
432
434
161
310
310
310
339
310
437
310
434
434
335
434
332
434
435
338
433
307
396
369
427
433
307
306
431
342
478
431
485
341
326
338
397
124
305
431
427
307
326
354
214
129
427
463
178
325
304
204
378
359
304
417
426
232
485
139
475
303
259
303
406
250
42
216
356
331
375
26
258
304
55
406
303
110
272
436
372
453
150
232
164
348
397
228
158
188
487
180
124
183
191
67
54
78
262
43
101
27
85
24
205
37
156
48
194
166
75
148
196
202
259
59
136
166
154
154
184
113
72
143
171
181
181
194
120
141
235
88
181
209
146
223
246
181
190
205
256
178
184
198
205
189
204
184
58
214
199
244
219
190
121
170
122
136
147
144
169
119
230
223
192
202
180
241
263
210
157
192
189
227
181
169
171
196
113
184
34
451
431
433
161
309
309
310
338
310
437
310
434
434
335
434
332
434
434
338
433
307
395
368
426
433
307
305
430
342
477
431
485
341
326
338
396
123
305
430
426
307
325
353
214
128
427
463
177
324
304
203
377
358
304
416
425
232
485
139
474
303
259
302
405
250
41
216
356
330
375
26
257
304
54
405
302
109
271
436
371
452
149
232
164
348
396
228
157
188
487
179
123
182
191
66
53
78
262
42
100
27
84
24
205
37
155
48
194
165
75
147
196
201
258
59
135
165
153
153
184
112
72
143
170
180
181
194
119
140
235
87
180
208
146
222
245
180
190
204
256
178
183
197
204
189
203
183
58
214
198
244
218
189
121
170
122
136
147
144
169
118
235
228
191
202
179
244
262
209
157
192
189
227
181
168
170
195
113
184
34
