98
452
432
434
310
310
338
310
434
437
309
339
434
311
435
310
335
434
434
433
427
396
335
307
205
434
307
166
369
431
306
338
431
336
478
345
122
484
305
326
399
427
304
327
427
431
327
326
341
354
476
213
378
326
304
462
304
485
304
204
259
184
125
77
426
325
406
324
417
226
26
359
216
426
153
360
250
139
231
72
397
47
406
304
321
453
54
272
178
150
304
375
372
305
356
436
158
396
250
180
124
183
54
64
166
75
85
101
85
262
24
24
193
43
151
37
48
73
259
196
205
151
190
61
136
187
202
154
166
182
113
193
184
156
190
72
120
171
184
235
256
161
246
141
262
183
141
209
196
152
184
193
244
180
205
61
190
178
224
191
210
247
204
204
121
148
186
190
119
198
136
220
178
188
170
214
227
233
174
119
202
176
226
192
192
263
201
189
226
168
157
110
147
210
112
163
132
452
432
434
310
310
337
309
434
437
309
339
433
311
434
310
334
433
434
433
427
395
335
307
204
434
307
165
368
431
306
337
431
336
477
344
121
484
304
326
399
426
303
327
427
431
327
325
340
353
475
213
378
325
303
461
303
485
304
203
259
183
124
76
426
325
405
324
417
226
25
358
216
426
152
359
249
138
231
72
397
46
406
304
320
453
54
272
178
149
303
375
371
304
356
436
158
396
250
179
124
183
54
64
165
75
85
101
85
262
24
24
192
43
150
37
48
73
259
195
205
151
190
61
136
187
201
154
166
182
113
193
184
155
190
71
119
170
184
234
256
160
246
141
262
183
140
208
195
152
183
193
244
179
204
61
190
178
223
191
209
246
203
204
121
148
185
190
118
198
136
219
178
188
170
214
227
233
174
119
201
176
225
191
191
262
200
189
225
167
156
109
146
210
112
163
132
