87
129
129
131
85
393
75
258
475
114
129
458
129
89
129
437
325
132
65
424
57
431
97
336
394
70
27
99
55
463
114
139
33
46
459
129
41
136
315
129
441
298
101
67
141
173
245
255
66
337
300
46
438
38
398
27
276
131
130
379
130
189
306
165
111
338
130
157
283
75
448
316
298
193
45
224
89
344
394
183
131
319
151
188
93
255
59
357
117
172
28
58
239
41
63
33
62
136
42
160
43
148
262
42
61
251
28
62
44
67
35
45
52
259
253
52
32
73
51
245
242
261
184
262
246
34
199
28
28
53
62
27
63
59
40
262
49
40
221
252
232
228
24
261
41
256
239
226
61
55
53
50
188
236
66
135
31
46
62
65
75
252
82
251
238
34
76
71
52
56
37
241
51
42
43
128
129
130
85
392
75
257
475
114
128
457
129
89
129
437
325
132
65
423
57
430
97
336
393
69
27
98
54
463
113
139
33
46
459
129
41
135
315
129
440
298
101
66
140
173
245
255
66
336
300
46
438
38
398
27
275
130
129
379
129
189
306
165
111
338
130
156
287
75
447
316
298
193
45
223
88
344
393
182
130
319
150
187
92
255
58
356
117
171
27
58
238
40
62
32
62
136
42
159
43
147
261
42
60
250
28
62
44
66
35
45
51
259
253
52
32
72
50
244
241
261
183
262
245
34
198
28
27
53
62
26
62
59
40
262
49
40
221
248
231
231
24
261
41
255
239
225
61
54
53
50
187
235
65
132
30
45
62
65
74
252
82
250
237
33
75
70
52
55
37
240
50
42
42
