81
370
368
367
370
106
59
176
289
306
370
257
481
367
274
59
357
200
434
288
370
186
213
269
371
347
61
412
319
369
237
164
75
369
337
367
182
298
325
285
370
153
287
478
386
191
454
247
407
332
227
282
286
388
313
46
478
282
455
284
167
173
212
356
104
258
354
79
257
455
373
244
235
31
132
242
187
174
257
134
43
117
47
141
129
27
118
111
184
26
216
65
187
106
119
174
121
56
47
98
38
93
116
118
184
75
56
101
54
84
231
220
141
118
216
85
155
47
180
56
68
257
112
255
96
77
128
88
193
43
233
197
48
198
102
56
39
117
120
76
108
53
194
42
120
73
40
92
88
50
98
106
128
210
53
172
177
67
127
25
112
117
120
369
367
366
369
105
58
176
288
305
369
256
480
366
273
58
356
199
433
287
370
186
212
268
370
346
60
411
318
368
236
163
74
368
337
366
181
297
325
284
369
152
286
477
385
191
453
246
406
331
227
281
285
387
312
45
477
281
454
283
167
172
212
355
104
257
354
78
256
454
372
243
234
31
132
242
187
173
256
133
42
117
47
140
128
27
118
111
184
25
215
64
186
105
118
174
121
55
46
98
37
92
115
118
183
74
55
100
54
84
227
219
140
117
222
84
154
47
179
56
68
257
111
254
96
77
127
87
192
42
233
196
47
197
102
55
38
116
119
75
107
52
193
41
120
73
40
91
87
50
98
105
128
209
52
171
177
67
126
24
111
116
119
