86
446
451
207
266
401
217
404
451
445
221
293
415
401
64
70
447
67
42
205
222
60
36
350
73
235
97
486
263
39
84
141
219
98
313
478
259
430
406
341
85
222
406
240
378
77
314
220
475
84
444
243
66
158
216
220
364
223
210
351
329
201
259
222
331
203
396
135
83
264
393
286
138
403
57
193
202
292
377
56
264
447
390
181
464
233
446
72
60
56
76
72
159
82
107
87
76
29
42
41
64
102
97
79
109
76
58
104
81
107
91
96
106
73
66
94
55
70
109
91
42
86
91
34
28
26
91
98
98
82
82
69
24
123
98
40
236
33
119
91
260
46
97
34
91
97
46
102
37
86
32
46
30
101
104
106
101
94
82
62
87
52
25
39
72
115
48
263
80
34
58
39
251
446
451
207
266
400
216
403
451
445
221
293
414
400
63
69
447
67
41
204
222
59
35
349
72
234
96
486
262
38
84
141
219
98
312
477
259
429
406
340
84
222
406
239
377
76
314
220
474
83
443
242
65
157
216
220
363
223
209
350
328
201
258
222
330
203
396
134
83
263
393
285
138
403
56
193
201
292
376
55
263
446
389
181
464
233
445
72
59
56
76
72
159
81
107
86
75
29
41
41
64
102
96
78
108
75
57
103
81
107
91
96
105
73
65
93
54
69
109
91
41
86
90
34
27
26
91
98
98
82
82
69
24
123
98
40
235
32
118
91
259
46
96
34
90
96
45
101
37
86
32
46
29
100
103
106
101
93
81
61
87
51
24
39
71
115
47
262
80
34
57
38
250
