94
452
432
434
309
310
310
310
338
433
434
339
311
435
310
437
335
434
434
311
335
434
396
427
205
433
307
166
369
307
431
338
485
431
345
478
336
305
327
431
121
427
399
326
427
462
304
354
214
341
476
304
327
326
259
417
378
304
204
304
485
139
426
324
325
184
272
216
226
426
406
232
359
360
250
54
150
125
406
361
453
47
397
26
304
375
158
372
178
436
348
487
253
305
321
180
123
183
85
54
64
75
166
86
24
262
24
193
34
101
151
37
48
44
205
70
196
259
190
60
148
187
202
136
154
181
72
113
156
184
193
120
165
138
190
235
184
178
246
180
259
209
146
140
196
205
262
193
224
186
183
244
178
190
60
214
204
148
204
191
263
136
190
223
121
227
198
188
170
192
187
210
202
147
192
119
174
119
223
168
112
157
201
210
169
34
190
110
226
451
431
434
308
310
310
309
337
432
434
338
311
435
310
436
335
434
434
311
334
434
395
427
204
433
307
165
369
306
431
337
485
430
345
478
336
305
327
431
121
427
398
325
427
461
304
354
213
340
476
304
327
325
258
417
378
303
204
303
485
139
425
323
324
183
271
215
225
426
405
232
359
360
250
53
149
124
406
361
452
46
397
26
303
374
157
372
177
436
348
487
253
304
320
180
123
183
85
54
64
75
165
86
24
262
24
192
34
101
151
37
48
44
205
70
195
258
190
60
148
187
201
135
154
180
72
112
156
183
192
120
165
137
190
234
184
177
245
179
259
209
146
140
196
205
262
192
223
186
182
243
178
190
60
214
203
148
204
191
262
136
190
222
121
227
197
187
170
192
187
210
201
147
191
119
174
118
222
168
112
157
201
210
168
34
190
110
225
