87
448
219
210
403
218
68
215
415
39
291
218
67
452
219
447
218
63
223
204
268
352
454
225
262
85
266
88
227
242
405
408
413
76
477
314
432
38
480
222
49
99
87
85
301
67
466
224
237
223
400
380
73
268
205
225
222
366
295
404
86
487
245
219
331
205
353
158
331
344
258
262
280
244
391
477
295
198
178
368
211
244
39
416
379
384
341
415
72
159
59
72
175
79
26
42
94
31
205
64
61
226
87
187
104
77
76
76
107
106
58
94
76
66
55
102
86
82
98
24
91
98
42
37
107
86
112
110
109
37
103
29
119
58
87
96
123
36
82
102
106
24
34
46
97
96
62
91
73
25
259
33
105
97
88
46
27
83
42
79
36
80
74
41
52
25
111
91
107
84
78
72
36
49
88
447
218
209
402
218
67
214
415
38
291
217
66
451
220
446
218
62
222
203
267
351
453
225
261
84
265
87
226
241
404
407
412
75
477
313
431
37
480
221
48
98
87
84
301
66
465
223
236
222
400
379
72
267
204
225
222
365
294
403
85
486
245
218
330
204
352
157
330
343
257
261
279
244
390
476
295
197
177
367
210
243
38
416
378
384
340
414
71
159
59
71
175
79
25
41
93
30
205
64
60
235
86
193
103
77
76
75
106
105
58
93
76
65
55
101
86
81
98
24
91
98
41
36
106
85
112
109
109
37
102
28
119
57
87
95
122
36
82
101
105
24
34
46
96
95
61
91
73
25
259
33
104
96
87
45
26
82
41
79
36
79
74
40
52
24
111
91
107
83
77
71
36
48
88
