89
452
434
432
162
338
310
310
434
310
311
437
335
339
434
434
435
434
427
335
307
433
433
397
306
431
307
368
336
478
327
485
305
431
338
214
397
326
427
432
345
341
354
417
304
205
462
304
378
178
475
150
372
485
426
325
406
321
426
272
216
324
121
258
26
304
250
304
41
232
361
54
356
158
153
305
407
134
134
364
372
304
162
453
211
42
436
485
397
29
181
183
124
191
166
54
70
85
84
24
101
151
262
24
37
193
48
259
205
148
70
60
198
166
154
136
201
193
184
162
72
120
113
181
146
181
175
243
135
156
141
207
186
256
178
180
244
184
199
199
188
168
60
204
205
121
227
217
263
136
148
188
230
119
176
170
217
122
184
190
193
148
113
178
110
199
178
215
211
157
228
203
192
203
176
210
49
171
196
452
433
431
162
338
309
310
434
310
311
436
334
338
434
434
434
434
427
334
307
433
433
396
306
430
307
368
336
477
327
484
305
430
337
214
397
325
426
431
345
340
353
416
303
204
462
304
377
177
475
149
372
484
425
324
405
320
425
271
216
323
120
257
25
304
250
304
40
232
360
54
356
157
152
305
406
133
133
364
371
304
162
452
211
42
435
485
397
29
180
182
123
191
166
54
70
84
84
24
101
151
262
24
37
192
48
258
205
148
69
60
198
166
153
136
201
192
184
162
72
120
112
181
145
181
174
243
134
156
140
207
186
255
180
179
244
183
198
199
187
168
60
204
205
121
226
217
262
136
148
187
230
118
175
169
217
122
184
189
192
147
112
178
109
199
178
215
210
157
228
202
191
202
176
210
49
171
195
