96
453
432
161
427
310
310
434
310
310
437
338
339
310
332
434
427
434
331
434
307
434
434
335
205
307
306
431
399
342
431
338
433
326
369
434
485
214
477
359
305
341
432
326
354
304
327
378
304
431
304
259
121
205
184
485
304
406
150
406
325
26
331
232
46
216
304
375
361
164
55
250
162
304
397
158
134
321
177
272
372
427
253
232
270
361
463
227
257
44
487
261
244
212
487
354
396
180
123
192
259
81
67
85
54
30
101
166
262
43
156
24
249
48
207
34
154
70
58
196
190
136
166
113
184
154
154
181
184
171
202
197
72
146
184
196
117
144
133
181
207
244
262
184
259
144
190
221
188
175
191
61
205
202
188
121
195
119
144
184
119
136
176
169
147
182
193
170
203
223
174
113
215
226
201
263
157
207
190
227
222
186
183
196
233
101
46
209
238
158
33
220
160
452
431
161
427
310
310
434
310
310
436
338
338
310
332
434
426
434
331
434
307
434
434
335
205
307
306
430
399
342
430
338
433
326
369
434
485
214
476
358
305
341
431
326
353
304
326
377
304
430
304
259
121
205
184
485
304
406
150
406
325
26
331
232
46
216
304
374
360
164
55
250
162
304
397
158
134
321
177
272
371
427
253
232
270
360
463
227
257
44
487
261
244
212
487
353
395
179
123
192
258
81
67
84
54
30
101
166
261
43
156
24
243
48
207
34
154
69
58
196
190
136
166
113
184
154
153
181
183
171
202
196
71
146
184
196
117
144
132
181
207
244
261
183
258
143
190
221
188
175
191
61
205
202
188
120
195
119
144
184
119
136
176
168
146
182
193
170
203
223
173
113
215
226
201
263
156
204
190
227
222
185
183
196
233
101
46
209
238
158
33
220
159
