91
453
431
161
310
331
310
310
311
434
310
437
434
332
338
434
435
434
434
311
340
427
433
396
434
335
307
205
431
368
478
338
214
341
485
305
399
432
427
354
304
432
431
417
304
327
184
358
303
485
259
121
304
426
205
406
465
375
331
150
378
426
26
178
232
42
250
158
325
216
163
397
321
304
356
406
453
272
162
134
364
361
244
257
372
254
487
229
134
396
231
153
180
121
192
81
207
54
67
24
85
34
101
183
156
166
48
193
24
34
44
262
259
75
196
61
196
136
190
154
201
184
181
146
144
72
117
184
133
246
207
259
111
144
189
244
262
191
196
190
60
221
188
205
204
175
121
184
168
144
188
184
220
119
201
184
122
170
112
195
135
182
174
227
220
147
202
190
263
204
215
211
186
196
233
157
193
46
196
178
160
227
178
453
430
160
309
331
309
309
310
434
309
436
434
332
337
434
435
434
434
311
339
426
433
395
434
335
307
204
430
368
478
338
214
341
485
305
398
431
426
353
304
431
430
417
304
327
184
358
302
485
258
120
304
426
204
406
464
374
331
149
377
425
26
178
232
42
249
158
325
216
162
396
321
304
356
405
453
271
161
134
363
360
244
257
371
254
486
229
133
396
231
152
179
121
192
80
207
53
66
24
84
34
101
183
156
165
48
192
24
34
44
262
259
74
195
60
196
136
190
153
200
183
180
146
144
72
116
183
132
245
207
258
110
143
189
244
262
190
195
189
59
221
187
205
203
174
121
184
167
143
187
184
220
119
201
183
121
170
112
195
134
181
173
227
220
147
202
189
262
204
215
211
185
196
232
156
192
45
195
178
160
227
178
