78
452
432
161
434
309
310
310
310
310
435
310
434
332
331
434
437
338
434
433
433
427
340
433
307
396
485
342
307
431
431
368
477
341
326
338
394
432
305
427
378
304
427
354
462
431
213
475
485
426
426
417
178
304
406
375
216
331
262
26
303
134
120
397
356
150
55
436
161
453
44
406
158
164
193
44
364
244
153
180
123
192
183
85
54
75
64
43
194
30
85
156
207
24
101
166
43
64
75
259
262
54
154
196
72
154
136
113
154
202
184
142
175
181
183
133
123
232
183
113
243
207
180
144
152
196
58
217
204
189
190
244
121
169
137
144
212
119
180
215
188
172
147
188
194
208
203
190
119
202
113
182
200
101
212
239
178
452
432
161
433
308
310
309
310
310
434
310
433
332
331
434
437
337
434
433
433
427
340
433
306
395
485
342
307
430
430
368
476
341
325
337
393
432
305
427
378
303
427
354
462
431
213
475
485
426
426
416
178
303
406
374
216
330
262
25
302
134
120
397
355
150
54
435
160
452
44
406
158
164
192
44
364
243
153
180
122
192
182
85
54
75
64
43
193
30
85
155
207
24
101
166
43
64
75
258
262
54
153
196
72
153
135
112
154
201
183
141
175
181
182
133
122
232
183
112
243
206
180
144
152
196
58
217
204
188
189
240
120
169
137
143
226
118
194
215
188
172
147
188
193
208
202
190
118
201
112
182
200
100
212
241
178
