77
370
368
58
367
370
106
175
370
257
200
59
357
481
289
371
370
347
275
75
186
371
213
368
326
429
368
152
61
337
367
368
369
235
285
368
309
165
286
415
478
269
313
247
285
385
283
167
335
190
285
191
478
354
386
285
227
104
406
454
78
455
46
187
31
372
244
173
173
285
132
138
455
242
78
212
284
257
47
141
111
129
27
118
184
65
188
47
121
56
106
26
37
94
56
174
118
116
75
118
224
56
101
213
114
101
86
153
203
257
214
68
192
205
141
255
55
117
184
55
193
78
77
48
53
251
44
198
128
96
92
96
219
197
73
44
88
90
75
39
68
53
106
128
194
127
107
172
113
98
177
76
42
146
50
370
367
57
366
369
105
174
370
256
199
58
356
480
289
371
369
347
275
74
185
370
212
368
325
428
368
151
60
336
366
368
369
234
285
368
308
165
286
414
478
268
312
246
284
384
282
167
333
189
285
190
477
353
385
284
226
104
405
453
78
454
46
186
31
371
244
172
173
285
131
137
454
242
77
211
285
257
46
141
111
129
27
118
183
64
187
46
121
55
105
26
37
94
55
173
117
115
74
117
224
55
101
213
113
101
85
152
203
256
216
68
192
204
141
255
55
116
183
55
192
78
77
47
53
244
43
197
127
95
89
96
218
196
72
44
88
90
75
38
67
53
105
128
193
126
106
171
112
97
177
75
42
142
49
