94
401
451
446
216
266
290
445
403
216
415
64
207
400
447
216
221
70
214
205
223
349
42
67
452
263
36
216
38
97
60
84
141
430
410
265
341
98
203
235
219
84
85
73
444
313
329
377
475
240
405
478
79
225
210
102
258
216
222
220
377
83
400
224
300
292
277
205
184
313
244
364
77
135
221
196
391
158
200
402
464
351
393
216
329
259
477
447
264
185
175
383
57
390
365
72
61
72
160
76
31
87
82
178
41
64
56
41
99
226
76
102
26
76
58
108
109
79
109
66
81
216
94
109
104
55
70
37
24
106
26
88
25
96
109
40
91
91
239
42
33
83
98
82
98
86
69
33
91
98
91
238
98
47
73
104
31
124
29
90
78
109
37
24
25
97
81
101
87
55
79
91
99
62
60
97
101
253
46
37
73
263
48
50
25
105
87
90
108
401
451
446
216
265
290
445
403
216
415
64
206
399
446
216
221
70
213
204
223
349
41
66
451
262
36
215
37
96
59
84
140
430
409
264
341
98
202
235
219
84
85
72
443
313
329
377
475
240
405
477
78
225
209
101
257
216
222
220
376
83
399
224
299
292
276
205
184
312
244
364
77
135
220
196
390
157
199
401
464
351
393
216
329
258
476
447
264
184
175
383
56
389
365
71
61
71
159
76
30
87
81
178
40
64
55
40
99
226
75
102
26
76
57
108
109
79
109
65
80
216
93
108
103
55
70
37
24
106
26
87
25
96
109
40
90
91
238
42
33
82
98
82
97
85
69
32
91
98
90
238
98
47
72
103
31
124
29
90
78
109
36
24
25
97
81
101
87
55
79
90
99
61
59
97
100
253
46
36
73
262
48
49
24
105
87
89
108
