79
452
432
161
309
434
310
310
310
310
435
310
434
335
338
434
437
434
426
433
433
433
339
485
307
205
431
431
478
345
327
432
305
332
427
304
341
431
213
463
476
205
485
426
426
417
406
178
232
324
250
216
134
304
26
120
272
55
356
453
232
150
436
161
47
158
407
193
253
164
44
153
42
188
134
485
261
178
228
244
180
123
192
85
183
54
75
64
43
194
30
85
151
166
24
101
43
262
64
75
54
262
72
136
190
113
154
184
156
165
133
123
180
250
113
140
144
152
181
196
175
58
217
204
189
121
190
184
148
170
137
215
176
119
188
263
194
147
190
227
188
208
203
119
113
199
200
193
182
101
178
176
184
178
46
209
200
196
238
451
432
161
308
433
310
309
310
310
434
310
433
335
338
434
437
434
425
433
433
433
338
484
306
205
430
430
477
345
327
432
304
332
427
303
341
431
213
462
475
205
485
426
426
416
405
178
231
323
250
216
134
303
25
120
271
54
356
452
232
149
436
160
47
158
410
193
253
164
44
153
41
187
134
485
260
177
227
244
180
122
192
85
182
54
75
64
43
193
30
85
151
165
24
101
43
262
64
75
54
261
72
136
190
112
154
183
156
165
133
123
179
249
112
140
144
152
180
195
175
58
217
203
188
121
190
183
148
170
136
215
178
118
188
262
194
147
189
226
187
208
203
119
113
190
200
193
181
100
178
176
184
178
46
209
200
196
238
