34
483
368
483
391
369
478
272
363
483
363
91
365
365
419
365
362
434
485
150
78
108
122
251
309
92
360
304
75
79
191
181
143
225
317
196
43
90
125
55
79
178
103
262
204
137
126
137
46
263
165
85
174
126
128
103
100
122
76
100
79
125
98
138
132
111
136
224
122
467
352
467
375
353
462
257
348
468
347
76
350
349
403
349
346
418
470
135
62
93
107
235
293
76
344
288
59
63
176
166
128
215
301
184
43
90
125
54
78
178
103
262
201
136
126
136
43
262
165
85
174
125
128
102
99
122
76
100
79
121
97
138
132
111
135
224
121
