94
401
451
446
216
266
290
445
403
216
415
64
207
447
400
221
70
214
205
223
349
42
216
67
263
36
216
38
452
60
97
84
141
430
410
341
219
98
444
203
264
235
85
84
73
313
329
475
377
405
79
478
225
210
240
102
258
66
83
224
220
377
300
400
55
216
277
292
222
184
313
205
244
77
364
196
221
391
158
402
351
200
464
216
329
447
259
477
383
393
264
175
185
57
390
72
61
72
160
76
31
87
82
178
41
64
56
99
41
76
102
26
76
58
108
109
190
79
66
81
216
94
109
104
109
55
70
37
24
26
109
88
236
25
106
96
91
40
91
42
33
98
83
98
69
86
33
91
82
98
91
119
104
124
47
73
29
31
115
238
78
90
98
37
24
109
25
81
97
55
87
79
91
62
97
99
60
253
46
263
37
73
105
101
48
25
50
87
90
401
451
446
215
265
290
445
403
215
415
64
206
446
400
221
69
214
204
223
348
41
216
67
262
35
216
37
452
60
97
84
141
430
410
341
219
98
443
202
264
235
84
84
72
313
329
474
377
405
78
478
225
210
240
102
258
65
82
224
220
377
300
400
54
216
277
291
222
184
313
205
244
76
364
196
220
391
158
402
351
200
464
216
329
446
259
477
383
393
263
175
184
57
390
72
61
72
160
76
31
87
82
177
41
64
55
99
41
75
102
25
76
57
107
109
190
78
65
81
219
93
108
103
109
55
70
37
24
26
109
87
235
25
105
95
90
40
90
42
33
98
82
98
69
85
33
91
81
97
91
118
104
123
47
73
29
31
115
238
78
90
98
37
24
109
25
80
96
55
87
79
90
62
96
99
60
253
46
262
37
73
105
101
47
25
50
87
90
