90
453
431
161
310
310
310
437
434
310
310
331
338
433
332
434
339
434
434
307
433
434
335
427
306
307
205
431
478
342
327
214
338
341
427
485
305
397
432
401
326
304
431
304
432
327
304
184
259
361
205
304
485
406
121
378
163
177
331
304
371
232
250
26
325
463
42
216
150
321
162
54
304
356
158
134
272
270
257
253
231
229
487
372
219
153
44
304
134
381
245
179
121
192
81
54
67
101
85
30
43
207
166
184
156
48
262
24
34
154
75
61
196
195
166
136
190
154
184
154
168
146
181
144
208
72
117
181
133
198
178
244
144
259
111
262
190
191
221
190
175
205
60
121
188
184
182
201
144
176
171
184
170
119
195
183
122
136
188
227
203
192
220
147
112
215
263
222
233
190
227
196
46
212
161
178
101
234
178
172
238
453
430
160
309
309
309
437
434
309
309
331
337
433
331
434
338
434
434
307
433
434
335
427
306
307
205
431
478
341
327
214
338
341
426
485
305
396
431
401
325
304
430
303
432
327
303
184
258
360
204
303
485
406
120
377
162
176
330
303
371
232
250
26
325
463
42
216
149
320
161
53
304
355
158
133
272
270
256
253
230
229
486
372
219
153
44
303
134
381
244
178
121
191
80
53
66
101
84
30
43
207
165
183
155
48
262
24
34
153
74
60
196
194
166
135
189
154
183
153
167
146
180
144
207
72
116
181
132
198
178
244
143
258
111
262
189
190
220
189
175
204
59
121
188
184
182
201
143
175
170
183
169
119
195
182
122
136
187
226
202
191
219
146
111
214
262
221
233
189
227
196
45
211
161
178
100
234
178
171
238
