88
451
266
446
216
402
445
208
294
404
452
216
414
214
206
222
217
401
406
447
73
64
350
223
263
141
97
70
43
85
341
79
430
240
220
203
36
206
235
84
330
60
222
224
487
85
379
406
84
259
99
313
475
464
221
157
61
224
308
478
266
195
210
184
222
82
244
364
403
286
396
262
266
351
293
385
377
57
217
296
391
89
38
175
56
390
278
139
414
61
76
71
160
72
86
60
29
82
107
175
42
26
76
77
220
41
98
96
91
61
107
58
66
70
109
102
112
55
26
69
37
82
109
25
79
109
96
40
33
101
98
34
73
94
82
27
104
91
91
42
98
60
44
88
121
124
28
86
106
52
91
37
87
79
25
97
62
95
31
42
55
97
39
100
72
87
256
85
79
25
89
25
111
90
79
82
88
450
265
445
215
401
445
207
294
403
451
215
414
213
205
221
216
400
405
447
72
63
349
222
262
140
96
69
42
84
340
78
429
239
219
202
36
205
234
83
329
59
222
223
486
85
378
405
84
258
98
312
475
463
221
156
60
223
307
477
265
194
209
184
221
82
243
363
402
286
395
262
265
351
292
384
376
56
216
295
390
88
37
175
56
389
277
139
413
61
76
71
160
71
85
59
29
82
106
174
41
25
75
77
220
41
98
95
91
61
107
57
65
69
109
102
111
55
26
68
36
82
108
25
78
109
96
40
33
100
98
33
72
94
81
27
104
91
90
41
98
59
43
87
121
123
28
86
106
52
91
36
87
78
24
97
61
94
30
42
54
97
38
100
71
87
256
85
79
25
88
25
111
89
79
81
87
