86
452
432
434
310
338
310
339
434
435
310
434
335
437
434
396
331
433
433
433
425
310
335
345
307
485
431
478
166
307
431
369
327
305
338
432
305
326
427
462
427
214
354
304
304
341
304
304
431
485
259
304
324
426
476
418
178
426
216
378
325
406
232
178
375
361
272
250
42
124
303
453
406
26
356
232
153
436
160
189
158
125
55
150
44
253
212
180
123
183
84
166
64
262
85
193
43
24
151
101
43
196
207
64
54
75
262
74
196
156
136
72
154
184
187
147
113
202
165
169
181
133
123
178
246
180
235
146
209
113
205
140
190
256
144
58
221
244
148
217
196
186
190
204
136
183
195
121
184
200
169
190
263
170
122
194
180
191
202
119
147
227
178
208
198
184
113
208
194
189
101
190
158
452
431
434
309
337
310
338
434
435
309
433
334
436
433
396
331
433
433
433
425
310
335
345
306
485
430
477
166
306
430
369
326
304
338
431
304
325
426
461
427
214
354
304
303
340
303
303
430
485
259
303
323
426
476
417
178
426
216
378
324
405
232
178
375
361
271
250
42
123
302
452
405
25
355
232
152
436
160
188
158
124
54
150
44
253
212
180
123
183
84
165
64
261
84
192
43
24
150
101
42
196
206
63
53
74
261
74
195
155
135
71
154
184
187
146
112
202
164
169
180
132
122
177
246
179
234
145
209
112
205
140
190
256
143
57
221
243
147
217
195
185
190
204
136
182
194
121
183
199
168
190
262
169
122
193
179
190
202
118
147
227
178
207
198
184
113
207
194
188
100
190
158
