96
453
431
161
310
310
310
437
434
310
331
310
428
338
332
434
339
434
433
434
307
427
433
434
335
427
426
306
307
205
431
342
478
327
369
359
214
338
485
341
397
305
401
432
326
428
304
431
304
432
327
354
184
304
259
304
205
485
406
121
163
331
304
150
371
430
232
250
26
325
42
216
464
177
321
394
54
162
304
356
158
134
272
361
257
270
253
231
229
487
219
44
245
134
381
153
304
179
121
192
81
54
67
101
85
30
207
43
229
166
156
48
262
24
184
34
154
195
75
61
196
250
262
166
136
190
154
154
184
168
202
196
146
181
72
144
178
117
198
133
178
205
244
144
259
111
262
207
191
190
221
205
175
60
121
188
182
144
176
188
171
240
184
170
119
195
122
136
184
201
227
188
192
203
223
147
112
215
263
186
233
222
190
227
196
46
161
101
238
178
172
178
234
453
430
160
309
309
309
437
434
309
331
309
427
337
331
434
338
434
433
434
307
427
433
434
334
426
425
306
307
205
431
341
478
327
369
359
214
338
485
340
396
305
401
432
325
427
304
431
303
432
326
354
184
303
258
303
204
485
406
120
162
330
303
149
371
429
232
250
26
325
42
215
464
176
321
394
53
161
303
356
158
133
272
360
256
270
253
230
229
486
219
44
244
134
381
153
303
179
121
192
80
53
66
101
84
30
207
43
229
165
155
48
262
24
183
34
153
194
74
60
196
250
261
166
135
189
153
154
183
167
202
195
146
180
72
144
178
116
197
133
178
205
244
144
258
111
262
206
190
189
221
205
175
59
121
188
182
144
175
187
170
239
183
169
119
195
122
136
183
201
227
188
191
202
222
147
111
214
262
186
233
222
189
227
196
45
161
100
238
178
171
178
234
