91
452
432
434
434
310
310
331
338
437
335
426
434
339
434
435
434
309
307
396
433
166
205
431
369
335
306
307
478
338
431
484
327
305
326
136
399
432
341
345
327
303
214
356
304
304
205
326
259
418
426
304
125
378
476
216
178
226
485
462
26
406
321
155
397
304
325
324
47
125
250
375
304
113
359
55
406
158
486
272
452
372
119
253
305
231
212
361
436
42
258
188
180
124
183
85
64
75
207
166
101
151
262
24
262
37
194
48
85
151
196
67
187
190
154
202
196
166
136
184
182
113
72
165
120
175
250
184
135
141
156
262
244
146
205
256
205
175
186
224
186
204
190
206
184
196
136
192
187
60
184
119
121
226
191
174
220
196
148
119
194
170
168
176
232
195
193
202
113
49
263
192
157
184
190
110
227
158
147
210
175
234
187
451
432
433
434
309
310
330
337
437
335
425
434
338
434
435
434
309
307
396
433
165
204
431
369
335
305
306
478
337
431
484
326
305
325
135
399
432
340
345
326
302
214
356
303
304
205
325
258
417
426
304
125
377
475
215
178
226
485
461
25
406
321
155
397
304
324
323
47
124
249
375
304
113
359
54
405
157
486
272
451
372
119
252
305
230
212
361
435
41
257
187
179
124
182
85
64
75
207
165
101
151
262
24
261
37
194
48
85
150
195
67
187
190
153
202
196
165
135
183
181
113
71
164
119
175
250
183
135
141
156
261
244
146
205
255
205
175
185
224
185
204
190
205
184
196
135
191
187
59
183
119
121
226
190
173
220
196
148
119
193
170
168
175
232
195
192
202
113
48
262
192
156
183
190
110
227
158
147
210
175
234
186
