87
129
393
476
86
258
129
114
132
129
425
325
132
454
129
76
89
132
27
337
56
394
245
70
34
319
48
463
431
59
66
136
100
299
174
101
397
130
441
256
380
105
66
130
40
97
299
403
41
130
306
394
130
131
92
46
115
164
131
443
94
50
317
336
189
111
192
393
382
412
476
466
90
27
66
86
407
298
78
276
157
188
455
357
142
136
132
322
118
238
34
55
63
130
61
28
172
28
42
61
43
161
41
41
42
260
35
59
42
59
52
245
32
239
33
44
45
62
246
256
40
63
52
116
184
28
41
240
73
262
208
229
63
29
247
263
196
55
53
226
256
76
250
71
54
236
41
244
224
62
50
61
50
75
261
250
34
24
44
254
24
251
66
258
65
25
261
68
37
73
37
29
81
71
52
129
392
476
86
258
128
114
131
129
425
325
132
454
129
76
88
132
26
337
55
394
244
69
33
318
48
462
431
58
65
135
100
298
173
100
379
129
441
256
380
105
66
130
40
97
299
402
41
130
305
393
130
130
92
46
115
163
131
443
94
50
317
335
189
111
192
393
382
412
476
466
90
27
66
85
407
298
78
276
156
188
455
356
141
136
132
322
117
237
34
55
62
129
60
27
171
27
42
60
42
161
40
41
42
260
34
59
41
59
52
245
32
238
33
44
45
62
245
256
40
63
52
116
184
28
41
239
73
262
207
228
62
28
246
263
196
55
52
225
256
75
250
70
54
235
41
244
223
62
49
60
49
75
260
250
34
24
43
254
24
250
65
254
65
24
260
68
37
72
36
28
80
71
52
