67
129
129
454
86
476
425
258
132
129
325
71
132
85
48
394
132
27
245
337
58
294
70
136
319
306
97
97
465
256
431
101
130
66
46
174
441
306
338
196
131
394
164
142
130
136
412
443
313
186
93
111
317
465
296
78
157
300
319
188
357
86
131
314
235
356
407
385
118
151
42
55
33
28
63
61
161
42
41
28
41
239
42
43
260
59
35
44
38
52
246
32
55
64
256
32
41
44
51
205
262
251
63
28
24
49
65
256
53
54
28
215
81
34
41
249
69
76
50
62
44
28
25
68
68
52
37
37
66
71
42
260
26
45
29
128
129
454
85
475
424
258
131
129
325
71
131
84
48
394
131
27
245
336
57
294
70
136
319
306
96
97
465
255
430
101
129
66
46
173
441
306
337
195
130
394
164
142
129
135
412
443
312
186
93
110
316
464
295
78
156
300
318
188
357
85
130
314
235
355
407
385
117
154
42
54
33
27
62
60
161
41
40
27
40
238
42
42
259
59
35
43
37
51
246
32
54
63
255
31
41
43
50
208
262
250
62
27
24
48
65
256
53
54
28
226
81
33
40
251
68
76
50
62
44
27
24
67
67
52
36
37
65
71
41
260
25
44
29
