47
387
270
41
388
334
130
266
388
266
43
267
203
271
395
386
166
310
165
313
482
350
51
115
266
387
267
398
386
417
334
438
433
265
419
55
154
238
257
326
109
281
88
265
209
125
145
202
196
46
76
80
83
77
210
37
139
64
106
49
32
154
238
49
124
180
134
130
83
76
183
186
263
118
78
250
99
95
67
100
167
87
126
123
262
89
140
145
140
100
129
78
64
49
38
378
261
32
379
325
121
256
379
256
34
257
194
262
386
377
158
301
156
304
473
341
42
106
256
378
258
389
376
408
325
429
423
256
410
46
145
230
248
317
100
273
79
255
200
117
136
193
196
46
75
80
82
76
212
33
139
64
106
52
28
153
241
48
123
179
133
129
82
75
183
185
262
118
78
243
98
94
66
99
166
87
125
123
262
88
140
145
142
99
128
78
64
49
37
