85
453
161
431
310
310
310
437
434
310
310
331
338
332
433
434
339
434
434
307
433
427
427
434
335
306
307
205
426
431
342
478
327
214
338
485
341
305
432
326
304
431
304
432
327
304
184
259
205
304
485
406
121
163
177
331
304
371
232
250
26
325
42
150
216
321
304
162
54
356
463
158
134
253
257
270
231
229
219
153
304
381
134
487
44
245
179
192
121
81
54
67
101
85
30
43
207
166
156
184
48
262
24
34
154
75
227
195
61
196
166
136
190
262
154
154
184
168
146
181
72
144
117
133
178
244
144
259
111
262
190
191
221
175
205
60
121
188
182
201
144
176
171
184
170
119
195
122
188
136
227
220
203
192
147
183
112
215
190
233
222
227
196
161
178
234
172
178
33
101
238
453
161
431
310
309
310
437
433
309
310
330
338
332
433
434
339
434
434
306
432
426
427
433
334
305
307
204
426
430
342
478
326
214
338
485
341
304
432
326
303
431
303
432
327
304
184
259
204
303
484
405
121
162
177
331
304
370
231
249
25
324
41
150
215
320
304
161
54
355
463
157
134
252
257
269
230
228
219
152
304
380
134
486
43
244
178
192
120
81
54
67
101
85
29
42
206
166
156
183
48
261
24
34
154
75
227
194
61
195
165
136
189
261
154
153
184
168
146
181
72
144
117
132
177
243
143
259
111
261
190
191
221
175
204
60
120
188
181
200
143
176
170
184
170
118
194
121
187
135
227
220
203
191
146
183
111
215
190
233
221
227
196
160
178
234
171
177
33
101
238
