98
393
129
476
109
129
71
132
132
258
86
424
130
454
326
129
85
394
62
459
337
140
34
27
55
245
300
401
99
130
105
316
463
46
255
432
72
48
305
398
130
135
174
394
41
130
101
441
37
50
339
97
345
306
337
142
131
193
443
28
115
196
130
69
94
131
412
130
276
393
300
321
136
74
312
487
157
72
444
407
359
379
164
465
86
313
316
356
341
189
115
455
132
340
93
385
132
487
404
238
118
33
61
157
44
28
61
63
55
28
175
42
40
147
40
42
64
261
35
51
245
259
49
59
40
248
256
187
73
31
32
248
41
44
55
238
24
227
205
248
63
53
263
48
51
28
235
224
185
63
226
55
50
29
236
75
41
24
47
65
259
253
244
226
34
215
261
261
68
53
82
31
263
70
66
65
263
258
43
241
54
44
66
252
63
26
209
37
71
73
38
197
76
29
71
58
47
393
129
476
109
128
71
132
132
258
86
424
130
454
326
128
85
394
62
459
337
140
33
27
55
245
300
400
99
130
105
315
463
46
255
432
72
48
304
398
130
135
174
394
41
130
101
441
36
50
339
97
345
306
337
142
131
193
443
28
115
196
130
69
94
131
412
130
276
393
300
321
135
74
312
487
157
72
444
407
359
378
164
465
86
313
316
356
341
189
115
455
132
340
93
385
132
487
404
238
117
33
61
156
44
28
61
63
55
28
175
42
40
146
40
42
64
260
35
51
245
258
49
59
40
247
256
187
73
31
32
248
41
44
55
238
24
227
205
248
63
53
262
48
51
28
235
224
185
63
225
55
50
29
236
74
41
24
47
65
259
253
244
226
34
215
261
261
68
53
82
31
263
70
66
65
262
258
43
241
54
44
66
252
63
26
209
37
71
73
38
197
76
29
71
58
47
