97
453
161
431
310
310
310
437
434
433
310
428
310
331
332
338
434
339
434
434
307
433
434
335
427
306
307
205
368
426
431
428
342
478
327
214
338
427
341
485
305
397
432
401
326
304
431
304
432
327
354
358
304
184
259
205
304
485
406
121
163
177
331
304
378
232
250
375
325
26
463
42
150
216
321
304
162
356
158
54
134
272
361
253
257
270
372
231
229
219
153
304
397
487
134
44
245
396
179
192
121
81
54
67
101
85
184
30
220
43
207
156
166
48
262
24
34
154
75
61
196
195
166
136
190
202
262
154
235
154
184
168
146
181
208
144
72
117
181
133
198
178
244
144
259
111
262
207
196
190
191
221
175
205
60
121
188
182
201
144
176
184
184
170
169
195
119
181
122
188
136
227
220
203
147
112
192
215
263
186
190
233
222
212
227
196
161
178
234
171
33
178
101
238
160
453
161
430
310
309
310
437
433
432
309
427
310
330
332
338
434
339
434
434
306
432
433
334
427
305
306
204
368
426
430
427
342
478
326
213
338
427
341
485
304
396
431
400
326
303
430
303
432
326
353
358
304
184
259
205
304
484
405
120
162
177
330
304
378
231
249
374
324
26
463
41
150
215
321
304
162
356
158
53
134
271
361
252
257
269
371
231
228
218
153
304
396
486
133
43
245
395
178
192
120
81
54
67
101
85
183
29
219
42
206
156
166
48
262
24
34
153
75
61
196
194
165
135
190
201
262
153
235
154
183
167
145
181
208
143
72
117
180
132
197
178
243
143
259
111
262
206
195
190
191
221
174
205
60
120
188
181
201
143
176
184
184
170
168
195
119
181
122
187
135
227
220
203
146
111
191
215
262
186
190
232
221
211
226
195
160
178
233
171
33
177
101
237
159
