88
452
431
161
310
310
310
331
434
434
311
437
332
338
434
434
435
434
340
396
307
434
427
434
335
307
205
478
368
431
340
327
307
338
342
485
305
150
399
432
427
326
214
427
354
304
431
184
432
417
304
358
303
462
485
177
258
426
204
303
375
406
426
476
26
158
250
386
42
304
232
330
325
453
397
216
163
356
321
406
54
303
153
365
361
244
378
372
162
180
121
192
81
54
67
207
85
183
24
101
156
166
24
48
193
34
262
196
157
70
259
58
196
136
190
184
201
154
145
168
147
181
156
72
117
188
184
133
232
178
146
246
207
259
144
191
111
189
244
196
190
180
60
201
224
204
178
205
168
121
220
196
119
113
170
189
122
220
184
144
195
190
174
136
182
147
227
202
192
180
178
211
186
196
178
157
203
452
430
160
309
309
309
331
433
434
311
436
331
338
434
434
435
433
339
395
307
433
427
433
335
307
204
477
368
431
339
327
306
338
341
485
305
149
399
431
426
325
213
427
353
304
431
183
431
416
304
357
303
462
485
176
258
426
203
303
374
405
426
475
26
157
250
386
41
303
232
329
325
453
397
215
162
355
321
405
53
302
152
365
361
244
377
371
162
179
120
192
80
54
66
207
84
183
24
101
155
165
24
48
193
33
262
196
157
70
259
58
196
136
189
184
200
154
144
168
146
180
155
72
116
188
184
133
232
178
146
245
206
259
143
190
111
189
244
195
190
179
59
201
224
204
178
205
167
121
220
195
119
113
170
189
121
219
184
143
195
190
174
136
182
147
227
202
189
180
178
210
186
196
178
156
203
