99
216
446
401
451
445
266
216
203
216
403
216
415
447
216
213
221
290
216
401
61
205
451
67
42
349
64
39
341
223
263
430
73
97
85
85
259
378
444
77
314
98
235
411
224
222
405
220
203
486
141
73
330
475
240
216
36
84
243
313
264
329
223
289
364
206
221
66
400
477
56
184
83
351
391
158
203
259
210
217
402
221
201
366
264
464
300
475
135
392
377
482
77
294
368
242
217
138
57
88
160
72
72
60
87
76
178
59
202
82
226
42
99
190
26
76
31
212
41
104
76
109
79
109
107
64
93
26
58
66
34
91
106
55
91
91
82
236
69
39
91
96
24
125
98
98
109
25
73
70
109
33
97
82
238
81
40
33
24
106
46
34
97
97
112
48
119
31
86
115
37
104
97
79
91
48
37
91
260
62
86
102
24
48
58
29
74
101
101
72
257
80
87
111
107
250
82
87
25
216
445
400
450
445
265
216
203
216
402
216
415
447
216
213
221
290
216
401
61
205
451
66
41
348
64
38
341
223
263
430
73
96
85
85
258
378
444
76
314
98
235
411
224
222
405
220
203
486
141
73
330
475
239
216
35
84
243
313
263
329
223
289
364
206
221
65
400
476
56
184
83
351
391
158
203
259
210
216
401
221
201
366
264
463
300
474
134
392
376
481
77
294
368
241
217
138
56
88
160
71
72
60
87
76
178
59
201
82
226
42
99
189
26
76
31
212
40
104
76
109
79
108
106
64
93
26
58
66
34
90
105
55
90
90
81
236
69
39
90
95
24
125
97
98
109
25
72
70
108
33
96
81
237
81
40
33
24
106
46
34
97
96
112
48
118
31
86
114
37
103
97
78
90
48
37
91
259
61
86
101
24
48
58
29
74
100
100
71
257
79
87
110
107
250
81
87
25
