99
452
432
161
309
310
310
425
310
339
434
310
434
338
332
331
434
435
434
437
434
396
433
307
433
335
427
341
205
307
306
485
431
369
342
431
427
326
477
338
399
305
214
432
417
354
326
304
425
304
304
205
259
406
328
485
304
375
232
426
184
216
26
250
378
42
304
120
150
134
331
321
356
325
272
397
359
178
341
158
463
232
161
164
194
304
55
153
254
361
134
372
44
487
244
486
212
318
321
41
180
124
192
85
67
54
262
43
262
85
30
183
166
156
207
24
197
48
101
37
196
64
154
74
196
232
145
190
136
166
72
154
202
155
113
243
175
184
181
184
117
146
135
189
207
186
259
220
244
205
175
224
121
263
61
190
169
184
207
191
136
119
170
183
122
176
188
188
215
144
227
147
196
263
174
197
201
135
113
183
227
204
182
200
220
193
178
193
186
178
157
101
34
238
49
158
211
146
175
452
432
160
309
310
310
425
310
339
434
310
434
338
332
331
434
434
434
437
434
396
433
307
433
334
427
341
205
307
306
485
431
369
342
431
427
326
476
338
398
305
214
432
417
354
325
304
425
304
304
204
259
406
328
485
303
375
232
425
184
216
26
250
378
42
304
120
150
134
331
321
356
325
272
396
359
178
341
158
462
232
160
163
194
304
55
152
254
361
134
372
44
487
244
486
212
317
321
41
179
124
192
85
67
54
261
43
262
85
30
182
166
156
207
24
197
48
101
37
195
64
154
74
195
232
145
189
136
166
72
153
201
155
113
243
175
183
180
183
117
145
135
188
207
185
259
219
244
204
174
224
121
263
61
189
169
184
207
190
135
119
170
182
121
176
188
187
215
144
227
147
195
263
173
196
201
135
113
183
227
203
181
199
220
193
177
193
185
178
157
101
34
238
49
158
211
146
174
