94
446
216
451
401
445
207
403
266
216
415
221
293
451
401
213
64
70
263
42
447
67
60
205
223
314
410
39
349
73
447
430
97
84
36
98
141
240
235
85
444
77
258
219
84
378
406
203
475
341
222
486
224
223
364
330
217
221
293
478
398
329
264
244
82
210
221
158
351
206
402
201
184
289
65
259
242
476
55
464
217
277
446
392
293
391
193
138
203
264
418
133
390
57
377
72
160
60
72
87
56
82
76
178
42
76
28
107
41
26
64
102
66
109
97
79
104
76
58
39
24
93
107
91
260
34
109
55
81
91
70
82
96
91
239
69
91
109
40
82
98
25
97
26
98
73
124
34
97
33
238
48
38
86
31
46
106
25
104
91
86
91
97
112
62
101
37
97
119
37
36
73
115
58
259
79
250
101
87
79
52
82
46
48
77
101
90
87
72
446
215
450
401
445
206
403
265
215
414
220
293
451
400
213
63
70
262
41
447
67
59
204
222
313
410
39
349
72
447
429
97
84
35
98
140
240
234
85
443
76
257
219
84
377
406
203
475
341
221
485
224
223
363
329
217
220
293
478
397
329
263
244
81
210
220
158
350
206
401
200
184
288
64
259
242
475
54
464
216
276
445
392
292
390
193
138
203
263
417
133
390
56
376
71
160
60
72
86
56
81
76
177
41
75
28
106
41
26
64
102
65
108
97
78
103
76
58
39
24
92
106
91
259
33
108
55
81
91
69
82
96
91
238
69
91
109
39
82
98
24
97
26
97
73
123
34
97
33
238
48
37
85
30
46
106
25
104
90
86
91
97
112
61
100
37
96
119
36
36
73
114
58
258
79
250
101
87
78
52
82
46
48
77
100
89
87
71
