76
129
75
85
475
131
114
458
257
325
424
89
132
97
394
65
58
431
336
70
33
462
136
27
114
46
55
139
41
459
441
316
141
129
297
129
394
68
337
255
100
66
46
173
245
99
300
110
38
313
27
131
448
189
343
306
86
157
73
316
276
193
357
298
45
165
322
151
183
487
255
224
188
455
477
131
59
117
41
55
33
28
62
43
63
42
28
43
61
67
42
251
62
44
35
52
245
33
246
259
73
242
52
51
263
261
28
32
27
199
28
184
53
62
49
40
52
262
221
63
59
263
40
52
232
255
24
41
46
61
238
55
66
66
31
62
261
75
43
65
252
53
52
56
76
70
51
82
37
73
252
71
42
129
74
85
475
131
113
458
257
324
423
89
131
96
394
65
58
431
335
69
32
462
136
27
113
46
54
138
40
459
441
316
141
129
296
129
394
67
336
255
99
66
46
173
245
99
299
109
37
312
26
131
448
189
342
305
85
156
72
316
276
193
357
297
45
165
322
150
183
487
255
223
188
454
477
130
58
116
40
55
32
27
62
42
63
41
28
43
61
66
42
251
62
44
35
52
245
32
245
258
73
242
52
51
263
261
28
32
27
198
27
183
52
62
49
39
52
262
220
63
59
262
40
52
231
246
24
40
45
60
240
54
66
66
30
61
260
74
43
65
252
52
51
56
75
70
51
82
37
72
252
71
42
