93
452
432
310
434
310
310
338
339
434
311
310
434
335
435
437
434
335
425
434
396
307
434
369
205
307
336
307
431
478
338
431
485
326
397
306
305
427
166
326
341
427
432
327
304
354
462
304
304
417
345
326
259
304
485
304
426
160
328
205
216
213
476
324
26
406
360
378
325
150
361
226
250
232
47
426
321
54
406
178
158
375
304
109
348
272
134
113
436
453
253
250
153
244
180
124
54
183
34
67
166
262
85
24
78
34
151
194
101
48
205
262
70
196
148
58
202
190
160
193
136
154
184
182
113
72
171
181
88
117
232
187
183
141
246
135
161
259
207
180
244
172
190
156
193
224
205
61
190
204
198
263
175
136
152
199
148
119
121
188
184
204
189
147
190
170
227
119
220
227
192
202
201
112
169
220
253
166
263
182
232
208
190
190
132
178
238
452
431
310
433
309
310
338
338
434
311
310
434
334
435
436
434
334
425
434
395
307
434
368
205
307
335
307
431
477
338
430
484
325
397
306
304
426
166
325
341
426
432
327
304
353
461
304
304
416
345
326
258
304
485
303
426
159
327
204
216
213
475
324
25
405
359
378
324
150
360
226
249
232
46
425
320
53
405
178
158
374
304
123
347
272
133
113
435
452
253
250
153
244
180
123
53
182
33
67
166
262
84
24
77
33
151
194
101
47
205
262
69
196
147
57
201
189
159
193
135
153
183
182
113
72
171
181
87
117
231
186
182
140
245
135
161
259
207
179
244
171
190
156
193
224
205
61
189
204
197
262
175
136
151
198
148
118
121
188
184
204
189
146
189
170
227
119
220
227
191
202
201
111
168
220
255
165
262
182
229
208
189
189
131
177
238
