100
216
446
451
401
445
266
216
203
451
216
403
415
216
216
213
221
447
290
216
401
444
61
42
205
349
39
64
67
341
223
263
430
73
97
85
378
259
314
98
77
85
475
410
235
219
224
222
486
203
405
141
330
73
240
36
84
313
216
243
206
221
223
289
83
329
364
56
400
478
265
351
184
391
66
158
259
203
447
217
221
210
135
402
366
464
264
300
475
201
392
216
377
77
296
242
138
57
88
367
233
160
72
60
72
87
76
178
59
107
202
82
42
226
190
26
76
97
31
212
41
242
104
109
76
107
93
64
79
26
58
66
34
91
106
91
82
91
39
91
69
55
98
24
96
109
124
98
73
25
98
70
33
109
82
81
40
24
238
33
112
48
34
97
104
46
97
115
31
86
106
97
37
79
119
91
37
48
262
260
86
91
101
62
24
58
48
29
74
101
101
250
72
80
85
107
82
87
25
111
39
216
446
451
401
444
266
216
203
451
216
403
415
216
216
213
221
446
290
216
401
444
60
42
205
349
39
64
67
341
223
263
430
73
97
85
378
259
314
98
77
85
475
410
235
219
224
222
486
203
405
141
330
72
240
36
84
313
216
243
206
221
223
289
83
329
364
55
400
478
265
351
184
391
65
158
259
203
447
217
221
210
135
402
366
464
264
300
475
201
392
216
377
77
296
242
138
56
88
367
233
160
72
60
72
86
76
178
59
107
202
82
42
226
190
26
76
97
31
212
41
242
103
108
76
106
92
64
78
26
58
66
34
91
106
91
82
91
39
91
69
55
98
24
96
109
124
98
73
25
98
70
33
109
82
81
40
24
238
33
112
48
34
97
104
46
97
114
31
85
106
97
37
79
118
91
37
48
261
260
86
91
101
62
24
58
48
29
73
101
101
250
72
80
85
107
82
87
25
111
39
