98
266
451
401
446
216
445
290
403
208
415
216
221
216
64
447
214
400
216
205
350
67
97
70
36
216
216
42
264
85
223
39
452
341
141
73
487
406
407
235
220
203
98
313
430
378
85
329
60
240
84
265
475
79
222
478
224
444
217
220
300
83
313
221
210
262
244
58
292
133
464
397
205
184
221
377
159
364
196
480
78
403
351
217
259
277
264
200
175
329
476
419
390
185
339
384
256
390
88
76
61
72
72
160
87
31
82
60
41
175
76
205
64
99
26
41
226
76
108
79
109
102
81
188
216
109
66
55
58
93
109
26
70
91
73
98
27
96
109
25
91
42
37
83
91
33
104
82
40
106
98
69
98
86
34
236
238
46
29
104
24
123
91
94
25
114
90
101
60
31
109
37
86
73
91
97
55
221
81
62
97
256
37
78
48
99
25
46
74
77
79
50
49
100
83
90
25
265
451
401
446
216
445
289
403
208
415
216
220
216
63
447
213
400
216
205
350
66
97
70
36
216
216
42
263
84
222
39
452
340
141
73
486
405
407
234
219
203
97
313
430
378
84
329
60
240
84
265
474
78
222
477
223
443
217
219
299
83
312
220
209
261
243
58
292
133
464
397
204
183
220
377
158
363
196
480
77
403
351
217
258
276
263
200
175
329
476
419
390
184
338
383
255
390
88
76
61
72
71
160
86
30
82
59
41
175
75
205
63
99
26
41
226
76
107
79
109
102
81
188
216
108
65
55
57
92
108
25
69
90
72
98
27
95
109
24
90
42
37
82
90
32
103
81
40
105
97
69
98
86
33
236
238
45
29
103
24
123
91
93
25
114
90
101
60
31
109
36
85
73
91
97
54
221
81
62
97
256
36
77
47
99
24
45
74
77
79
49
48
99
82
90
25
