99
216
446
451
401
445
266
216
203
216
447
403
290
415
221
216
216
213
216
401
64
61
451
67
205
447
223
39
34
349
263
341
430
73
85
97
314
259
444
85
235
98
475
77
222
486
224
405
219
410
378
313
203
141
330
73
36
240
84
47
216
243
206
223
221
83
400
58
478
289
184
391
364
351
265
329
259
158
203
133
221
217
366
210
402
264
300
293
201
464
392
216
77
138
57
88
475
233
377
277
160
72
60
72
87
76
178
59
202
99
82
31
42
76
190
226
26
212
41
64
104
109
79
76
260
58
93
104
107
66
26
34
91
91
106
39
91
236
55
96
91
98
69
98
73
124
98
109
24
82
24
25
70
33
109
81
82
40
107
238
33
112
34
48
104
31
114
86
97
37
79
97
97
106
46
37
91
48
101
86
260
24
91
62
48
29
87
101
58
101
250
80
82
87
25
74
39
72
79
216
445
451
401
444
266
216
202
216
446
403
289
415
221
216
216
213
216
401
63
61
450
66
204
447
223
39
34
349
263
341
430
72
84
97
313
259
443
85
235
98
474
77
222
486
224
404
219
410
377
312
202
141
329
73
36
240
83
47
216
243
205
223
221
83
400
58
478
289
184
391
363
351
265
329
259
158
203
133
221
216
366
210
402
264
299
293
200
464
391
216
76
138
57
88
475
233
377
277
160
72
60
72
86
76
177
58
201
99
81
31
42
76
189
226
26
212
41
63
104
108
78
75
259
58
93
104
107
66
26
34
90
90
106
39
91
236
54
96
90
98
69
98
72
124
98
109
24
82
24
25
70
33
109
81
82
40
107
238
33
112
34
48
104
31
114
85
97
37
79
96
96
106
45
36
91
48
101
86
260
24
91
62
48
28
87
101
58
101
250
79
82
87
25
73
39
71
79
