96
452
432
434
310
310
310
338
339
434
311
435
310
335
437
434
331
433
396
433
205
433
307
425
310
335
345
307
485
431
306
166
431
369
478
327
338
432
397
305
326
427
427
214
354
304
304
462
341
304
304
476
431
122
485
178
259
304
418
426
324
140
216
325
378
204
426
126
406
304
232
361
375
42
272
150
250
178
26
406
232
453
160
356
304
436
158
321
55
153
44
188
487
212
397
253
134
180
123
183
84
54
64
166
262
85
24
193
43
151
101
43
207
64
196
54
190
75
154
262
74
196
156
136
72
154
166
187
113
202
184
165
181
133
181
123
178
235
246
146
209
113
205
180
140
190
259
196
144
190
58
190
221
244
186
204
148
214
136
195
183
178
220
208
121
176
184
190
168
122
263
189
170
200
119
202
227
192
198
147
223
208
113
227
194
178
101
184
34
158
171
190
247
452
432
434
310
309
309
337
339
433
311
434
309
334
437
434
331
433
396
433
204
433
307
425
310
335
344
307
485
431
306
166
431
368
477
327
337
432
396
304
325
426
427
214
354
304
303
461
341
304
303
476
431
122
485
177
258
303
417
425
324
139
215
324
377
203
425
125
406
304
231
360
374
41
271
149
249
177
26
405
231
453
160
356
304
435
158
321
54
153
43
187
487
212
396
253
133
180
122
183
83
53
63
165
262
85
24
192
42
150
101
43
206
64
196
54
189
75
154
262
73
196
156
136
72
153
166
186
112
202
183
165
180
133
181
123
178
235
246
145
209
113
205
180
140
189
258
195
144
190
58
190
220
243
186
204
148
213
135
195
183
177
219
208
120
176
184
190
168
121
263
188
170
199
119
202
227
191
198
146
222
207
113
227
193
177
101
184
34
157
171
189
246
