95
452
432
434
338
310
310
434
310
311
335
310
434
339
331
437
427
434
434
435
396
433
369
335
431
306
307
478
166
431
327
485
305
338
326
432
397
427
345
129
341
427
214
305
178
303
124
327
431
304
326
417
426
354
259
359
204
304
378
476
304
485
216
157
226
406
136
462
324
156
26
426
325
250
304
375
406
42
119
53
321
372
231
158
361
188
361
113
42
212
254
436
134
452
485
257
180
123
183
166
67
54
85
81
24
151
43
24
262
207
101
259
48
37
194
196
67
202
196
154
160
136
184
187
113
162
72
117
181
175
133
181
235
156
223
141
246
146
171
190
244
194
262
144
205
186
186
204
209
224
198
178
259
184
199
190
60
136
199
187
121
244
184
148
181
119
220
196
170
220
168
202
122
184
189
227
157
227
113
147
184
188
232
176
158
193
210
213
192
49
234
452
432
433
338
310
310
434
310
311
335
310
434
338
330
437
427
434
434
435
395
433
369
335
431
305
307
477
166
431
326
485
305
338
325
432
397
426
345
129
341
427
214
304
178
302
124
326
431
303
326
416
426
353
258
358
204
303
378
475
303
485
215
156
226
406
135
461
323
156
25
425
325
249
303
374
405
41
118
53
320
372
230
158
361
187
361
113
41
211
253
435
133
452
485
256
180
123
182
166
67
54
85
81
24
150
43
24
262
206
101
258
48
37
194
195
67
201
195
153
159
135
183
186
113
162
72
116
181
175
133
181
235
156
222
140
246
146
170
190
243
194
261
143
204
186
186
204
209
223
197
178
258
183
199
189
60
136
198
187
121
244
183
147
180
118
219
195
169
220
168
202
121
184
188
226
157
226
112
146
184
188
232
175
157
193
209
213
192
49
233
