93
129
393
476
132
258
85
114
454
129
129
129
132
129
425
76
325
129
89
56
27
337
132
394
245
459
70
136
34
319
48
66
299
431
59
100
463
130
380
394
256
174
105
101
299
66
441
130
37
130
97
306
403
407
339
130
453
93
131
46
46
338
115
164
345
443
313
94
487
131
193
276
317
466
189
111
382
66
90
27
412
298
487
449
73
189
157
444
478
455
393
357
385
407
117
238
33
28
63
58
61
43
151
130
172
61
140
28
41
42
161
41
59
260
35
43
42
59
259
52
246
245
32
239
62
40
44
45
256
33
184
240
53
41
63
73
52
29
262
28
208
235
196
63
55
247
258
185
226
247
76
256
250
221
49
71
54
226
41
258
244
70
236
75
261
62
44
61
50
250
249
254
24
31
65
53
260
31
36
68
237
252
74
261
37
32
43
129
392
475
131
258
85
113
453
128
128
129
132
129
425
76
324
129
88
55
27
337
132
393
244
459
70
135
33
318
48
65
299
431
59
99
462
130
380
394
256
173
104
100
299
65
441
130
37
130
96
306
403
406
339
130
452
92
130
46
45
337
114
164
341
443
313
93
486
131
193
276
316
466
189
110
381
65
89
26
411
298
486
448
73
189
156
444
478
454
392
356
384
407
117
238
33
27
63
58
61
42
150
129
171
60
140
28
41
42
161
41
58
260
35
43
41
59
259
52
245
244
32
239
62
39
43
44
256
33
183
239
53
41
62
73
52
28
261
27
207
235
196
63
55
246
258
185
226
246
76
255
250
221
48
70
54
210
41
258
243
70
236
74
260
62
43
61
50
249
249
253
24
31
64
53
260
31
36
67
236
251
74
261
36
32
42
