96
401
451
446
216
266
290
445
403
216
415
64
207
400
447
216
221
70
214
205
223
349
42
67
452
263
36
216
38
97
84
141
60
430
410
265
341
98
203
219
235
84
85
73
444
313
329
377
475
240
405
79
478
225
210
102
258
216
224
377
83
66
220
222
400
55
277
300
292
205
184
313
244
364
365
77
135
221
196
391
158
200
402
464
351
393
216
329
259
477
264
175
185
383
57
390
365
72
61
72
160
76
31
87
82
178
41
64
56
41
99
226
76
102
26
76
58
108
109
79
109
66
81
216
94
109
55
70
104
37
24
106
26
88
25
109
96
40
91
91
239
42
33
83
98
82
98
69
86
33
91
98
91
238
124
73
104
119
47
98
31
115
78
29
90
109
37
24
25
97
24
81
101
87
55
79
91
99
62
60
97
101
253
46
37
73
48
25
50
105
87
90
108
401
451
446
216
266
290
445
403
215
414
64
207
400
447
216
220
69
214
204
222
349
42
66
452
263
36
215
37
96
84
141
59
429
409
265
341
98
203
218
234
84
84
72
444
313
329
376
474
240
405
79
477
224
209
102
258
215
223
376
82
66
219
222
399
55
277
300
292
204
183
313
244
364
365
76
135
220
195
390
158
199
402
464
351
392
216
329
259
476
264
175
184
383
56
389
365
71
61
72
160
76
31
87
81
177
40
64
55
40
99
225
75
102
26
75
58
108
108
79
109
66
81
215
94
109
55
70
104
36
24
105
26
88
24
108
96
40
91
91
239
42
33
83
97
82
98
69
86
32
90
97
91
237
124
72
103
119
46
98
31
114
78
29
90
108
36
24
25
97
24
80
100
86
54
78
91
99
62
60
97
100
252
46
37
73
48
25
49
105
87
90
108
