92
451
446
401
445
403
203
293
216
266
414
221
69
451
213
64
42
401
447
97
67
349
39
410
204
223
85
141
263
36
219
430
314
77
84
73
406
98
59
235
378
85
240
258
444
341
203
313
475
364
222
264
486
224
398
221
329
293
223
66
477
243
205
83
221
330
210
158
391
184
476
56
351
263
201
292
403
365
377
258
464
447
277
392
193
203
57
133
382
390
138
233
77
60
72
72
87
82
59
28
160
76
42
76
103
107
26
61
109
41
97
109
79
107
93
24
76
58
55
70
66
82
109
34
39
69
40
91
98
91
104
96
82
91
82
91
236
26
25
24
98
97
98
106
73
124
31
48
46
38
34
119
86
33
112
104
86
32
91
91
80
37
73
115
97
48
101
89
62
24
72
37
58
262
79
101
52
48
87
101
105
90
82
39
81
451
446
401
444
403
202
293
215
265
413
220
68
450
213
63
42
400
446
96
66
348
39
410
203
223
85
140
263
35
218
429
313
76
83
72
406
97
58
234
378
84
240
258
443
340
202
312
475
364
221
264
486
224
397
220
328
293
223
65
476
243
204
82
221
330
209
157
391
183
475
55
351
263
200
291
403
365
377
258
464
446
277
391
192
202
56
132
381
390
137
233
76
60
72
72
86
81
58
28
159
76
41
75
102
106
26
61
108
41
97
108
78
106
92
24
75
57
55
69
66
82
109
34
39
69
40
91
98
90
103
95
82
90
81
90
236
26
25
24
98
96
97
106
73
124
31
48
46
37
33
119
85
33
111
103
85
32
90
91
79
36
73
114
97
48
100
89
61
24
71
37
58
262
79
101
51
47
87
101
104
90
81
38
81
