95
452
432
161
310
338
434
310
310
434
311
339
310
434
335
435
437
331
434
311
425
396
434
307
434
369
205
335
307
307
76
431
478
338
431
485
397
306
326
305
427
427
326
341
432
327
354
304
150
462
304
304
417
345
259
328
304
485
205
426
304
213
54
216
476
184
324
325
26
406
378
361
426
361
226
250
47
232
406
321
158
375
161
272
348
134
178
253
250
164
452
244
61
487
397
487
180
124
192
54
166
183
34
67
85
24
262
78
34
151
193
101
207
48
44
262
196
70
148
58
202
190
196
136
160
248
154
184
182
113
72
181
88
171
117
246
235
181
141
135
161
207
259
189
180
244
172
190
156
224
263
205
61
175
204
190
152
192
136
199
191
148
195
119
121
184
188
223
147
190
170
119
227
202
227
112
169
204
263
166
178
201
190
132
182
190
238
230
34
171
49
452
431
161
310
338
434
309
310
434
311
338
310
434
335
435
436
330
434
311
424
395
434
306
434
369
204
334
307
307
75
431
478
337
430
484
396
306
325
304
427
427
326
340
432
326
353
304
149
461
303
304
417
345
258
327
304
485
204
426
303
213
53
216
476
184
323
324
25
405
377
360
425
360
226
249
46
232
406
321
158
374
161
271
348
134
177
253
249
164
452
244
60
486
397
487
179
124
191
54
166
183
33
67
84
24
262
77
33
150
192
101
206
47
43
261
195
69
147
57
202
190
195
135
159
247
153
183
182
113
72
181
88
171
117
245
235
180
140
135
161
206
259
188
180
243
171
189
155
223
262
204
61
174
204
189
151
191
136
199
191
147
194
118
121
184
187
223
147
189
170
119
227
201
226
111
169
204
262
166
178
201
189
132
182
189
238
229
34
171
49
