97
452
432
161
434
338
310
310
434
335
310
311
310
331
434
435
426
437
339
434
434
396
433
307
369
205
335
431
307
53
307
478
431
327
485
338
305
326
427
432
399
345
341
214
427
303
327
305
431
417
326
204
304
304
259
426
359
304
476
485
378
216
184
406
226
462
134
150
26
397
427
324
304
250
161
163
321
325
31
375
47
372
406
158
231
361
253
119
153
123
137
212
436
452
348
77
134
258
180
123
192
183
166
67
54
85
151
81
24
43
207
24
194
262
101
262
48
37
196
67
148
202
190
196
154
160
189
136
184
113
162
72
182
117
175
235
133
184
156
141
146
246
244
262
171
144
186
186
178
256
205
224
204
198
190
196
60
184
136
191
121
187
184
215
188
119
174
223
148
220
170
204
182
227
196
195
168
119
157
202
113
227
147
190
185
178
213
195
158
210
192
169
246
176
234
452
432
160
434
338
310
310
434
335
310
311
310
331
434
435
426
437
338
434
434
395
433
307
369
205
335
431
307
52
307
477
431
327
485
337
305
325
426
432
398
345
341
214
427
303
327
304
431
417
325
203
304
303
258
426
358
303
476
485
377
216
184
406
225
462
133
149
25
397
426
324
304
250
160
162
320
325
30
374
46
371
405
158
231
361
252
119
153
122
136
212
435
452
348
76
133
258
179
123
191
183
165
67
54
85
151
81
24
43
206
24
193
262
101
261
48
37
195
67
148
202
189
195
154
160
188
136
184
113
161
72
182
117
174
235
133
183
156
141
146
245
244
261
171
144
185
185
178
256
205
224
203
197
189
195
60
184
136
190
120
187
184
214
187
118
174
222
148
220
170
204
182
227
195
195
168
119
157
201
113
226
147
189
185
178
213
195
158
209
192
169
246
176
234
