80
393
129
476
86
258
114
325
129
132
425
132
454
76
89
132
394
337
56
27
245
70
34
432
48
463
59
101
136
317
66
459
100
299
97
393
441
256
174
114
66
398
306
40
299
130
104
380
276
394
403
93
46
131
196
164
131
443
193
50
94
337
111
412
321
476
466
90
27
86
66
478
299
78
157
136
188
420
455
357
132
238
118
34
55
63
61
42
130
28
28
61
43
41
41
42
42
35
59
260
59
52
245
44
239
33
45
52
246
32
62
261
256
40
64
261
28
41
63
71
262
228
55
229
29
208
74
241
261
53
247
76
250
256
65
54
236
41
75
224
244
50
50
34
55
24
44
254
24
66
251
252
65
25
68
81
37
63
73
37
71
392
129
476
86
258
114
324
129
131
424
132
454
76
89
131
394
337
56
26
245
70
33
432
47
462
59
101
135
316
65
458
99
299
96
393
441
256
174
113
66
397
305
39
299
129
104
380
275
394
403
93
46
130
195
163
130
443
192
50
93
337
111
411
320
476
466
89
27
85
66
478
299
78
156
135
187
420
455
356
132
237
118
34
55
63
61
42
129
27
28
60
42
41
41
42
41
34
59
260
59
52
245
43
239
33
45
52
245
32
62
260
256
40
63
258
27
41
63
70
261
228
54
228
28
220
73
241
261
52
246
75
250
256
65
54
235
40
74
224
243
50
50
34
54
24
43
253
24
66
250
251
65
24
67
81
37
62
73
36
71
