53
453
432
161
310
427
310
434
437
428
332
331
396
205
431
431
477
338
369
485
434
359
434
305
432
326
304
327
431
121
205
485
150
26
232
46
216
426
375
361
250
55
162
158
134
177
463
372
253
227
257
474
44
212
180
123
192
81
259
67
85
101
243
156
207
196
190
113
154
184
181
202
72
194
196
184
117
133
181
244
262
144
188
175
61
188
119
184
119
136
208
169
147
170
193
203
113
215
201
181
157
190
196
233
194
101
158
452
431
161
309
426
309
433
437
428
331
330
396
204
431
431
477
337
368
484
434
358
433
305
432
324
304
326
431
121
204
484
150
25
231
45
215
426
374
360
250
54
161
157
134
177
462
371
253
226
257
474
43
211
179
123
191
81
258
64
85
101
243
156
206
195
190
112
153
183
180
201
72
193
195
184
116
132
195
243
262
143
188
174
60
188
119
181
119
135
204
168
146
172
192
202
112
214
200
180
157
190
192
233
194
101
158
