100
217
446
451
401
445
266
216
203
216
447
403
216
221
289
415
216
213
216
401
64
70
451
447
67
205
60
223
39
34
349
341
263
430
73
85
444
235
97
258
77
314
98
84
299
222
405
224
410
219
378
203
486
475
141
84
313
240
216
36
47
243
331
223
400
82
58
221
206
478
391
184
351
364
329
292
259
265
158
221
346
133
203
217
210
402
366
264
392
464
216
77
201
138
57
88
193
377
475
233
277
160
72
60
72
87
76
178
59
202
99
82
226
76
31
42
190
26
212
41
64
102
109
260
79
76
104
58
93
104
107
26
66
34
91
91
242
96
106
91
69
39
91
55
28
98
98
124
24
109
82
25
73
97
70
40
24
82
238
81
107
33
32
34
31
104
114
48
112
86
79
37
97
97
46
89
37
106
91
86
222
101
48
260
91
62
24
48
101
58
250
80
101
82
87
25
52
72
74
39
79
216
446
450
401
445
266
215
202
216
447
402
215
221
288
415
216
213
216
401
63
69
451
447
66
204
60
223
38
33
349
340
263
429
73
85
443
235
97
258
76
314
98
84
298
222
404
224
410
219
377
203
486
474
140
83
312
240
215
35
46
242
331
223
399
82
58
221
206
477
390
183
351
364
329
291
258
264
157
220
347
133
202
217
209
402
365
263
392
464
216
76
200
137
56
88
192
376
474
233
277
160
72
60
72
86
76
174
58
202
99
81
225
75
31
41
201
25
211
40
63
102
108
260
78
76
103
57
93
103
107
26
65
33
90
91
241
95
106
90
69
38
91
55
27
97
97
124
24
109
82
24
72
97
69
39
24
81
237
81
106
33
31
33
31
103
113
48
112
86
78
37
96
97
45
89
37
106
91
85
222
100
47
259
91
61
24
47
100
58
249
79
101
82
87
25
51
71
74
39
78
