97
129
393
476
129
109
129
71
258
86
132
454
130
424
326
132
394
130
62
85
459
132
27
34
337
245
46
59
99
105
401
300
463
256
72
40
136
130
315
130
394
305
398
174
101
445
344
50
431
339
142
306
97
337
131
196
69
131
131
276
94
193
393
115
312
412
443
300
157
317
487
136
72
74
407
379
465
27
356
86
313
115
93
164
359
455
189
132
152
341
322
407
487
244
375
478
313
385
118
238
33
136
61
154
44
63
55
61
43
166
28
40
28
42
178
64
40
261
43
260
248
35
59
248
45
256
73
248
40
33
41
55
229
246
205
31
190
53
24
227
63
51
33
226
224
44
185
28
55
63
50
256
65
253
223
236
261
244
75
261
47
263
34
44
68
68
62
70
82
65
31
258
241
44
24
26
66
252
71
76
54
43
73
37
71
57
209
52
45
58
42
205
254
42
29
129
393
476
129
109
129
71
258
86
132
454
130
424
326
132
394
130
62
85
458
132
27
33
337
245
46
59
99
105
401
300
463
256
72
39
135
129
315
129
394
305
398
174
101
445
344
49
431
339
142
306
97
337
130
196
69
131
131
276
93
193
392
115
312
412
443
300
157
317
487
136
72
74
407
379
465
27
356
86
313
115
93
164
359
454
189
132
152
340
322
407
487
244
375
478
313
385
118
238
33
135
61
156
44
63
55
61
43
166
28
40
28
42
177
64
40
261
43
259
248
35
59
248
45
256
73
248
40
33
41
55
229
246
204
31
190
53
24
226
63
51
33
225
223
44
185
28
55
63
50
255
65
252
223
236
261
243
75
260
47
263
34
44
68
68
62
70
81
65
31
258
241
44
24
26
66
252
71
76
54
43
72
37
71
57
208
52
45
58
42
204
253
42
29
