89
432
161
309
310
310
310
310
331
310
339
434
335
338
434
437
434
433
433
396
433
307
335
485
368
307
306
205
431
431
345
326
327
338
432
399
453
305
304
341
304
326
304
213
304
304
433
354
205
485
259
406
178
375
232
378
324
250
216
304
134
26
120
321
150
397
304
361
356
325
232
161
47
55
158
193
253
164
44
153
42
358
188
134
396
485
372
178
261
228
123
192
85
54
75
64
43
207
30
262
85
151
166
24
101
43
64
75
196
54
151
196
72
202
136
166
190
113
154
156
175
165
181
133
184
180
123
113
140
244
186
205
152
256
190
180
210
175
58
224
121
190
169
184
183
148
170
137
176
215
119
188
227
188
174
223
188
147
196
227
203
119
194
113
200
193
182
101
178
176
198
187
178
163
46
157
200
209
196
432
161
308
310
309
310
310
330
310
339
433
335
338
434
437
434
433
433
395
433
307
335
485
367
307
306
205
430
431
345
325
327
338
432
398
453
305
303
340
304
326
304
213
303
304
432
354
205
485
259
405
178
374
232
377
323
249
216
304
134
25
120
320
150
396
304
361
356
325
231
160
47
54
158
193
252
164
44
153
41
358
188
134
395
485
371
178
261
227
123
192
85
54
75
64
43
207
30
262
85
150
165
24
101
43
64
75
195
54
150
196
72
202
136
165
190
112
154
156
174
164
181
133
183
180
122
112
140
244
186
205
152
256
190
180
210
175
58
223
121
190
169
184
183
147
169
136
176
215
118
188
227
188
173
223
187
146
196
226
202
119
193
113
199
192
182
100
178
176
198
187
178
162
46
157
199
208
195
