91
450
446
216
401
207
216
290
221
266
42
451
64
213
404
401
415
223
445
67
486
447
70
73
39
204
85
406
406
349
36
97
219
342
263
430
217
478
444
84
78
314
85
141
203
221
475
224
235
313
380
258
240
60
243
329
83
66
221
200
377
364
300
351
158
393
221
292
259
403
223
329
57
209
203
390
233
193
181
265
133
396
476
56
446
242
365
256
382
263
383
205
61
72
160
72
56
178
31
76
76
109
107
64
26
82
41
42
58
87
79
73
97
102
91
94
76
55
27
98
107
81
109
109
27
66
34
232
86
236
40
69
39
91
70
25
123
98
98
96
24
83
91
82
104
33
33
104
119
44
102
73
97
29
97
91
101
86
90
37
62
34
46
87
90
46
80
39
52
34
106
101
30
73
114
251
107
108
80
36
48
105
112
450
445
215
401
206
215
289
220
265
42
450
63
213
404
401
415
223
444
67
485
446
69
72
38
203
84
405
406
348
35
97
219
341
262
429
216
478
444
83
78
313
84
141
203
220
474
224
234
312
380
257
239
60
243
328
82
65
220
200
376
363
299
350
158
392
221
291
258
403
222
329
56
208
202
389
233
192
181
265
132
395
476
56
445
241
364
255
382
263
383
204
61
72
160
72
55
177
31
75
75
109
106
63
26
81
40
41
57
86
78
73
97
102
91
93
75
54
27
98
106
81
109
108
27
65
34
231
86
236
39
69
39
91
69
25
122
97
97
95
24
83
91
81
103
32
33
104
118
43
101
73
97
28
97
91
100
85
90
36
61
33
45
87
89
46
79
38
51
34
106
100
30
73
114
250
106
107
79
36
48
104
111
