98
401
451
216
446
445
403
203
415
216
266
216
293
451
221
42
216
213
69
64
216
447
401
447
263
97
349
223
67
445
410
204
313
85
141
37
84
219
430
73
98
234
36
240
378
59
77
85
405
444
258
203
341
224
313
221
486
264
475
222
364
399
329
216
223
478
329
221
206
66
243
293
158
82
210
391
184
293
403
351
201
56
476
217
258
264
277
464
392
193
418
57
377
203
390
138
233
135
382
72
60
160
72
87
82
59
42
178
76
205
28
107
76
109
226
26
103
64
215
260
41
97
66
109
107
58
79
248
24
76
39
55
70
85
40
109
34
91
91
96
97
82
82
104
69
91
101
236
91
25
26
124
24
48
73
106
98
98
97
31
33
238
34
86
46
86
112
119
33
38
91
104
91
80
37
90
62
97
101
115
73
256
37
48
79
60
101
52
77
87
72
48
90
82
39
101
105
401
450
216
445
444
403
203
415
216
265
216
292
450
220
41
216
212
69
64
216
447
400
446
262
97
348
223
67
445
410
203
312
85
141
37
83
218
430
72
98
233
36
240
378
59
77
85
405
444
258
203
341
223
313
221
485
263
475
221
364
399
329
216
222
478
329
220
205
66
242
292
158
82
209
391
183
293
402
350
201
56
475
216
257
264
277
463
392
193
418
56
376
203
389
138
232
135
382
72
59
159
72
87
81
58
41
177
76
205
28
106
76
108
226
25
103
63
215
259
40
96
65
108
106
57
78
248
24
76
38
54
69
85
39
108
33
91
91
95
96
82
82
104
68
91
101
235
91
24
26
124
24
48
72
105
97
98
96
31
33
238
33
86
46
85
111
119
33
37
91
104
90
80
36
90
61
96
100
115
73
256
36
48
79
60
100
52
77
87
71
47
89
81
39
101
105
