91
452
432
434
310
338
310
437
434
310
435
311
332
332
310
434
339
434
433
427
396
307
433
335
307
306
431
166
369
338
478
341
431
342
326
485
305
396
431
326
427
427
214
178
304
378
304
304
476
204
354
327
426
417
463
259
153
487
325
304
359
27
405
232
160
427
331
216
250
361
304
406
453
178
372
272
487
55
361
436
375
188
47
194
305
250
253
42
120
212
227
348
180
124
183
54
166
67
101
85
81
193
24
156
207
43
37
262
48
73
259
196
151
62
196
136
166
154
187
202
182
184
142
113
156
171
72
120
178
141
181
235
246
146
190
244
184
205
256
196
178
209
262
204
186
181
224
179
62
195
190
198
119
119
184
198
223
144
136
170
188
176
202
191
200
157
263
52
193
147
210
168
184
119
203
110
132
190
176
187
158
196
169
452
432
434
310
338
310
436
433
310
434
311
332
332
310
434
338
433
432
426
396
307
432
335
307
306
430
166
368
337
477
341
430
342
326
485
305
396
431
325
427
426
214
178
303
378
304
303
476
203
354
326
425
416
463
258
152
487
324
303
359
26
405
232
159
427
331
216
250
360
304
406
453
178
372
271
487
54
361
435
375
188
46
195
305
250
253
41
119
212
226
347
179
123
182
54
166
67
101
84
81
192
24
156
207
43
36
262
47
72
258
196
151
61
195
136
166
154
186
201
181
184
141
112
155
171
72
119
178
141
180
234
245
146
189
244
183
204
255
196
178
208
262
203
186
180
230
179
62
194
189
197
119
118
184
198
222
143
135
169
187
175
202
191
199
157
263
52
192
147
210
168
184
119
205
109
132
190
176
186
157
196
169
