95
452
161
432
309
310
310
310
434
339
310
434
335
331
338
434
434
437
434
396
433
435
425
306
433
335
308
205
306
369
485
431
431
478
327
326
345
305
338
399
431
417
214
341
326
354
304
304
425
324
304
259
328
205
406
485
375
150
184
216
232
304
134
120
250
26
42
325
304
397
378
406
272
359
356
178
164
158
161
231
321
194
462
54
153
253
134
44
212
487
244
486
42
361
318
396
180
192
124
85
67
54
43
85
262
30
183
151
207
166
24
48
101
37
196
64
195
262
154
74
196
136
190
166
202
72
154
113
184
162
175
156
117
181
184
141
186
146
140
186
207
244
259
204
148
205
224
263
175
121
61
169
188
191
136
184
190
215
188
170
119
122
196
176
174
183
202
263
196
147
201
182
113
204
227
227
200
180
192
178
190
178
101
158
34
238
49
176
186
211
160
451
160
432
309
310
310
310
433
338
310
434
335
331
337
434
434
437
434
395
433
435
425
306
432
335
308
204
306
369
485
431
430
477
326
325
344
305
337
398
431
417
214
341
325
354
304
303
425
323
304
258
327
204
406
485
374
149
184
216
232
304
133
119
250
25
42
324
304
396
377
406
272
359
355
177
163
157
161
231
320
193
462
54
152
253
133
43
212
487
243
486
41
360
317
395
179
192
123
85
67
54
43
85
261
30
182
150
207
165
24
48
101
36
196
64
195
262
153
74
196
135
189
166
201
72
154
112
183
162
174
155
116
180
184
141
185
145
139
185
207
244
258
204
147
205
223
262
174
120
60
169
187
190
136
184
190
215
187
170
119
121
196
176
173
183
201
263
196
146
201
182
113
203
227
226
199
180
191
178
190
177
100
157
34
238
49
176
186
210
160
