90
401
451
216
446
266
290
445
403
415
204
447
42
221
64
223
61
400
213
205
451
67
263
349
38
36
97
84
141
341
430
83
410
444
313
478
475
98
203
329
219
406
85
378
264
487
78
223
73
235
210
102
259
240
292
222
220
200
364
83
400
277
77
71
184
313
243
224
377
300
55
365
158
402
390
329
393
65
351
205
477
447
221
194
259
216
264
175
184
383
57
72
61
160
72
76
31
87
82
41
59
99
109
76
61
58
104
41
26
76
109
79
66
108
94
81
109
55
70
26
37
40
24
236
42
86
98
88
25
33
109
98
91
82
106
73
69
34
91
96
91
98
91
82
90
98
47
101
97
104
31
78
81
102
37
24
33
124
72
29
115
24
91
62
79
46
101
119
97
111
73
262
86
52
37
253
48
25
50
105
87
401
450
216
445
266
290
444
403
415
204
446
41
221
63
222
60
400
212
205
450
66
262
348
37
36
97
83
141
341
430
82
410
444
312
478
475
98
202
328
218
406
85
378
263
487
77
222
72
234
210
102
259
240
291
222
219
200
364
83
400
277
77
70
183
312
242
223
377
300
54
365
158
402
390
329
393
65
350
205
477
447
221
193
258
215
263
174
183
383
56
72
61
159
72
76
30
86
81
41
58
99
108
76
61
58
103
41
25
75
108
79
65
107
93
80
109
54
70
26
37
39
24
235
42
86
98
87
25
33
108
98
90
81
106
72
69
34
91
96
90
97
91
81
90
98
46
101
97
103
31
77
81
102
36
24
33
124
72
29
114
24
90
62
79
45
100
118
96
110
73
262
85
51
36
252
47
25
49
104
87
