90
451
266
446
216
401
445
294
404
447
208
216
70
214
216
221
206
216
414
64
67
217
401
452
35
341
350
73
216
97
223
406
43
264
141
430
36
217
79
203
60
220
235
240
206
406
224
379
330
85
222
313
224
221
61
464
266
259
478
475
444
195
221
82
266
244
217
217
210
384
403
396
364
56
293
57
292
351
259
377
329
278
476
447
175
139
367
414
200
390
89
61
76
72
160
72
87
29
82
99
59
175
102
26
199
76
76
186
42
61
79
220
41
109
100
26
108
91
210
109
58
98
112
66
70
37
80
232
69
25
101
109
96
82
109
27
34
82
33
91
98
42
124
44
121
59
106
91
86
98
236
52
86
79
55
25
244
256
91
100
62
31
97
111
39
87
89
97
37
72
46
79
74
262
25
82
24
88
99
90
25
451
265
446
215
400
444
293
403
446
207
216
69
213
215
221
205
215
413
63
66
216
400
451
34
340
349
72
215
96
223
405
42
263
140
429
35
217
78
202
59
220
235
239
205
405
223
378
329
84
222
312
224
220
61
463
265
258
477
474
443
194
221
82
265
243
217
217
209
383
402
395
363
56
292
56
291
350
258
376
328
277
476
446
174
138
367
413
199
389
88
60
76
71
159
72
86
29
81
99
58
175
102
26
198
75
76
185
42
61
78
220
41
108
100
26
107
91
209
109
57
97
112
66
69
37
80
232
69
25
100
109
95
81
108
26
34
81
33
91
98
42
124
44
121
59
106
91
85
97
236
52
85
78
55
24
244
256
91
100
61
30
97
111
39
86
89
96
36
71
46
78
73
261
25
82
24
87
98
90
24
