90
452
432
434
310
338
310
310
434
437
309
339
434
311
435
310
332
331
434
434
433
396
311
307
427
434
205
335
307
166
368
431
306
431
338
341
478
342
484
326
305
399
431
304
326
327
354
304
476
378
214
204
304
304
462
426
178
485
160
122
325
417
406
232
26
331
216
136
153
250
427
361
397
187
304
231
321
47
453
153
55
436
305
372
195
371
250
158
212
113
253
180
124
183
54
166
64
75
85
101
85
262
24
24
193
34
156
207
37
48
73
196
44
151
259
61
190
196
136
187
202
154
166
113
182
142
184
156
72
171
120
184
141
256
181
262
209
205
196
183
146
178
244
190
180
204
199
61
198
189
195
186
121
184
119
144
136
244
188
170
223
188
174
187
176
227
226
119
192
178
194
210
110
157
203
171
132
112
158
208
190
452
432
434
310
338
310
310
434
437
308
339
434
311
435
310
332
330
434
434
433
395
311
307
427
434
204
334
307
165
368
431
306
431
337
340
477
342
484
325
305
399
431
303
325
326
353
304
476
378
213
203
303
304
462
425
178
485
160
122
324
417
406
231
25
331
215
136
153
250
426
361
396
186
304
231
321
46
452
152
54
435
304
372
194
370
250
157
211
112
253
180
124
183
54
166
64
75
85
101
85
262
24
24
192
34
156
206
37
48
73
195
44
150
258
61
190
195
136
187
201
153
165
113
181
142
184
156
72
171
119
183
141
255
180
262
209
205
196
183
146
177
243
190
179
204
198
61
197
188
194
185
121
184
118
144
136
243
188
170
223
187
174
186
175
226
226
119
191
178
194
209
109
157
203
171
131
111
158
207
190
