91
432
452
161
309
310
310
310
310
434
339
426
331
335
338
437
434
434
396
433
307
433
335
307
485
205
369
434
306
431
427
431
435
327
326
345
338
399
305
214
341
431
326
304
304
304
354
205
259
485
406
397
304
232
178
216
375
378
324
134
250
42
26
304
178
120
359
321
325
272
150
232
356
158
161
361
304
164
193
305
55
254
244
188
153
44
487
372
261
42
212
134
124
178
192
85
67
54
43
30
85
262
262
207
151
166
101
48
37
198
64
154
75
196
136
72
190
202
183
166
154
250
113
194
165
175
156
181
187
120
146
140
141
186
205
244
259
209
175
224
58
121
175
190
184
190
136
169
183
148
215
170
122
119
176
200
188
198
227
196
263
188
227
147
113
203
188
216
182
200
110
194
193
238
187
178
101
46
157
209
176
158
178
431
451
161
308
309
310
310
310
434
338
425
330
334
337
437
434
434
395
433
307
433
335
306
484
205
369
433
305
431
427
431
434
326
325
345
338
398
304
214
341
431
325
303
304
304
353
205
259
484
406
396
303
232
178
216
375
377
324
134
250
41
26
304
178
120
358
320
324
271
149
231
356
158
160
361
303
164
192
305
54
253
243
188
153
44
487
372
260
42
212
134
123
177
191
84
66
54
43
30
85
261
261
206
150
165
101
47
36
197
63
153
74
195
135
72
189
202
182
165
154
252
113
194
164
174
155
180
187
120
146
140
141
186
204
243
259
208
175
224
58
121
175
189
183
189
135
169
182
147
214
170
122
119
176
199
188
198
226
195
262
187
226
147
112
202
188
215
182
200
109
193
192
237
187
178
100
45
157
209
176
158
178
