87
129
129
393
129
454
109
129
86
476
129
425
132
258
129
326
71
132
85
56
394
132
337
245
58
294
70
339
319
306
97
66
465
256
130
137
432
101
130
105
174
441
196
401
338
398
130
164
380
394
382
136
412
313
443
186
93
111
487
317
465
407
142
296
393
78
157
304
300
188
357
276
487
344
314
438
33
115
86
244
131
319
356
385
374
412
407
455
118
151
238
130
42
61
140
55
33
172
28
61
63
161
42
41
28
41
59
42
42
35
59
44
38
52
188
32
55
64
62
32
41
184
246
44
51
205
74
63
28
65
248
49
228
194
54
240
53
250
81
34
261
41
69
76
50
70
62
44
258
28
28
261
25
68
43
68
37
37
261
53
238
42
261
52
71
66
42
71
52
26
29
203
60
45
74
129
128
393
128
454
109
129
85
476
128
425
131
258
128
326
70
132
84
56
394
131
337
244
57
294
69
338
319
306
97
65
465
255
130
137
432
101
129
105
173
441
195
400
338
398
130
163
379
394
382
135
411
312
443
185
93
111
486
317
465
406
142
295
393
77
157
304
300
188
356
276
486
343
314
438
33
114
86
243
131
318
356
384
373
411
406
455
118
150
238
129
42
60
139
54
32
171
27
60
62
160
41
40
28
40
58
42
41
35
59
43
37
51
188
32
55
63
61
31
41
183
246
44
51
204
73
63
28
64
248
48
227
193
54
240
53
249
81
34
261
41
68
75
50
70
61
43
258
28
27
260
24
68
42
68
37
37
261
53
237
41
260
52
70
65
42
71
52
25
28
205
60
45
74
