97
452
432
434
310
338
310
310
434
437
309
339
434
311
435
310
332
331
434
434
433
396
307
427
434
205
335
307
166
368
431
306
431
338
341
478
342
484
326
305
399
304
427
431
427
326
327
354
304
304
476
378
214
204
304
259
138
462
426
485
153
122
325
184
160
417
406
232
26
331
216
125
427
136
250
361
397
304
153
321
232
47
406
178
55
272
453
436
305
372
371
250
158
212
113
396
253
348
180
124
183
54
166
64
75
85
101
85
262
24
24
193
43
156
207
37
48
73
196
151
259
61
190
196
136
187
202
154
166
113
182
142
184
156
72
171
120
184
256
235
141
246
181
262
209
205
244
196
183
146
178
190
224
214
180
204
61
188
189
195
190
198
186
121
184
119
144
136
205
223
247
170
188
174
176
178
226
228
119
202
200
193
263
192
210
110
157
171
132
112
158
208
163
190
169
452
432
434
310
338
310
310
434
437
309
338
434
311
435
310
332
331
434
434
433
396
307
427
434
204
335
307
165
368
431
306
431
338
341
478
342
483
326
305
399
303
426
431
426
326
327
354
303
303
476
378
214
204
303
259
137
462
426
485
153
121
325
184
160
417
406
232
26
331
216
124
427
136
250
361
397
304
152
320
232
47
406
177
55
272
453
435
305
372
371
250
158
211
113
396
252
348
180
124
183
54
166
64
75
85
101
85
262
24
24
193
43
156
207
37
48
73
196
150
259
61
189
196
136
186
202
154
165
113
182
142
184
156
72
171
120
184
256
234
141
246
181
262
209
204
243
196
183
146
178
189
224
213
180
204
61
187
188
195
189
198
186
121
183
119
144
136
202
223
246
169
188
174
175
178
226
228
118
201
200
193
262
192
210
110
157
171
132
112
157
207
163
190
169
