37
162
435
310
434
340
434
452
308
434
341
305
427
478
369
437
432
332
326
427
179
324
304
436
476
54
426
121
42
254
31
28
216
162
453
362
158
250
189
194
70
51
262
70
181
142
110
153
112
259
183
199
99
154
204
190
226
190
145
202
184
196
189
204
188
119
190
195
119
136
203
192
187
110
129
163
436
311
436
342
436
454
310
435
342
306
428
479
370
439
433
333
327
429
180
324
305
437
477
55
427
122
43
254
33
30
217
164
454
363
159
251
189
194
69
57
262
63
180
133
109
153
111
259
182
199
98
154
204
189
222
190
145
201
183
196
188
204
187
119
187
195
119
135
202
192
186
109
128
