76
209
218
447
403
217
218
291
447
223
415
268
143
204
454
413
453
67
225
262
71
266
352
242
227
75
314
408
222
218
432
404
477
48
379
223
465
80
67
223
267
403
99
224
301
141
237
86
295
206
404
331
365
218
391
331
344
352
480
262
219
61
211
244
258
199
279
178
234
59
295
372
379
416
91
468
244
60
160
70
72
172
223
31
87
77
42
76
70
76
106
24
60
65
58
94
103
66
107
86
102
91
42
98
112
235
38
82
98
110
82
87
58
69
119
123
106
41
109
33
29
80
96
91
95
108
62
33
97
247
80
46
27
97
75
42
259
104
91
36
83
55
79
25
38
87
41
111
72
78
25
79
107
208
217
446
402
216
217
290
446
222
414
267
142
203
453
412
452
66
224
261
70
265
351
241
226
74
313
407
221
217
431
403
476
47
378
222
464
79
66
222
266
402
98
223
300
140
236
85
294
205
403
330
364
217
390
330
343
351
479
261
218
60
210
243
257
198
278
177
233
58
294
371
378
415
90
467
243
60
159
69
71
171
223
31
86
77
41
75
69
75
105
24
59
65
58
94
103
65
106
86
102
91
42
98
111
235
37
81
98
110
82
86
58
69
119
122
105
41
109
32
28
80
96
91
94
107
62
32
96
247
80
45
27
97
74
42
258
103
91
35
82
54
79
24
37
86
40
111
71
77
24
79
107
