97
216
446
401
451
445
266
216
203
216
403
216
415
447
213
221
290
216
401
42
61
205
451
67
64
349
39
341
223
263
430
73
85
85
259
378
77
314
98
235
411
224
222
405
220
444
203
73
475
141
486
330
240
36
84
216
243
313
264
329
223
289
364
206
221
400
66
184
477
351
83
56
391
203
259
158
210
217
402
201
221
366
264
464
300
475
135
392
446
377
77
294
217
368
242
138
57
88
160
72
72
60
87
76
178
59
202
82
226
42
99
26
76
31
212
41
109
104
76
109
79
64
107
93
26
58
66
34
91
55
91
91
82
69
39
91
96
24
125
98
98
109
239
25
109
97
70
73
33
82
81
40
238
33
24
106
46
34
97
97
112
48
31
119
37
86
97
104
115
79
48
37
91
91
260
62
102
86
24
48
58
29
74
101
101
251
72
80
87
250
111
107
82
87
25
215
446
401
451
445
266
215
203
216
403
216
415
447
213
221
290
216
401
41
61
205
451
66
64
349
39
341
223
263
430
72
85
85
259
378
77
314
98
235
411
224
222
405
220
444
203
73
475
141
486
330
240
36
84
216
243
313
264
329
223
289
364
206
221
400
66
184
477
351
83
56
390
203
259
158
210
217
402
201
221
366
264
464
300
475
135
392
446
377
77
294
217
368
242
138
56
88
160
72
71
60
87
76
177
59
202
81
226
42
99
26
76
31
212
41
108
104
76
109
79
64
107
93
26
58
66
34
90
55
90
91
81
69
39
90
96
24
125
98
98
109
238
25
108
97
69
73
33
82
81
40
238
33
24
106
46
34
97
97
112
48
31
118
37
85
97
103
114
78
48
37
91
91
260
61
102
86
24
48
58
29
74
101
101
251
72
80
87
250
111
107
81
87
25
