77
393
85
130
75
475
101
423
257
114
131
85
394
97
458
320
135
55
400
66
69
27
59
465
33
431
130
338
337
114
96
173
441
41
396
318
94
67
99
255
106
199
140
129
294
297
448
457
337
244
99
66
188
316
45
157
109
306
165
406
384
86
394
73
357
342
313
487
151
446
298
192
378
485
487
455
356
447
238
55
31
41
33
139
28
59
63
61
39
45
67
42
34
246
59
248
251
52
259
45
30
245
43
43
185
35
73
253
63
28
262
228
46
166
62
263
40
127
225
27
208
38
28
46
263
49
59
52
262
61
62
252
67
52
55
53
258
29
66
34
31
43
232
255
70
56
262
65
75
242
26
55
73
24
247
393
85
130
75
475
114
422
256
113
130
85
393
96
458
320
135
54
400
66
69
27
59
465
33
431
130
337
336
114
95
172
440
40
396
318
111
66
98
254
117
199
140
129
294
297
448
457
337
244
99
65
187
315
45
157
109
306
164
405
383
86
393
73
357
341
312
486
150
445
298
191
377
485
486
455
356
447
238
55
31
40
33
144
28
59
62
60
38
44
66
42
34
246
59
247
250
52
259
45
30
245
42
43
184
35
72
253
62
27
262
228
45
160
61
262
39
139
228
27
210
37
27
46
262
49
58
52
262
61
62
251
66
52
54
53
257
29
66
34
30
43
232
254
69
56
261
65
74
242
25
55
73
24
247
