97
401
451
216
446
445
403
446
203
415
216
266
293
451
221
42
216
216
213
69
64
216
401
447
263
97
349
223
67
410
444
204
313
85
37
141
84
219
73
430
98
234
405
36
240
378
59
77
85
258
203
341
224
486
475
313
221
264
222
364
399
329
216
223
478
329
221
206
66
243
293
158
82
210
391
476
184
293
403
201
351
56
365
217
258
264
277
464
383
193
418
57
377
203
390
393
138
233
72
60
160
72
87
82
251
59
42
178
76
28
107
76
109
191
226
26
103
64
215
41
97
66
109
107
58
79
24
239
76
39
55
85
70
40
109
91
34
91
96
101
97
82
82
104
69
91
91
25
26
124
73
98
24
48
106
98
97
31
33
238
34
86
46
86
112
119
33
38
91
104
91
80
73
37
90
62
101
97
115
24
256
37
48
79
60
105
52
77
87
72
48
90
101
82
39
400
451
216
446
445
403
445
202
414
216
266
293
451
221
42
216
215
213
69
63
215
401
447
263
96
349
222
66
410
444
204
313
84
36
140
83
219
72
430
97
234
404
35
239
377
59
76
84
257
202
340
224
486
474
312
220
263
222
363
399
328
215
223
477
329
221
206
66
243
293
157
82
210
390
475
184
293
403
200
351
56
364
216
258
263
277
464
383
193
417
57
377
202
389
392
137
233
71
60
160
71
86
82
248
58
41
178
76
28
106
75
108
191
226
26
103
64
214
41
97
65
109
106
58
79
24
241
75
39
55
85
70
40
109
90
33
90
95
101
97
81
81
104
69
90
90
25
25
123
72
98
24
47
106
98
97
31
32
237
34
86
46
85
112
119
32
37
90
104
91
80
73
37
90
61
101
97
115
24
255
37
47
79
59
104
51
77
87
71
48
89
100
82
38
