40
414
414
414
414
293
293
334
293
418
453
334
299
413
291
162
413
287
363
321
409
287
389
464
370
288
142
237
487
64
469
162
436
394
319
160
397
104
34
425
46
171
73
30
45
49
27
195
67
92
169
130
148
111
77
215
145
105
132
262
262
145
152
66
175
261
186
259
165
263
172
101
172
263
252
235
108
263
165
170
180
410
410
410
410
289
289
330
289
414
449
330
295
409
287
159
409
283
359
317
405
283
385
460
367
283
138
233
484
60
465
158
432
390
315
156
393
133
30
421
43
170
73
29
44
52
32
195
67
92
168
130
144
111
76
214
145
105
132
261
261
144
148
66
174
261
188
259
165
262
172
101
171
262
251
225
108
259
164
169
180
