34
207
88
207
200
203
79
205
133
200
213
82
462
309
85
310
219
233
34
436
312
82
452
203
407
54
84
473
340
431
78
328
323
377
213
86
68
109
230
96
101
148
131
245
138
78
148
256
260
122
85
85
150
89
132
187
142
137
140
151
143
33
88
108
64
89
255
123
98
184
65
184
177
180
56
181
136
177
190
59
438
318
62
287
196
210
45
412
289
59
429
180
416
31
60
450
316
408
55
304
337
354
191
85
67
108
226
95
101
147
128
244
138
78
148
255
260
121
84
85
143
89
132
187
142
136
141
151
143
32
87
107
64
89
260
122
97
