92
393
129
476
109
129
71
132
132
258
86
424
130
454
326
85
394
62
459
337
140
34
27
55
245
300
401
99
130
105
316
463
255
46
432
72
135
305
398
130
48
174
394
130
37
101
441
49
339
97
345
306
337
142
131
130
193
443
28
115
196
69
131
412
393
130
276
300
321
136
74
157
72
379
407
359
164
465
86
313
316
356
341
189
115
455
132
340
93
132
385
487
478
238
118
33
61
157
44
28
61
63
55
28
175
42
40
40
42
64
261
35
51
245
259
49
59
40
248
256
187
73
31
32
41
248
44
55
248
24
227
205
238
63
53
48
235
51
28
224
185
63
226
55
50
29
236
259
75
41
24
47
65
253
226
34
261
215
261
68
53
82
31
66
65
241
258
43
54
44
66
252
63
26
209
37
71
73
38
197
76
71
29
58
254
393
128
475
108
129
71
131
131
257
86
424
130
453
326
85
394
62
459
337
139
34
26
54
244
299
400
99
130
105
315
462
254
45
431
72
135
304
398
130
47
173
394
130
36
100
440
48
338
97
344
305
337
141
130
130
193
442
27
115
196
68
130
411
392
129
275
299
320
135
74
156
72
379
406
358
163
465
86
313
315
355
340
188
115
454
131
339
93
132
385
486
477
238
117
32
60
157
44
27
60
63
55
28
175
42
40
40
41
63
260
35
51
244
258
48
59
40
248
255
187
73
31
31
40
247
43
55
247
24
226
205
237
63
53
47
234
50
28
223
185
63
226
54
49
29
236
259
74
40
24
46
65
253
226
34
260
215
260
67
53
82
30
66
65
241
257
43
54
43
66
252
63
25
208
36
70
73
37
197
75
71
28
57
254
