92
452
432
434
310
310
338
339
434
435
310
434
335
437
396
331
433
307
425
205
310
335
345
307
166
431
485
306
478
431
369
327
338
432
397
305
326
427
427
214
354
304
304
462
341
304
304
326
178
431
485
328
259
418
476
304
426
324
136
216
178
406
426
204
139
232
304
361
375
42
272
250
125
325
453
406
26
150
232
356
304
134
436
158
321
154
55
188
44
397
253
212
153
180
123
183
84
64
166
262
85
193
43
24
151
101
196
207
75
154
262
190
74
196
156
136
187
154
72
166
184
113
202
165
181
133
181
123
175
235
250
146
209
113
205
180
140
190
259
186
190
144
58
263
221
186
196
244
204
148
250
136
200
121
220
178
213
184
176
190
168
122
263
170
192
196
192
202
119
189
227
147
223
179
208
113
227
200
194
184
101
171
190
158
178
452
431
433
309
310
338
338
434
434
309
434
335
436
395
331
433
307
425
204
310
335
345
307
165
430
485
306
478
430
369
327
338
431
396
305
325
427
427
213
353
304
304
462
341
304
303
325
177
431
485
327
258
417
476
304
426
324
136
215
177
405
426
203
138
231
304
360
374
41
271
250
125
325
453
406
25
149
231
356
304
134
436
158
321
153
54
188
44
397
253
211
153
180
123
183
84
64
165
261
84
192
43
24
150
101
196
206
74
154
261
189
74
195
156
136
187
154
71
165
184
112
201
164
180
133
180
122
174
234
250
146
208
112
205
179
140
189
259
185
190
144
57
262
220
185
196
244
203
148
249
135
199
121
220
177
213
183
176
189
167
122
262
169
192
195
192
201
118
188
227
147
223
179
208
113
226
199
194
183
100
171
189
157
177
