89
393
129
476
85
71
326
129
424
131
109
131
258
33
245
394
85
129
135
46
294
458
394
58
70
97
139
337
88
458
141
400
26
97
338
255
316
298
431
114
466
37
173
397
129
40
66
442
130
47
66
344
448
306
69
91
189
45
276
99
316
298
115
76
28
136
166
157
312
444
337
151
487
339
359
405
316
304
411
356
92
393
131
186
341
477
188
245
343
104
238
118
34
58
44
40
154
28
61
61
30
63
245
59
42
48
178
246
242
39
40
53
44
55
64
51
35
38
261
27
248
260
253
182
41
31
28
44
73
30
232
63
227
46
263
251
29
256
224
262
226
46
55
65
263
61
252
261
52
46
65
47
34
24
82
53
68
260
263
50
57
70
194
43
258
62
44
37
26
76
261
71
71
209
254
37
261
238
74
392
128
475
85
70
326
128
423
130
108
130
257
32
244
393
84
128
134
46
294
457
393
57
69
97
138
337
87
457
140
400
25
97
337
254
315
297
430
113
466
36
172
396
129
39
66
441
129
47
65
343
447
305
68
90
188
44
275
98
316
297
115
75
28
135
166
156
312
443
337
150
486
339
358
404
315
303
410
355
92
392
130
185
340
477
187
244
342
103
238
117
33
58
43
40
154
28
60
60
30
62
244
59
42
47
178
246
242
39
39
52
43
55
64
51
34
38
261
26
247
260
253
182
41
30
27
44
72
30
232
63
226
46
262
250
28
255
224
262
225
45
55
65
262
61
251
260
52
46
64
46
34
24
81
53
67
260
262
50
56
69
193
43
257
61
44
36
25
75
260
70
70
208
254
37
261
238
73
