70
452
432
434
161
310
310
310
310
434
437
435
335
434
434
434
433
434
427
205
478
431
431
485
328
307
305
381
345
427
427
324
432
150
214
418
476
462
485
426
205
356
184
258
341
121
426
216
406
26
42
158
406
272
250
259
178
134
453
54
232
232
153
162
436
366
164
42
250
245
212
180
124
183
192
54
81
34
70
85
101
193
151
24
34
48
75
64
259
190
184
113
154
72
162
133
117
219
156
243
232
148
135
189
146
186
196
180
60
204
175
147
191
233
141
188
220
136
121
119
122
113
202
263
170
221
201
215
190
192
227
184
178
203
208
186
182
176
132
195
158
451
432
433
160
309
309
309
309
433
436
435
335
434
434
434
432
433
427
205
478
431
430
485
328
306
305
390
345
427
426
324
432
150
214
417
476
461
485
425
205
355
184
258
340
121
426
216
406
26
42
158
406
272
249
259
178
134
452
54
232
231
152
162
436
366
163
42
249
244
212
179
123
182
191
54
80
34
69
85
101
192
151
24
34
48
75
64
259
190
184
112
154
72
162
133
116
219
155
242
232
148
134
189
145
185
195
179
59
203
174
147
190
233
141
188
220
136
121
119
121
113
201
262
169
220
201
215
190
191
227
183
178
202
207
185
182
175
131
194
157
