92
217
446
401
451
445
266
203
403
401
447
213
221
415
42
290
61
205
451
67
64
39
349
341
223
263
430
73
97
85
259
85
378
77
314
98
235
410
73
475
222
405
203
224
220
141
486
330
240
36
84
243
313
264
66
289
329
444
206
223
364
400
221
184
477
56
351
391
83
203
259
158
201
210
402
366
221
264
464
300
475
135
377
447
392
446
77
294
242
368
138
57
88
159
72
72
60
87
76
59
82
41
99
26
76
42
109
31
104
76
109
79
64
93
107
26
58
66
34
91
106
55
91
91
82
69
39
91
96
24
109
97
98
98
25
125
112
70
73
33
82
81
40
33
24
106
119
97
46
236
112
34
97
31
48
37
86
115
97
79
101
48
37
91
102
91
62
24
86
48
58
29
74
101
72
263
101
251
80
87
107
111
82
87
25
217
446
401
451
445
265
203
403
401
447
213
221
415
42
290
61
204
451
66
64
39
349
341
223
263
430
73
97
85
258
85
378
77
314
98
235
410
73
475
222
405
203
224
220
141
486
330
240
36
84
243
313
263
66
289
329
444
205
223
364
400
221
184
477
56
351
391
83
203
259
158
200
210
402
366
221
264
464
300
475
135
377
447
392
446
77
294
242
368
138
56
88
158
72
72
60
87
76
59
82
41
99
26
75
42
109
31
104
76
109
79
64
93
107
26
58
66
34
90
105
55
90
91
82
69
39
90
95
24
108
97
97
98
25
124
111
70
73
33
81
81
40
33
24
106
118
96
46
236
111
34
97
31
48
37
86
115
97
79
101
48
37
91
101
90
62
24
86
48
58
29
74
100
72
263
101
250
80
87
107
111
82
87
25
