93
401
451
446
216
266
290
445
403
216
415
64
207
447
400
216
221
70
214
205
223
349
42
67
452
263
216
36
39
60
97
84
141
430
487
410
265
341
219
98
235
203
444
84
85
73
313
329
377
475
240
405
79
478
225
210
258
66
83
224
377
216
220
400
222
277
300
292
56
205
184
313
244
364
77
365
221
195
391
403
200
464
351
216
329
393
259
477
264
175
185
383
57
390
72
61
72
160
76
31
87
82
178
41
64
56
99
41
226
76
102
26
76
58
108
109
79
109
66
216
81
93
104
109
55
70
37
73
24
106
26
109
88
96
25
239
40
91
91
42
33
83
98
82
98
69
86
33
91
91
119
104
124
73
238
47
31
98
78
29
90
115
109
37
24
25
97
81
24
87
52
79
62
99
60
97
253
46
101
37
73
48
25
50
105
87
90
400
451
445
216
266
289
444
403
216
415
64
206
447
400
215
220
70
214
205
222
349
42
66
452
263
215
36
39
60
96
84
141
430
486
410
264
341
219
97
235
203
444
84
85
73
313
329
377
475
239
404
79
478
224
210
257
66
83
224
377
215
219
400
222
277
300
291
56
205
183
313
244
363
77
365
221
194
390
403
200
463
350
216
329
393
258
477
264
175
184
382
56
390
72
61
71
160
76
31
86
81
177
41
64
55
98
41
225
75
102
25
76
57
108
108
79
108
66
215
81
92
103
108
55
69
37
73
24
106
26
109
88
95
24
239
40
91
90
41
33
83
98
81
98
69
86
32
91
90
119
103
124
72
237
46
31
98
78
28
90
115
109
36
24
25
97
80
24
87
51
78
62
99
60
97
252
46
100
36
72
48
25
49
104
87
89
