87
452
432
310
310
310
434
310
434
434
335
434
435
339
335
338
437
434
396
434
307
434
158
425
306
307
477
368
431
431
327
397
485
306
153
338
335
326
305
417
463
427
427
341
432
304
304
128
345
304
259
354
213
485
328
304
26
476
205
216
426
232
426
324
325
361
325
321
386
406
360
406
250
232
304
47
158
378
272
304
348
303
54
250
42
253
397
244
180
124
54
34
67
85
78
24
183
205
34
194
262
151
166
101
48
196
70
148
58
189
262
166
136
184
202
154
113
162
181
72
88
204
182
193
175
117
186
181
232
246
141
135
244
205
221
156
259
224
207
152
61
263
190
119
199
175
136
204
184
220
148
203
147
188
227
189
121
188
199
170
227
176
119
112
178
263
216
166
226
192
132
176
190
171
238
452
432
309
309
309
433
309
434
433
335
434
435
339
335
337
437
434
395
433
307
433
158
424
306
306
477
368
430
431
326
396
485
305
153
337
334
326
305
417
462
427
427
341
432
304
304
128
344
303
259
353
213
485
327
304
26
476
205
216
426
231
425
324
324
361
324
320
386
406
360
406
249
232
304
47
157
378
271
303
348
302
54
250
42
252
396
243
179
124
54
34
66
85
78
24
182
205
34
193
262
151
165
101
48
196
70
148
58
191
261
166
136
183
201
154
112
162
180
71
87
203
181
192
175
116
186
180
232
246
141
134
244
205
223
155
259
223
206
151
60
262
190
118
199
172
135
204
183
219
148
202
147
188
226
188
120
187
199
170
226
176
118
112
178
262
215
165
225
191
131
176
190
170
237
