85
432
161
309
310
310
453
310
310
331
310
339
434
335
338
434
437
434
433
433
433
307
335
485
307
306
368
205
431
431
433
345
326
327
433
338
432
305
304
341
304
326
304
431
213
304
304
354
205
485
259
304
406
178
232
324
406
250
216
134
26
120
321
150
304
356
325
361
232
161
55
47
158
193
253
164
44
153
42
358
188
134
396
485
178
261
123
192
85
54
75
178
64
43
207
30
262
85
151
166
24
101
43
64
75
54
151
196
72
136
163
202
190
113
154
184
156
175
165
197
181
133
123
113
140
244
186
205
144
152
256
190
210
175
58
224
174
121
190
184
148
202
170
137
215
119
188
227
188
223
147
196
188
227
203
194
119
113
200
193
182
101
178
176
198
187
178
163
46
200
209
432
161
308
310
309
453
310
310
331
310
338
433
335
338
434
437
434
433
433
433
307
335
485
307
306
367
205
430
430
432
344
325
327
432
338
432
305
303
340
304
326
304
431
213
303
304
353
205
485
259
304
405
178
232
323
405
249
216
134
25
120
321
150
304
356
324
361
232
160
54
47
157
193
252
164
44
153
41
358
188
134
396
485
178
261
123
192
85
54
75
178
64
43
207
30
261
85
150
165
24
101
43
64
75
54
150
196
72
136
162
201
190
112
154
184
155
174
164
199
180
133
122
112
140
244
186
205
144
152
256
190
210
175
58
224
173
121
190
184
147
198
169
136
215
118
188
227
188
223
147
196
187
227
202
194
119
113
199
192
182
100
178
175
197
187
178
162
46
199
208
