90
452
432
434
338
310
310
310
434
339
435
311
310
335
437
434
396
331
433
205
433
433
425
307
310
335
307
345
431
485
478
431
307
369
327
338
166
432
305
397
326
427
427
462
214
354
304
304
341
304
304
431
324
485
259
304
418
476
426
426
216
325
378
178
204
124
406
375
232
361
250
272
42
453
153
303
26
178
406
356
321
436
149
55
158
189
232
160
44
487
212
180
123
183
166
84
54
64
85
262
193
24
43
151
101
43
196
207
64
190
54
75
262
157
74
196
136
156
154
72
184
113
147
202
165
181
187
133
123
181
178
246
235
180
146
209
113
205
140
259
190
144
148
58
224
244
186
196
217
204
136
195
183
190
178
195
121
169
184
190
170
263
122
192
178
180
119
200
202
147
227
208
189
193
113
184
227
198
101
34
158
451
432
434
337
310
309
309
433
339
434
311
309
335
437
434
396
330
433
204
433
433
425
307
310
335
307
345
431
484
477
431
306
368
327
338
165
432
305
397
326
427
426
462
214
354
304
304
340
303
304
431
324
485
258
303
418
475
426
426
216
324
378
177
203
123
406
374
232
360
249
271
41
453
152
302
26
177
406
355
320
436
148
55
158
188
232
159
44
487
212
180
122
182
166
83
53
63
85
262
192
24
42
150
101
43
195
206
64
189
54
75
262
157
73
196
136
156
153
72
184
113
147
201
164
181
187
133
122
180
178
246
235
180
146
208
112
204
140
258
189
144
147
58
223
244
186
195
217
204
135
195
182
189
178
194
120
168
184
189
169
262
121
191
178
180
118
199
201
147
227
207
188
192
113
184
226
197
100
34
157
