87
393
476
129
129
114
76
325
129
131
258
85
89
458
129
132
424
458
57
431
68
336
27
394
34
317
99
136
300
399
453
66
114
46
338
464
245
141
140
129
97
255
173
101
337
67
441
443
399
306
38
196
299
447
99
48
394
69
130
131
448
92
344
111
400
73
379
316
275
157
194
131
184
298
344
322
256
487
131
341
45
381
455
330
223
247
93
165
239
34
118
172
61
41
42
136
30
63
58
43
42
154
61
28
259
62
44
53
35
260
42
245
32
253
246
40
229
249
249
73
242
188
32
59
27
51
184
64
40
63
52
49
260
28
244
215
55
232
65
29
261
263
224
53
64
259
41
46
76
224
50
249
31
240
62
191
66
75
236
75
65
238
52
51
70
71
209
253
250
73
124
82
256
241
53
393
476
129
129
114
76
325
129
130
258
84
88
458
129
131
424
458
57
431
68
335
27
393
33
316
99
136
300
399
453
66
114
46
337
464
245
141
140
129
96
255
172
100
336
67
440
443
399
305
37
195
299
447
98
48
393
69
129
131
448
91
343
111
400
73
378
316
276
157
193
131
183
297
344
322
256
486
131
341
45
380
455
330
223
246
93
164
238
34
118
172
61
40
41
136
29
63
57
43
41
153
61
28
259
61
43
53
34
259
42
244
32
252
246
40
229
248
248
72
241
188
31
59
27
51
184
63
39
62
52
48
259
27
243
214
54
231
65
28
260
262
223
52
63
259
41
46
75
223
49
248
31
240
61
190
66
75
235
74
64
238
52
50
70
71
209
253
250
72
123
82
256
240
53
