31
1.000000	-0.008483	-0.000007	
-0.000349	1.001023	-0.000002	
-0.835138	0.969003	1.002390	
32
1.000000	0.040706	0.000105	
0.004489	0.986869	0.000026	
-4.835829	-9.383235	0.953623	
28
1.000000	0.000000	0.000000	
-0.000000	1.000000	-0.000000	
-1.000001	-0.000009	1.000000	
32
1.000000	-0.000000	-0.000000	
-0.000000	1.000000	-0.000000	
0.000006	-0.000006	1.000000	
30
1.000000	-0.000000	-0.000000	
-0.000000	1.000000	0.000000	
-1.000000	-0.000012	1.000000	
27
1.000000	0.019522	0.000043	
-0.000076	1.003959	-0.000002	
-0.009670	-3.708139	0.996702	
33
1.000000	-0.000664	0.000013	
0.000022	0.995855	-0.000000	
-1.157255	0.673849	0.996829	
29
1.000000	0.000000	0.000000	
0.000000	1.000000	0.000000	
0.000000	0.000002	1.000000	
27
1.000000	0.000000	0.000000	
-0.000000	1.000000	0.000000	
-1.000021	-0.000029	1.000000	
25
1.000000	-0.015623	-0.000015	
0.000270	1.001690	0.000003	
-0.910754	1.845540	1.002464	
34
1.000000	0.001379	0.000016	
0.001540	0.997476	0.000008	
-1.785103	-0.320892	0.992750	
28
1.000000	0.002215	0.000006	
0.007496	1.003742	0.000022	
-3.543361	-3.018208	0.987174	
29
1.000000	-0.011984	-0.000028	
0.002042	0.998874	0.000010	
-2.024049	0.259164	0.994836	
25
1.000000	0.019026	0.000044	
-0.000117	1.009609	0.000014	
-0.030990	-6.035092	0.989419	
32
1.000000	-0.005843	0.000000	
0.001205	1.001136	0.000006	
-1.446037	-0.095403	0.997786	
29
1.000000	0.006880	-0.000001	
-0.000034	0.999177	-0.000000	
0.016641	-0.996761	1.000240	
26
1.000000	0.005957	0.000018	
-0.001107	1.001803	0.000012	
-0.705065	-2.107595	0.991180	
26
1.000000	0.001548	0.000003	
0.001959	1.005311	0.000011	
-0.830519	-2.529277	0.994843	
27
1.000000	0.004827	0.000014	
0.002239	0.993134	0.000009	
-2.492263	-1.539773	0.985281	
28
1.000000	0.002644	0.000006	
0.002193	1.005512	0.000012	
-0.937338	-2.836228	0.993952	
25
1.000000	0.018935	0.000044	
0.000300	0.990179	-0.000014	
-1.751541	-2.961717	0.989369	
25
1.000000	-0.002026	-0.000016	
-0.000892	1.002956	-0.000005	
0.547512	-0.716520	1.006114	
24
1.000000	0.012262	0.000044	
0.000301	0.996716	0.000020	
-1.630428	-3.080394	0.979966	
25
1.000000	-0.001203	-0.000006	
-0.006503	1.002736	-0.000017	
2.165334	-0.185903	1.010361	
27
1.000000	0.019256	0.000045	
-0.001943	0.988927	-0.000010	
-0.977697	-3.118592	0.986123	
32
1.000000	-0.020228	-0.000044	
-0.002677	1.011707	-0.000000	
1.597464	2.363045	1.016987	
28
1.000000	0.010419	0.000039	
0.003379	0.989612	0.000017	
-3.177349	-2.349222	0.976258	
27
1.000000	-0.028277	-0.000050	
-0.000610	1.007666	-0.000002	
0.529662	4.210499	1.017448	
28
1.000000	-0.003631	-0.000009	
-0.005280	0.990926	-0.000046	
2.626010	4.521064	1.023493	
27
1.000000	-0.027823	-0.000061	
-0.001754	1.010128	0.000008	
0.910001	3.327136	1.013985	
26
1.000000	-0.007641	-0.000008	
0.000134	0.989768	-0.000016	
-1.341394	2.349373	1.001779	
25
1.000000	0.010398	0.000034	
-0.005485	0.981877	-0.000028	
-0.583657	-1.065369	0.990245	
27
1.000000	0.030158	0.000098	
0.000426	0.983968	0.000002	
-2.028847	-4.688901	0.971340	
29
1.000000	0.012531	0.000055	
0.007596	0.985097	0.000027	
-6.176128	-3.859644	0.961811	
35
1.000000	-0.008809	-0.000014	
-0.000254	1.003808	0.000000	
-0.753836	0.160668	1.003630	
31
1.000000	0.013705	0.000045	
0.000599	0.999563	0.000007	
-0.596871	-3.984359	0.987631	
28
1.000000	-0.027663	-0.000086	
-0.003525	1.006917	-0.000024	
1.224085	4.420114	1.028689	
32
1.000000	-0.006990	-0.000016	
0.001705	1.007699	0.000007	
-0.538638	0.652151	1.006016	
30
1.000000	0.009557	0.000038	
0.002355	0.997365	0.000015	
-2.333180	-2.222383	0.984889	
33
1.000000	0.020830	0.000046	
0.001235	1.000029	0.000008	
-0.884783	-4.602666	0.986489	
35
1.000000	0.002370	0.000006	
0.003729	1.006485	0.000020	
-2.645959	-3.313296	0.989953	
34
1.000000	0.016435	0.000038	
-0.002250	1.006183	0.000007	
1.034443	-3.547440	0.995216	
31
1.000000	0.000000	0.000000	
0.000000	1.000000	0.000000	
-1.000023	-0.000013	1.000000	
31
1.000000	-0.000000	-0.000000	
0.000000	1.000000	-0.000000	
0.000004	0.000012	1.000000	
27
1.000000	0.031430	0.000099	
0.008534	1.001155	0.000050	
-5.581927	-11.164436	0.950306	
28
1.000000	-0.000000	-0.000000	
0.000000	1.000000	0.000000	
0.000013	0.000009	1.000000	
26
1.000000	0.020195	0.000045	
-0.002164	0.988353	-0.000011	
-1.044894	-3.344696	0.985577	
27
1.000000	0.016732	0.000038	
0.000497	0.997946	-0.000011	
-0.438395	-2.788667	0.996316	
27
1.000000	0.000000	-0.000000	
0.000000	1.000000	-0.000000	
-0.999984	0.000066	1.000000	
29
1.000000	-0.000000	-0.000000	
0.000000	1.000000	0.000000	
-0.000014	-0.000014	1.000000	
26
1.000000	0.012416	0.000041	
-0.001399	0.990326	-0.000008	
-1.134113	-2.976745	0.986318	
26
1.000000	0.000000	0.000000	
0.000000	1.000000	0.000000	
-0.000029	-0.000013	1.000000	
21
1.000000	0.105134	0.000256	
0.011271	0.987349	0.000072	
-9.760615	-24.802177	0.898207	
21
1.000000	0.013574	0.000032	
0.000615	0.995786	0.000004	
-0.620281	-2.422519	0.990583	
25
1.000000	0.002678	0.000027	
0.005140	0.998152	0.000030	
-2.557903	-1.744779	0.980820	
27
1.000000	-0.000681	-0.000002	
-0.000907	0.996834	-0.000006	
-0.634247	0.399617	1.002574	
26
1.000000	-0.029852	-0.000056	
0.001516	1.006686	0.000007	
-0.081769	5.527643	1.015809	
26
1.000000	-0.006442	-0.000015	
0.001228	1.006982	0.000005	
-0.305521	0.888139	1.006832	
30
1.000000	0.013285	0.000045	
0.001512	1.004760	0.000019	
-0.705042	-3.356965	0.987884	
29
1.000000	-0.012006	-0.000044	
0.000480	1.004563	-0.000015	
0.460128	1.848588	1.019062	
25
1.000000	0.003655	0.000010	
0.001689	1.014444	0.000027	
-0.535907	-4.548602	0.991832	
32
1.000000	0.020444	0.000048	
0.004211	1.002685	0.000021	
-2.355039	-5.101756	0.983978	
33
1.000000	-0.007123	-0.000017	
-0.000646	1.004467	-0.000003	
0.446793	-0.114185	1.005403	
27
1.000000	0.007267	0.000025	
-0.003574	0.990463	-0.000036	
1.466226	2.299111	1.011895	
30
1.000000	-0.020612	-0.000048	
-0.003163	1.006739	-0.000016	
1.371221	3.358739	1.021511	
32
1.000000	-0.000041	-0.000007	
-0.002011	0.991670	-0.000025	
-0.574455	0.401151	1.004894	
29
1.000000	0.000000	0.000000	
-0.000000	1.000000	0.000000	
-0.000002	0.000013	1.000000	
28
1.000000	-0.002875	-0.000006	
-0.002519	0.998802	-0.000028	
1.172444	1.030013	1.013793	
30
1.000000	-0.015609	-0.000035	
0.001519	1.015254	0.000003	
-0.176359	-0.302110	1.013137	
26
1.000000	-0.000000	-0.000000	
0.000000	1.000000	0.000000	
-0.000010	-1.000020	1.000000	
32
1.000000	-0.005456	-0.000014	
0.003553	1.014589	0.000016	
-1.161549	-2.119402	1.002735	
27
1.000000	-0.000000	-0.000000	
0.000000	1.000000	0.000000	
-0.000005	-0.000019	1.000000	
24
1.000000	0.000000	0.000000	
-0.000000	1.000000	0.000000	
-0.000007	0.000002	1.000000	
33
1.000000	0.005482	0.000003	
0.000770	0.998082	0.000005	
-0.280148	-0.666590	0.997462	
23
1.000000	-0.016956	-0.000039	
-0.000863	1.013627	-0.000005	
1.413053	1.938460	1.020251	
34
1.000000	0.000339	0.000001	
0.003875	1.009483	0.000021	
-1.162062	-3.020527	0.993348	
30
1.000000	-0.004417	-0.000009	
-0.001996	0.995047	-0.000011	
-0.063476	2.148819	1.006841	
39
1.000000	0.007349	0.000007	
0.000015	0.997550	-0.000001	
-0.045750	-1.023878	0.998752	
35
1.000000	-0.001134	-0.000004	
0.002495	1.000257	-0.000004	
-0.976442	0.387378	1.002922	
32
1.000000	-0.006385	-0.000040	
0.000612	0.998168	0.000012	
-1.202902	0.799547	1.001698	
29
1.000000	0.000000	0.000000	
-0.000000	1.000000	0.000000	
0.000016	-0.000001	1.000000	
30
1.000000	0.006439	0.000015	
-0.005371	0.983186	-0.000030	
1.379707	2.822484	1.004942	
32
1.000000	-0.000000	-0.000000	
0.000000	1.000000	0.000000	
0.000010	0.000052	1.000000	
29
1.000000	0.000939	0.000002	
0.003268	1.006350	0.000018	
-1.386162	-2.753736	0.992036	
27
1.000000	-0.003711	-0.000008	
-0.005476	0.998329	-0.000030	
2.381461	1.265554	1.014196	
27
1.000000	0.023192	0.000057	
0.001765	0.980644	-0.000000	
-2.705096	-2.291677	0.977647	
31
1.000000	0.003928	0.000011	
-0.001106	0.996006	-0.000016	
0.577309	1.100662	1.007692	
29
1.000000	-0.007413	-0.000025	
-0.002078	0.998405	0.000003	
-0.385891	0.207331	1.001384	
30
1.000000	-0.012919	-0.000025	
0.002205	1.007711	0.000011	
-0.304442	1.647576	1.008669	
34
1.000000	0.014173	0.000049	
0.002181	0.996965	0.000015	
-1.396872	-2.944331	0.982799	
33
1.000000	-0.010911	-0.000027	
0.000606	1.007341	-0.000002	
0.261195	1.241404	1.013536	
32
1.000000	-0.008136	-0.000007	
0.000246	1.001537	0.000001	
-0.917210	0.592579	1.001850	
30
1.000000	-0.002854	0.000007	
0.000511	0.999914	0.000001	
-0.376166	-0.709164	0.996887	
27
1.000000	-0.006988	-0.000039	
0.002441	1.008959	0.000014	
-0.345009	0.736353	1.010873	
33
1.000000	0.011925	0.000040	
0.001831	0.997861	0.000012	
-1.161098	-2.709085	0.985614	
32
1.000000	0.013258	0.000045	
-0.000261	0.997078	-0.000001	
-1.502484	-3.606753	0.988455	
33
1.000000	0.003121	0.000008	
0.000902	1.001886	0.000007	
-0.446238	-1.482526	0.995457	
32
1.000000	0.018740	0.000042	
-0.001943	1.002169	-0.000011	
0.878069	-2.182047	1.001975	
30
1.000000	-0.000452	-0.000001	
0.000633	1.013071	0.000021	
0.018209	-2.899152	0.996973	
33
1.000000	0.014924	0.000048	
-0.002193	0.987035	-0.000013	
-1.306178	-3.133761	0.984254	
32
1.000000	0.008668	0.000043	
0.001023	1.005453	0.000031	
-0.372994	-2.731815	0.985513	
30
1.000000	0.004344	-0.000005	
0.001557	1.003779	0.000008	
-1.587896	-2.292644	0.997985	
27
1.000000	0.004643	-0.000031	
-0.001633	1.006346	-0.000010	
0.702192	-1.359512	1.015553	
31
1.000000	-0.002658	-0.000007	
-0.003429	0.999042	-0.000007	
0.624541	0.298491	1.005102	
28
1.000000	0.003602	0.000010	
0.000689	1.001213	0.000007	
-0.384129	-1.305642	0.995178	
29
1.000000	0.020035	0.000047	
-0.000864	0.989370	-0.000005	
-1.715493	-4.051081	0.981918	
30
1.000000	0.008198	-0.000002	
-0.000510	1.000624	-0.000004	
0.174948	-1.691503	1.001591	
28
1.000000	0.005458	0.000018	
-0.004305	0.987492	-0.000026	
0.020954	-0.379432	0.997496	
25
1.000000	-0.015573	-0.000053	
-0.002178	1.011944	-0.000014	
1.959868	2.182058	1.026626	
28
1.000000	0.012313	0.000039	
-0.003224	0.987503	-0.000019	
-0.710305	-2.325121	0.989251	
25
1.000000	-0.000483	0.000006	
-0.004948	1.000790	-0.000007	
1.118823	-0.822816	1.001658	
66
1.000000	-0.000000	-0.000000	
0.000000	1.000000	0.000000	
0.000022	0.000013	1.000000	
60
1.000000	-0.000000	0.000000	
0.000000	1.000000	0.000000	
0.000008	0.000021	1.000000	
19
1.000000	0.024763	0.000076	
-0.004347	0.985264	-0.000013	
-1.026657	-3.612105	0.981464	
26
1.000000	-0.009966	-0.000037	
-0.004897	1.001403	-0.000025	
2.635131	2.359392	1.020740	
27
1.000000	0.001474	-0.000003	
-0.000905	1.004468	-0.000004	
-0.547574	-1.857432	1.002886	
28
1.000000	-0.016552	-0.000034	
-0.008045	0.987932	-0.000042	
2.658743	6.284610	1.020557	
38
1.000000	-0.001315	-0.000005	
-0.005321	1.001396	-0.000000	
1.638891	0.170158	1.002147	
34
1.000000	-0.011569	-0.000026	
-0.002901	1.003996	-0.000012	
1.507449	1.368499	1.012372	
34
1.000000	0.000000	0.000000	
0.000000	1.000000	0.000000	
-0.000005	-0.000030	1.000000	
38
1.000000	-0.013369	-0.000029	
-0.000974	1.003987	-0.000005	
0.650271	1.134578	1.008774	
35
1.000000	0.012215	0.000038	
-0.006156	0.976349	-0.000032	
1.334971	3.966160	0.999127	
35
1.000000	-0.000000	-0.000000	
-0.000000	1.000000	-0.000000	
-0.000011	-0.000014	1.000000	
35
1.000000	0.000000	0.000000	
0.000000	1.000000	0.000000	
-0.000007	-0.000014	1.000000	
40
1.000000	-0.004268	0.000007	
0.000493	0.999923	0.000003	
-0.288766	-0.353480	0.996936	
35
1.000000	0.000000	0.000000	
0.000000	1.000000	0.000000	
-0.000005	-0.000020	1.000000	
35
1.000000	-0.019879	-0.000045	
-0.003389	1.012513	0.000003	
1.868166	1.940430	1.015372	
46
1.000000	0.000000	0.000000	
-0.000000	1.000000	-0.000000	
-0.000016	-0.000016	1.000000	
32
1.000000	-0.000000	-0.000000	
-0.000000	1.000000	-0.000000	
-0.000018	0.000005	1.000000	
35
1.000000	0.022035	0.000067	
0.000947	0.998008	0.000010	
-0.636058	-2.615160	0.986779	
36
1.000000	0.000221	0.000000	
0.002970	1.006806	0.000017	
-1.103581	-2.472173	0.993796	
48
1.000000	0.000000	0.000000	
0.000000	1.000000	0.000000	
-0.000006	-0.000008	1.000000	
36
1.000000	0.000000	0.000000	
-0.000000	1.000000	-0.000000	
-0.000018	-0.000008	1.000000	
48
1.000000	0.000000	-0.000000	
-0.000000	1.000000	-0.000000	
0.000011	0.000017	1.000000	
33
1.000000	-0.000691	0.000009	
0.003943	1.004314	0.000017	
-1.242462	-0.147090	0.997786	
55
1.000000	-0.000000	-0.000000	
0.000000	1.000000	0.000000	
0.000029	0.000056	1.000000	
38
1.000000	0.000000	0.000000	
0.000000	1.000000	-0.000000	
0.000014	-0.000017	1.000000	
65
1.000000	-0.000000	-0.000000	
0.000000	1.000000	0.000000	
-0.000008	0.000034	1.000000	
39
1.000000	0.000000	0.000000	
0.000000	1.000000	-0.000000	
-0.000008	0.000004	1.000000	
62
1.000000	-0.000000	-0.000000	
0.000000	1.000000	0.000000	
0.000006	0.000050	1.000000	
43
1.000000	-0.000000	-0.000000	
0.000000	1.000000	0.000000	
0.000005	0.000007	1.000000	
54
1.000000	0.000000	0.000000	
0.000000	1.000000	-0.000000	
0.000017	0.000028	1.000000	
47
1.000000	-0.000000	-0.000000	
0.000000	1.000000	0.000000	
-0.000003	0.000023	1.000000	
51
1.000000	-0.000000	-0.000000	
-0.000000	1.000000	-0.000000	
-0.000010	-0.000000	1.000000	
46
1.000000	-0.000107	-0.000001	
0.001993	1.008252	0.000028	
-0.426499	-1.439018	0.994945	
33
1.000000	-0.000824	0.000001	
0.002554	0.998692	0.000014	
-1.030699	-0.014041	0.994352	
34
1.000000	-0.005378	-0.000000	
0.001530	1.003402	0.000009	
-0.471197	-0.826892	0.997221	
48
1.000000	-0.000000	-0.000000	
-0.000000	1.000000	-0.000000	
0.000000	0.000000	1.000000	
35
1.000000	-0.012938	-0.000024	
-0.006243	0.994314	-0.000033	
2.089083	5.230952	1.020635	
23
1.000000	-0.012882	-0.000032	
-0.005054	1.003857	-0.000026	
3.566408	4.929547	1.029262	
54
1.000000	-0.000000	-0.000000	
0.000000	1.000000	0.000000	
-0.000024	-0.000010	1.000000	
40
1.000000	0.000921	0.000002	
0.001584	1.002644	0.000009	
-0.686306	-1.289692	0.995777	
38
1.000000	-0.000000	-0.000000	
-0.000000	1.000000	-0.000000	
0.000014	-0.000012	1.000000	
46
1.000000	-0.000000	-0.000000	
0.000000	1.000000	0.000000	
0.000007	0.000004	1.000000	
40
1.000000	0.000000	0.000000	
0.000000	1.000000	0.000000	
0.000006	0.000023	1.000000	
43
1.000000	-0.000000	-0.000000	
-0.000000	1.000000	-0.000000	
-0.000034	-0.000004	1.000000	
38
1.000000	0.026977	0.000106	
0.002230	0.996072	0.000029	
-1.734090	-5.505344	0.968263	
41
1.000000	0.000000	-0.000000	
-0.000000	1.000000	-0.000000	
-0.000012	-0.000033	1.000000	
36
1.000000	-0.000000	0.000000	
0.000000	1.000000	0.000000	
-0.000003	0.000011	1.000000	
39
1.000000	-0.000000	0.000000	
0.000000	1.000000	0.000000	
-0.000011	-0.000029	1.000000	
43
1.000000	0.002950	0.000017	
0.000997	0.997154	0.000005	
-0.615394	-0.466742	0.993474	
29
1.000000	-0.004382	-0.000012	
0.000936	1.004005	0.000005	
-0.255988	-0.445173	1.000774	
33
1.000000	0.009922	0.000033	
0.002254	1.007328	0.000028	
-0.853076	-3.572861	0.986742	
28
1.000000	-0.000000	0.000000	
0.000000	1.000000	0.000000	
-0.000017	-0.000035	1.000000	
32
1.000000	0.001206	0.000003	
0.001126	1.009184	0.000007	
-0.133294	-1.276468	1.003328	
40
1.000000	0.010544	0.000033	
0.001788	1.006664	0.000025	
-0.748693	-3.571363	0.987043	
36
1.000000	0.015195	0.000057	
-0.001037	0.991272	0.000010	
-1.813188	-3.005822	0.977573	
37
1.000000	0.015160	0.000034	
0.002194	1.001665	0.000014	
-1.245890	-3.935114	0.986566	
33
1.000000	0.002989	0.000020	
0.000279	0.995734	0.000000	
-0.385757	-0.202359	0.994384	
33
1.000000	0.013894	0.000045	
0.000445	0.994220	0.000001	
-0.821856	-2.475137	0.987279	
30
1.000000	-0.017240	-0.000028	
0.000815	1.009833	-0.000005	
0.175867	1.578964	1.015170	
36
1.000000	-0.001280	-0.000004	
0.002959	1.000191	0.000007	
-1.313303	-0.125519	0.997139	
27
1.000000	-0.000653	-0.000001	
0.000756	1.003610	0.000006	
-0.237604	-1.095854	0.998481	
18
1.000000	0.024167	0.000060	
-0.000378	0.997110	-0.000001	
-1.015954	-5.965281	0.983063	
26
1.000000	0.000000	0.000000	
-0.000000	1.000000	0.000000	
-1.000008	0.000031	1.000000	
26
1.000000	-0.011369	-0.000041	
-0.001423	1.013086	-0.000002	
1.711477	1.542347	1.020290	
36
1.000000	-0.000677	0.000012	
0.000536	0.999995	0.000002	
-0.371888	-1.124622	0.995780	
33
1.000000	-0.010014	-0.000047	
0.000208	1.010878	0.000001	
0.254766	0.202513	1.016107	
35
1.000000	-0.021320	-0.000048	
0.000502	1.013916	0.000003	
0.580815	2.320686	1.017579	
29
1.000000	-0.015344	-0.000037	
0.004226	1.007673	0.000039	
-2.051608	0.547733	0.994642	
34
1.000000	-0.005848	0.000000	
0.000085	1.000133	-0.000001	
-0.043001	0.171196	1.000024	
28
1.000000	-0.005193	-0.000017	
-0.005541	1.002486	-0.000026	
1.898054	1.088614	1.017281	
34
1.000000	0.001907	0.000017	
0.003827	0.998546	-0.000001	
-2.030271	-1.394163	0.995175	
30
1.000000	-0.026665	-0.000079	
0.002214	1.026078	0.000013	
1.941630	2.545990	1.029979	
36
1.000000	-0.006416	-0.000016	
0.000369	1.006453	0.000004	
0.101286	-0.657534	1.003054	
30
1.000000	-0.008459	-0.000008	
0.004191	1.003031	0.000020	
-1.751731	-0.380458	0.993273	
45
1.000000	0.000000	-0.000000	
-0.000000	1.000000	-0.000000	
-0.000000	-0.000005	1.000000	
32
1.000000	0.001709	0.000004	
0.001108	1.005745	0.000001	
-0.071447	-0.348547	1.004731	
39
1.000000	0.011757	0.000024	
0.000586	0.998443	-0.000012	
-0.395762	-1.478418	1.000759	
46
1.000000	-0.002060	-0.000005	
0.001462	1.003917	0.000007	
-0.503213	-0.946091	0.998554	
53
1.000000	-0.000000	-0.000000	
-0.000000	1.000000	-0.000000	
0.000005	0.000031	1.000000	
31
1.000000	-0.010371	-0.000034	
0.001416	1.014317	0.000024	
-0.051698	-1.044164	1.003605	
73
1.000000	-0.000000	-0.000000	
0.000000	1.000000	0.000000	
0.000025	0.000002	1.000000	
36
1.000000	-0.015248	-0.000034	
-0.003073	1.009751	-0.000012	
1.877432	2.270377	1.020298	
73
1.000000	0.000000	0.000000	
0.000000	1.000000	0.000000	
0.000000	0.000017	1.000000	
40
1.000000	0.005441	0.000032	
-0.000015	1.006656	0.000016	
-0.003190	-3.139313	0.991572	
46
1.000000	-0.000000	-0.000000	
-0.000000	1.000000	0.000000	
0.000002	-0.000029	1.000000	
35
1.000000	-0.001423	-0.000004	
0.002057	1.004529	0.000009	
-0.797082	-1.393181	0.997364	
