237 1
1.000000	0.000000	-1.000007	
0.000000	1.000000	-0.000004	
-0.000000	0.000000	1.000000	
256 2
1.000000	-0.000000	-2.000017	
0.000000	1.000000	-0.000007	
0.000000	-0.000000	1.000000	
339 3
0.997998	-0.001735	-0.608338	
-0.000044	0.997415	0.131546	
0.000002	-0.000010	1.000000	
269 4
0.994677	-0.001706	-0.547359	
-0.001128	0.993057	0.507572	
-0.000012	-0.000015	1.000000	
185 5
1.004358	-0.000257	-1.085173	
0.000113	1.004735	0.720947	
0.000001	0.000014	1.000000	
301 6
1.003368	-0.000770	-1.949144	
0.000195	1.003612	-0.249113	
0.000001	0.000011	1.000000	
199 7
1.003987	0.008860	-2.817133	
0.001420	1.016357	-1.142744	
0.000004	0.000032	1.000000	
196 8
1.000000	0.000000	-1.000004	
-0.000000	1.000000	1.000007	
0.000000	0.000000	1.000000	
200 9
0.997435	-0.006585	-0.280312	
-0.000190	0.997939	1.086609	
-0.000003	-0.000006	1.000000	
231 10
1.000229	-0.003030	-2.003985	
0.000061	0.997265	0.095889	
0.000002	-0.000021	1.000000	
239 11
0.999466	0.000209	-1.007457	
-0.003343	0.999244	1.509388	
-0.000001	-0.000001	1.000000	
181 12
0.999193	-0.000073	-1.964604	
-0.004097	0.999378	1.466508	
-0.000001	-0.000002	1.000000	
220 13
1.004479	-0.001295	-3.177564	
0.000015	1.001819	-0.069362	
0.000003	0.000003	1.000000	
211 14
1.001927	0.000735	-2.240868	
-0.000062	1.006678	-0.171381	
0.000003	0.000005	1.000000	
247 15
1.002363	0.001393	-1.382262	
-0.003032	1.001812	1.072648	
0.000003	0.000005	1.000000	
184 16
0.992144	-0.008378	-0.685732	
-0.005415	0.989933	2.293978	
-0.000017	-0.000021	1.000000	
247 17
0.997203	-0.001555	-2.651187	
-0.001055	0.995779	0.469785	
-0.000005	-0.000009	1.000000	
358 18
1.000000	0.000000	-2.000024	
0.000000	1.000000	-0.000023	
-0.000000	0.000000	1.000000	
258 19
1.000000	0.000000	-1.999990	
0.000000	1.000000	0.000016	
0.000000	-0.000000	1.000000	
383 20
1.005689	-0.002261	-2.786822	
0.001352	1.005135	-0.546313	
0.000009	0.000009	1.000000	
303 21
1.001289	-0.001238	-2.949280	
0.000425	1.004818	-0.372944	
0.000004	-0.000004	1.000000	
768 22
1.000000	0.000000	-0.000011	
0.000000	1.000000	-0.000004	
-0.000000	0.000000	1.000000	
224 23
1.003978	-0.000389	-3.040367	
0.000265	1.004130	-0.256017	
0.000002	0.000012	1.000000	
363 24
1.005473	0.001679	-3.577888	
0.000225	1.005865	-0.349034	
0.000001	0.000018	1.000000	
306 25
1.012161	0.001360	-4.148656	
0.001706	1.010526	-0.657955	
0.000027	0.000008	1.000000	
504 26
1.000000	-0.000000	-2.999971	
-0.000000	1.000000	0.000016	
0.000000	-0.000000	1.000000	
323 27
0.998496	-0.006779	-2.488924	
-0.000159	0.995919	0.190247	
-0.000001	-0.000014	1.000000	
261 28
1.000000	-0.000000	-2.999997	
-0.000000	1.000000	-0.000000	
-0.000000	-0.000000	1.000000	
394 29
1.006147	0.000981	-3.490645	
0.000623	1.005936	-0.390805	
0.000005	0.000016	1.000000	
260 30
1.000000	0.000000	-3.000009	
0.000000	1.000000	-0.000008	
0.000000	0.000000	1.000000	
265 31
0.998567	-0.000851	-2.860444	
-0.000550	0.996919	0.285771	
-0.000002	-0.000008	1.000000	
245 32
1.000000	-0.000000	-2.999979	
-0.000000	1.000000	0.000017	
-0.000000	0.000000	1.000000	
228 33
1.000000	-0.000000	-2.999972	
-0.000000	1.000000	0.000011	
0.000000	0.000000	1.000000	
312 34
1.000000	0.000000	-2.999992	
-0.000000	1.000000	0.000003	
-0.000000	0.000000	1.000000	
203 35
1.003173	0.000571	-4.420609	
0.001501	0.997909	-0.032463	
0.000012	-0.000016	1.000000	
201 36
0.999627	0.000665	-3.132690	
-0.002880	1.000503	1.119873	
-0.000002	0.000001	1.000000	
178 37
1.001420	-0.001145	-2.956905	
-0.002050	0.997972	1.478686	
0.000005	-0.000004	1.000000	
196 38
1.000060	0.000768	-3.186020	
-0.002525	1.000655	0.979035	
-0.000001	0.000000	1.000000	
122 39
1.014287	0.001818	-3.653362	
0.001737	1.011092	0.391904	
0.000025	0.000035	1.000000	
198 40
1.004776	-0.001738	-3.811191	
0.000386	1.004396	-0.303130	
0.000004	0.000011	1.000000	
162 41
1.000107	0.000019	-4.048216	
-0.001733	1.002516	0.527930	
-0.000000	0.000000	1.000000	
200 42
1.009041	-0.001867	-3.794598	
0.001608	1.008757	-0.678144	
0.000015	0.000019	1.000000	
217 43
0.998232	-0.002482	-2.705863	
-0.000045	0.998932	-0.021726	
-0.000001	-0.000018	1.000000	
161 44
0.999838	-0.000017	-2.020697	
-0.003444	1.000693	1.193825	
-0.000001	-0.000001	1.000000	
163 45
1.003668	-0.002014	-3.681564	
0.000244	1.003482	-0.230730	
0.000002	0.000009	1.000000	
185 46
1.004472	0.004337	-4.692833	
-0.000339	1.005543	-0.062990	
0.000007	-0.000003	1.000000	
187 47
1.001841	0.000367	-3.083734	
0.000752	1.002760	0.757065	
0.000005	0.000006	1.000000	
165 48
0.998332	-0.001044	-3.719010	
-0.002755	0.995468	1.547267	
-0.000002	-0.000003	1.000000	
185 49
1.000815	-0.000135	-4.156296	
0.000257	0.996872	0.032251	
0.000004	-0.000027	1.000000	
147 50
0.998853	-0.000571	-2.867597	
-0.002667	0.999569	1.140691	
-0.000002	-0.000003	1.000000	
200 51
1.004625	-0.003209	-4.839706	
0.000155	0.999669	0.012239	
0.000005	-0.000005	1.000000	
215 52
1.000763	-0.000077	-4.055198	
-0.001028	1.003889	0.173076	
0.000001	0.000000	1.000000	
138 53
1.001001	0.000543	-4.168720	
-0.003742	0.993259	1.556310	
-0.000004	-0.000022	1.000000	
137 54
1.010139	0.000053	-5.309406	
0.001843	1.006086	-0.608900	
0.000019	-0.000004	1.000000	
146 55
1.000935	0.000925	-4.215613	
-0.002400	1.002976	0.766986	
0.000000	0.000005	1.000000	
158 56
1.007753	-0.001720	-4.815103	
0.001293	1.003530	-0.318439	
0.000017	-0.000007	1.000000	
152 57
1.000513	-0.000083	-4.041376	
-0.001155	1.003761	0.154554	
0.000001	-0.000000	1.000000	
113 58
1.007014	-0.003457	-3.902833	
-0.001630	0.998508	1.373358	
0.000012	-0.000008	1.000000	
140 59
1.001118	0.000810	-4.230564	
-0.002148	1.003373	0.623915	
0.000000	0.000004	1.000000	
99 60
1.004069	0.006158	-4.731629	
0.000352	1.008336	-0.222939	
0.000006	0.000012	1.000000	
123 61
0.999023	-0.004882	-2.613669	
0.000207	0.999159	1.000586	
0.000000	-0.000003	1.000000	
116 62
1.008122	-0.002712	-4.941079	
-0.000304	0.998462	1.223875	
0.000015	-0.000007	1.000000	
116 63
0.998807	-0.001170	-3.799210	
0.000168	1.005829	-0.320696	
-0.000001	-0.000009	1.000000	
108 64
1.001656	-0.003703	-3.115393	
0.000364	0.998696	0.980703	
0.000003	-0.000006	1.000000	
