708
1.000000	0.000000	0.000000	
-0.000000	1.000000	-0.000000	
0.000026	-0.000010	1.000000	
783
1.000000	-0.000000	-0.000000	
-0.000000	1.000000	-0.000000	
-0.000009	-0.000002	1.000000	
724
1.000000	0.000000	0.000000	
-0.000000	1.000000	0.000000	
-0.000030	-0.000011	1.000000	
693
1.000000	-0.000000	-0.000000	
-0.000000	1.000000	-0.000000	
-0.000036	0.000005	1.000000	
694
1.000000	0.000000	0.000000	
-0.000000	1.000000	-0.000000	
0.000029	0.000011	1.000000	
203
1.000000	-0.000000	-0.000000	
-0.000000	1.000000	-0.000000	
-0.000010	-0.000004	1.000000	
452
1.000000	-0.000000	-0.000000	
-0.000000	1.000000	-0.000000	
0.000021	0.000011	1.000000	
529
1.000000	-0.000000	-0.000000	
-0.000000	1.000000	-0.000000	
0.000006	-0.000006	1.000000	
485
1.000000	-0.000000	-0.000000	
-0.000000	1.000000	-0.000000	
-0.000039	-0.000015	1.000000	
587
1.000000	0.000000	0.000000	
0.000000	1.000000	0.000000	
0.000003	0.000019	1.000000	
496
1.000000	0.000000	0.000000	
0.000000	1.000000	0.000000	
0.000001	0.000001	1.000000	
575
1.000000	-0.000000	-0.000000	
-0.000000	1.000000	-0.000000	
0.000040	0.000024	1.000000	
552
1.000000	-0.000000	-0.000000	
0.000000	1.000000	-0.000000	
-0.000001	-0.000000	1.000000	
607
1.000000	0.000000	0.000000	
-0.000000	1.000000	-0.000000	
-0.000024	-0.000009	1.000000	
610
1.000000	0.000000	-0.000000	
0.000000	1.000000	-0.000000	
-0.000001	-0.000011	1.000000	
632
1.000000	-0.000000	-0.000000	
-0.000000	1.000000	-0.000000	
-0.000031	-0.000007	1.000000	
598
1.000000	-0.000000	-0.000000	
0.000000	1.000000	0.000000	
0.000002	0.000011	1.000000	
644
1.000000	0.000000	0.000000	
-0.000000	1.000000	-0.000000	
0.000006	-0.000001	1.000000	
616
1.000000	-0.000000	-0.000000	
-0.000000	1.000000	-0.000000	
-0.000034	-0.000021	1.000000	
633
1.000000	-0.000000	-0.000000	
0.000000	1.000000	-0.000000	
-0.000031	-0.000020	1.000000	
602
1.000000	0.000000	0.000000	
-0.000000	1.000000	-0.000000	
-0.000013	-0.000009	1.000000	
648
1.000000	-0.000000	-0.000000	
0.000000	1.000000	-0.000000	
0.000005	0.000008	1.000000	
638
1.000000	0.000000	0.000000	
-0.000000	1.000000	0.000000	
0.000025	-0.000004	1.000000	
652
1.000000	-0.000000	-0.000000	
0.000000	1.000000	-0.000000	
0.000006	-0.000001	1.000000	
587
1.000000	-0.000000	-0.000000	
0.000000	1.000000	-0.000000	
-0.000014	0.000000	1.000000	
599
1.000000	0.000000	0.000000	
0.000000	1.000000	-0.000000	
-0.000023	-0.000015	1.000000	
582
1.000000	0.000000	0.000000	
0.000000	1.000000	-0.000000	
0.000028	0.000011	1.000000	
601
1.000000	0.000000	0.000000	
-0.000000	1.000000	-0.000000	
-0.000018	-0.000004	1.000000	
603
1.000000	0.000000	0.000000	
-0.000000	1.000000	-0.000000	
-0.000005	-0.000004	1.000000	
641
1.000000	-0.000000	-0.000000	
-0.000000	1.000000	0.000000	
-0.000013	-0.000004	1.000000	
597
1.000000	0.000000	0.000000	
0.000000	1.000000	0.000000	
0.000038	0.000013	1.000000	
645
1.000000	-0.000000	-0.000000	
0.000000	1.000000	-0.000000	
0.000009	-0.000001	1.000000	
614
1.000000	-0.000000	0.000000	
0.000000	1.000000	0.000000	
0.000006	0.000004	1.000000	
618
1.000000	0.000049	0.000000	
-0.005112	0.997098	-0.000012	
0.342648	0.197197	1.000653	
570
1.000000	-0.000000	0.000000	
-0.000000	1.000000	-0.000000	
0.000005	0.000006	1.000000	
604
1.000000	-0.000000	-0.000000	
-0.000000	1.000000	-0.000000	
0.000048	0.000024	1.000000	
514
1.000000	-0.000000	-0.000000	
0.000000	1.000000	0.000000	
-0.000012	-0.000010	1.000000	
591
1.000000	0.000000	0.000000	
-0.000000	1.000000	-0.000000	
0.000025	0.000005	1.000000	
577
1.000000	0.000000	0.000000	
0.000000	1.000000	-0.000000	
0.000021	0.000016	1.000000	
592
1.000000	0.000000	0.000000	
-0.000000	1.000000	0.000000	
0.000003	0.000022	1.000000	
621
1.000000	0.000000	-0.000000	
0.000000	1.000000	0.000000	
0.000000	-0.000007	1.000000	
642
1.000000	0.000000	0.000000	
0.000000	1.000000	0.000000	
-0.000019	0.000000	1.000000	
639
1.000000	0.000000	0.000000	
0.000000	1.000000	0.000000	
0.000042	0.000011	1.000000	
592
1.000000	-0.000000	-0.000000	
0.000000	1.000000	-0.000000	
0.000014	0.000005	1.000000	
593
1.000000	0.000000	0.000000	
0.000000	1.000000	0.000000	
0.000018	0.000018	1.000000	
680
1.000000	0.000000	0.000000	
0.000000	1.000000	-0.000000	
-0.000017	-0.000005	1.000000	
622
1.000000	0.000000	0.000000	
0.000000	1.000000	-0.000000	
0.000003	0.000016	1.000000	
641
1.000000	0.000000	0.000000	
0.000000	1.000000	0.000000	
-0.000010	0.000004	1.000000	
606
1.000000	-0.000000	-0.000000	
0.000000	1.000000	0.000000	
0.000011	-0.000002	1.000000	
645
1.000000	-0.000000	-0.000000	
0.000000	1.000000	0.000000	
0.000003	-0.000002	1.000000	
599
1.000000	-0.000000	-0.000000	
-0.000000	1.000000	-0.000000	
-0.000005	0.000012	1.000000	
582
1.000000	-0.000000	0.000000	
0.000000	1.000000	0.000000	
-0.000007	-0.000001	1.000000	
556
1.000000	0.000000	0.000000	
-0.000000	1.000000	-0.000000	
0.000012	0.000005	1.000000	
579
1.000000	-0.000000	-0.000000	
0.000000	1.000000	0.000000	
-0.000009	0.000007	1.000000	
565
1.000000	0.000000	0.000000	
-0.000000	1.000000	0.000000	
0.000034	0.000008	1.000000	
580
1.000000	-0.000000	-0.000000	
-0.000000	1.000000	-0.000000	
0.000011	0.000001	1.000000	
564
1.000000	-0.000000	0.000000	
0.000000	1.000000	0.000000	
0.000036	0.000024	1.000000	
573
1.000000	-0.000000	-0.000000	
-0.000000	1.000000	-0.000000	
0.000026	0.000002	1.000000	
545
1.000000	0.000000	0.000000	
0.000000	1.000000	-0.000000	
0.000056	-0.000002	1.000000	
582
1.000000	0.000000	0.000000	
0.000000	1.000000	0.000000	
0.000036	0.000011	1.000000	
574
1.000000	0.000000	-0.000000	
0.000000	1.000000	0.000000	
-0.000003	0.000001	1.000000	
549
1.000000	0.000000	0.000000	
0.000000	1.000000	0.000000	
-0.000006	-0.000002	1.000000	
519
1.000000	0.000000	0.000000	
-0.000000	1.000000	-0.000000	
0.000012	-0.000010	1.000000	
518
1.000000	-0.000000	-0.000000	
0.000000	1.000000	0.000000	
0.000009	-0.000001	1.000000	
503
1.000000	-0.000000	-0.000000	
-0.000000	1.000000	-0.000000	
0.000062	0.000017	1.000000	
222
1.000000	0.000000	0.000000	
0.000000	1.000000	0.000000	
-0.000003	0.000004	1.000000	
411
1.000000	0.000000	0.000000	
0.000000	1.000000	0.000000	
0.000015	0.000003	1.000000	
488
1.000000	0.000000	0.000000	
-0.000000	1.000000	-0.000000	
0.000011	-0.000003	1.000000	
457
1.000000	0.000000	-0.000000	
0.000000	1.000000	-0.000000	
-0.000004	-0.000008	1.000000	
484
1.000000	-0.000000	-0.000000	
-0.000000	1.000000	-0.000000	
0.000034	0.000025	1.000000	
447
1.000000	0.000000	0.000000	
-0.000000	1.000000	-0.000000	
0.000025	0.000013	1.000000	
529
1.000000	0.000000	0.000000	
0.000000	1.000000	0.000000	
-0.000054	-0.000010	1.000000	
271
1.000000	0.000000	0.000000	
-0.000000	1.000000	-0.000000	
0.000018	-0.000005	1.000000	
335
1.000000	0.000399	0.000004	
0.003619	0.998876	0.000009	
-1.209139	-0.230886	0.995303	
486
1.000000	-0.000000	-0.000000	
-0.000000	1.000000	-0.000000	
0.000013	0.000004	1.000000	
414
1.000000	-0.000000	-0.000000	
-0.000000	1.000000	-0.000000	
-0.000029	0.000003	1.000000	
226
1.000000	0.000000	0.000000	
-0.000000	1.000000	-0.000000	
0.000028	0.000014	1.000000	
221
1.000000	0.000000	0.000000	
-0.000000	1.000000	-0.000000	
0.000013	0.000003	1.000000	
181
1.000000	-0.000000	-0.000000	
0.000000	1.000000	-0.000000	
-1.000020	-0.000004	1.000000	
234
1.000000	0.000267	0.000004	
-0.008914	0.999342	-0.000013	
0.823329	0.047999	1.000906	
282
1.000000	0.000000	0.000000	
-0.000000	1.000000	-0.000000	
-0.999959	0.000004	1.000000	
230
1.000000	0.000510	0.000005	
0.005212	0.997112	-0.000002	
-1.975187	-0.128927	0.996367	
264
1.000000	-0.000000	0.000000	
-0.000000	1.000000	-0.000000	
-1.000050	-0.000013	1.000000	
265
1.000000	-0.000000	-0.000000	
-0.000000	1.000000	0.000000	
-2.000011	-0.000000	1.000000	
198
1.000000	-0.000134	-0.000003	
0.000218	1.000914	-0.000011	
-2.639924	0.228751	1.005293	
279
1.000000	-0.000310	-0.000006	
-0.003568	1.001615	-0.000010	
-2.765754	0.181730	1.005677	
335
1.000000	-0.000000	-0.000000	
-0.000000	1.000000	-0.000000	
-3.999992	0.000000	1.000000	
401
1.000000	-0.000000	-0.000000	
0.000000	1.000000	-0.000000	
-3.999969	0.000011	1.000000	
273
1.000000	-0.000000	0.000000	
0.000000	1.000000	0.000000	
-4.999980	0.000004	1.000000	
434
1.000000	-0.000000	0.000000	
-0.000000	1.000000	-0.000000	
-4.000012	-0.000008	1.000000	
441
1.000000	0.000000	0.000000	
0.000000	1.000000	0.000000	
-5.000012	0.000004	1.000000	
417
1.000000	0.000000	0.000000	
-0.000000	1.000000	-0.000000	
-5.000016	0.000001	1.000000	
291
1.000000	-0.000000	-0.000000	
0.000000	1.000000	0.000000	
-6.000027	-0.000003	1.000000	
490
1.000000	-0.000000	0.000000	
0.000000	1.000000	-0.000000	
-4.999973	0.000011	1.000000	
311
1.000000	0.000000	0.000000	
-0.000000	1.000000	-0.000000	
-6.999982	-0.000003	1.000000	
471
1.000000	0.000000	0.000000	
-0.000000	1.000000	-0.000000	
-7.999970	0.000008	1.000000	
210
1.000000	0.000000	0.000000	
0.000000	1.000000	-0.000000	
-8.999985	0.000013	1.000000	
259
1.000000	-0.000000	0.000000	
0.000000	1.000000	-0.000000	
-9.999977	0.000011	1.000000	
240
1.000000	0.000000	0.000000	
0.000000	1.000000	0.000000	
-12.000001	-0.000003	1.000000	
222
1.000000	0.001142	0.000011	
0.001395	0.993436	0.000002	
-14.790387	-0.286646	0.990518	
259
1.000000	0.000481	0.000005	
0.000848	0.993902	-0.000003	
-16.540070	-0.073320	0.993713	
301
1.000000	0.000519	0.000007	
-0.005576	0.994196	-0.000028	
-14.806917	0.183039	0.999293	
309
1.000000	0.001286	0.000015	
0.000120	0.992904	-0.000004	
-15.429855	-0.246153	0.990667	
365
1.000000	0.000000	0.000000	
-0.000000	1.000000	0.000000	
-13.000014	-0.000010	1.000000	
334
1.000000	0.000274	0.000003	
0.000496	0.996758	0.000002	
-13.264279	-0.105554	0.995508	
294
1.000000	-0.000210	-0.000001	
0.005049	0.998153	-0.000003	
-12.154936	0.121357	0.999498	
178
1.000000	0.001313	0.000013	
-0.000115	0.990641	-0.000019	
-9.344297	0.123987	0.994067	
385
1.000000	0.000690	0.000007	
0.004408	0.997290	-0.000002	
-7.619843	-0.160495	0.996184	
366
1.000000	-0.000408	-0.000004	
0.000365	0.999954	0.000007	
-7.118175	-0.010307	0.998857	
580
1.000000	-0.000000	0.000000	
-0.000000	1.000000	-0.000000	
-8.000012	-0.000012	1.000000	
479
1.000000	0.000091	0.000001	
-0.006376	1.001493	0.000000	
-7.434186	-0.005015	1.001357	
490
1.000000	-0.000000	-0.000000	
0.000000	1.000000	-0.000000	
-8.999980	0.000001	1.000000	
445
1.000000	-0.000000	-0.000000	
-0.000000	1.000000	0.000000	
-8.999995	0.000002	1.000000	
496
1.000000	-0.000735	-0.000006	
-0.005334	0.999717	-0.000018	
-6.612791	0.494372	1.006219	
657
1.000000	0.000000	-0.000000	
-0.000000	1.000000	0.000000	
-8.000023	-0.000005	1.000000	
318
1.000000	0.000400	0.000003	
-0.004712	0.996870	-0.000024	
-6.289041	0.133728	1.001153	
348
1.000000	0.000250	0.000009	
0.001631	0.994958	-0.000004	
-4.489520	0.130640	0.996280	
570
1.000000	0.000400	0.000003	
-0.006068	0.999598	0.000000	
-3.803160	-0.111554	0.998747	
487
1.000000	0.000000	0.000000	
0.000000	1.000000	-0.000000	
-6.000009	-0.000005	1.000000	
437
1.000000	-0.000000	-0.000000	
0.000000	1.000000	-0.000000	
-4.999975	0.000010	1.000000	
290
1.000000	0.000082	0.000001	
0.005633	1.002561	0.000009	
-3.024610	-0.126122	1.000170	
446
1.000000	0.000000	0.000000	
-0.000000	1.000000	-0.000000	
-2.000010	-0.000021	1.000000	
365
1.000000	0.000000	0.000000	
-0.000000	1.000000	0.000000	
-2.999982	0.000014	1.000000	
335
1.000000	0.000384	0.000004	
-0.000197	1.000024	0.000020	
-6.087903	-0.307261	0.994415	
349
1.000000	-0.000120	-0.000001	
0.003213	0.999256	-0.000001	
-4.486407	0.079835	1.000218	
262
1.000000	-0.000014	-0.000000	
0.004627	0.999968	-0.000001	
-1.252955	0.036342	1.000385	
300
1.000000	0.000089	0.000001	
0.001780	0.999496	-0.000001	
0.823946	0.000757	0.999690	
327
1.000000	-0.000459	-0.000005	
-0.002290	0.999917	-0.000007	
0.585866	0.206725	1.002670	
209
1.000000	0.000587	0.000006	
0.002471	0.996312	-0.000020	
-0.384780	-0.007612	0.998371	
184
1.000000	-0.000646	-0.000005	
0.001919	1.007265	0.000017	
0.059735	-0.609382	1.000766	
445
1.000000	-0.000000	-0.000000	
0.000000	1.000000	-0.000000	
0.000011	0.000014	1.000000	
518
1.000000	0.000000	0.000000	
0.000000	1.000000	-0.000000	
0.000021	-0.000006	1.000000	
292
1.000000	-0.000000	-0.000000	
0.000000	1.000000	-0.000000	
0.000036	0.000011	1.000000	
360
1.000000	-0.000000	-0.000000	
0.000000	1.000000	-0.000000	
-0.000002	0.000002	1.000000	
202
1.000000	0.002939	0.000005	
0.000966	0.996708	-0.000001	
-0.232326	-0.000991	0.997794	
225
1.000000	0.001162	0.000011	
-0.009342	0.993561	-0.000045	
2.316221	0.142530	1.000013	
269
1.000000	0.000105	0.000001	
-0.006615	0.999480	-0.000000	
0.996292	-0.007377	0.999446	
173
1.000000	0.000165	0.000002	
0.000015	1.000306	-0.000011	
0.038450	0.052095	1.002073	
357
1.000000	-0.000000	0.000000	
-0.000000	1.000000	-0.000000	
0.000004	-0.000005	1.000000	
575
1.000000	0.000000	0.000000	
0.000000	1.000000	-0.000000	
-0.000013	-0.000004	1.000000	
367
1.000000	-0.000000	-0.000000	
-0.000000	1.000000	0.000000	
0.000004	-0.000004	1.000000	
634
1.000000	-0.000000	0.000000	
0.000000	1.000000	0.000000	
-0.000034	-0.000013	1.000000	
450
1.000000	-0.000000	0.000000	
0.000000	1.000000	0.000000	
0.000025	0.000002	1.000000	
384
1.000000	-0.000000	-0.000000	
-0.000000	1.000000	-0.000000	
-0.000009	-0.000003	1.000000	
215
1.000000	-0.000183	-0.000002	
-0.005768	1.000289	-0.000001	
1.303456	0.049379	1.000858	
356
1.000000	-0.001200	-0.000009	
-0.006043	1.000359	-0.000021	
1.663447	0.654648	1.008378	
532
1.000000	-0.000000	-0.000000	
0.000000	1.000000	0.000000	
0.000030	0.000007	1.000000	
351
1.000000	-0.000000	-0.000000	
0.000000	1.000000	0.000000	
0.000012	0.000017	1.000000	
608
1.000000	-0.000000	-0.000000	
-0.000000	1.000000	-0.000000	
0.000003	-0.000002	1.000000	
422
1.000000	-0.000000	0.000000	
-0.000000	1.000000	0.000000	
-0.000016	-0.000010	1.000000	
428
1.000000	-0.000000	-0.000000	
0.000000	1.000000	0.000000	
0.000022	0.000021	1.000000	
477
1.000000	-0.000000	-0.000000	
0.000000	1.000000	0.000000	
-0.000007	-0.000005	1.000000	
340
1.000000	-0.000000	-0.000000	
0.000000	1.000000	-0.000000	
-0.000016	-0.000007	1.000000	
366
1.000000	0.000000	-0.000000	
0.000000	1.000000	0.000000	
-0.000005	-0.000009	1.000000	
449
1.000000	0.000000	0.000000	
-0.000000	1.000000	-0.000000	
-0.000034	-0.000002	1.000000	
240
1.000000	-0.001786	0.000002	
0.000138	1.001125	-0.000001	
-0.056272	0.557390	0.999182	
549
1.000000	0.000000	0.000000	
-0.000000	1.000000	-0.000000	
0.000021	0.000006	1.000000	
605
1.000000	0.000000	0.000000	
-0.000000	1.000000	-0.000000	
0.000025	0.000001	1.000000	
