397 1
0.996162	-0.000845	0.725390	
-0.000567	0.997861	0.212257	
-0.000005	-0.000003	1.000000	
452 2
0.998468	0.002283	0.155249	
-0.000431	1.001072	0.012784	
-0.000003	0.000006	1.000000	
405 3
0.994645	-0.001983	0.969860	
-0.000949	0.996208	0.390999	
-0.000007	-0.000007	1.000000	
421 4
1.000000	-0.000000	-0.000005	
0.000000	1.000000	0.000008	
0.000000	-0.000000	1.000000	
404 5
1.000000	-0.000000	-0.000040	
-0.000000	1.000000	-0.000020	
-0.000000	0.000000	1.000000	
424 6
1.000000	-0.000000	-0.000026	
-0.000000	1.000000	-0.000001	
-0.000000	0.000000	1.000000	
397 7
1.000000	-0.000000	0.000019	
0.000000	1.000000	-0.000007	
0.000000	-0.000000	1.000000	
413 8
1.000569	0.000366	-0.071431	
0.000179	1.000939	-0.087699	
0.000001	0.000002	1.000000	
398 9
1.000839	-0.003264	0.090028	
0.000472	0.999184	-0.040898	
0.000002	-0.000004	1.000000	
412 10
1.000000	-0.000000	-0.000006	
0.000000	1.000000	-0.000005	
0.000000	0.000000	1.000000	
432 11
1.000000	0.000000	0.000022	
-0.000000	1.000000	0.000022	
-0.000000	0.000000	1.000000	
454 12
1.000000	0.000000	-0.000018	
-0.000000	1.000000	-0.000017	
0.000000	0.000000	1.000000	
437 13
1.000000	0.000000	0.000060	
-0.000000	1.000000	0.000006	
0.000000	-0.000000	1.000000	
459 14
1.000000	-0.000000	0.000023	
0.000000	1.000000	0.000015	
-0.000000	-0.000000	1.000000	
416 15
1.000000	-0.000000	0.000001	
0.000000	1.000000	0.000018	
0.000000	-0.000000	1.000000	
411 16
1.000000	-0.000000	0.000044	
0.000000	1.000000	0.000017	
0.000000	-0.000000	1.000000	
398 17
1.000000	-0.000000	-0.000006	
0.000000	1.000000	-0.000014	
0.000000	-0.000000	1.000000	
407 18
1.000000	0.000000	0.000032	
0.000000	1.000000	0.000012	
0.000000	0.000000	1.000000	
404 19
1.000394	0.000211	-0.029948	
0.000075	1.001018	-0.069126	
0.000000	0.000003	1.000000	
421 20
1.000000	0.000000	-0.000026	
-0.000000	1.000000	-0.000005	
0.000000	0.000000	1.000000	
392 21
1.000000	0.000000	-0.000006	
0.000000	1.000000	0.000016	
0.000000	0.000000	1.000000	
407 22
1.000000	-0.000000	-0.000013	
0.000000	1.000000	0.000001	
0.000000	-0.000000	1.000000	
401 23
1.000000	-0.000000	-0.000011	
0.000000	1.000000	-0.000003	
0.000000	-0.000000	1.000000	
411 24
1.000000	0.000000	0.000012	
-0.000000	1.000000	0.000012	
-0.000000	0.000000	1.000000	
407 25
1.000000	0.000000	0.000008	
-0.000000	1.000000	-0.000004	
-0.000000	0.000000	1.000000	
419 26
1.000000	0.000000	-0.000011	
-0.000000	1.000000	-0.000009	
-0.000000	0.000000	1.000000	
417 27
1.000000	0.000000	-0.000014	
-0.000000	1.000000	0.000007	
-0.000000	0.000000	1.000000	
416 28
1.000000	0.000000	-0.000005	
-0.000000	1.000000	-0.000010	
-0.000000	0.000000	1.000000	
400 29
1.000000	-0.000000	0.000013	
0.000000	1.000000	0.000016	
0.000000	-0.000000	1.000000	
410 30
1.000000	0.000000	-0.000018	
0.000000	1.000000	-0.000004	
0.000000	0.000000	1.000000	
387 31
1.000000	-0.000000	-0.000002	
0.000000	1.000000	-0.000006	
0.000000	-0.000000	1.000000	
398 32
1.000000	0.000000	-0.000006	
-0.000000	1.000000	0.000002	
-0.000000	0.000000	1.000000	
383 33
1.000000	0.000000	-0.000010	
-0.000000	1.000000	-0.000008	
-0.000000	0.000000	1.000000	
397 34
1.000000	-0.000000	-0.000005	
0.000000	1.000000	-0.000019	
0.000000	0.000000	1.000000	
406 35
1.000000	-0.000000	0.000023	
-0.000000	1.000000	0.000002	
-0.000000	-0.000000	1.000000	
402 36
1.000000	0.000000	0.000030	
0.000000	1.000000	0.000008	
0.000000	-0.000000	1.000000	
388 37
1.000000	0.000000	-0.000004	
0.000000	1.000000	-0.000000	
0.000000	-0.000000	1.000000	
378 38
1.000000	0.000000	0.000025	
-0.000000	1.000000	-0.000007	
-0.000000	-0.000000	1.000000	
380 39
1.000000	0.000000	0.000004	
0.000000	1.000000	0.000020	
0.000000	0.000000	1.000000	
418 40
1.000000	0.000000	0.000023	
0.000000	1.000000	0.000012	
0.000000	0.000000	1.000000	
400 41
1.000000	0.000000	0.000051	
-0.000000	1.000000	0.000021	
-0.000000	0.000000	1.000000	
421 42
1.000000	0.000000	-0.000008	
0.000000	1.000000	0.000009	
-0.000000	-0.000000	1.000000	
400 43
1.000000	0.000000	-0.000013	
-0.000000	1.000000	-0.000015	
-0.000000	0.000000	1.000000	
414 44
1.000000	0.000000	0.000027	
-0.000000	1.000000	0.000019	
-0.000000	0.000000	1.000000	
395 45
0.999808	-0.000112	0.019583	
-0.000053	0.999591	0.032838	
-0.000000	-0.000001	1.000000	
402 46
1.000000	-0.000000	0.000020	
0.000000	1.000000	0.000010	
0.000000	-0.000000	1.000000	
373 47
1.000000	-0.000000	-0.000026	
0.000000	1.000000	-0.000014	
-0.000000	-0.000000	1.000000	
422 48
1.000000	-0.000000	-0.000036	
-0.000000	1.000000	-0.000018	
-0.000000	-0.000000	1.000000	
398 49
1.000000	-0.000000	-0.000006	
-0.000000	1.000000	0.000003	
0.000000	-0.000000	1.000000	
440 50
1.000000	-0.000000	-0.000020	
-0.000000	1.000000	-0.000018	
-0.000000	-0.000000	1.000000	
432 51
1.000000	-0.000000	0.000004	
-0.000000	1.000000	0.000005	
-0.000000	-0.000000	1.000000	
164 52
1.000124	-0.000069	-0.061838	
0.000300	0.997747	0.074123	
0.000002	-0.000008	1.000000	
323 53
1.001544	0.001170	-0.338197	
0.000197	1.000495	-0.044708	
0.000002	0.000001	1.000000	
372 54
1.000000	0.000000	-0.000007	
0.000000	1.000000	-0.000012	
0.000000	0.000000	1.000000	
330 55
1.000180	0.000030	0.013057	
0.000033	1.000977	-0.071510	
0.000000	0.000003	1.000000	
378 56
1.001886	0.000673	-0.216518	
0.000335	1.000047	-0.033229	
0.000004	-0.000001	1.000000	
389 57
1.000000	0.000000	-0.000030	
0.000000	1.000000	-0.000025	
0.000000	0.000000	1.000000	
448 58
0.999761	-0.000145	0.011471	
-0.000020	0.999090	0.049682	
-0.000000	-0.000003	1.000000	
409 59
0.999576	-0.000211	0.027335	
-0.000081	0.998841	0.076774	
-0.000000	-0.000003	1.000000	
409 60
1.000000	-0.000000	-0.000013	
-0.000000	1.000000	-0.000011	
0.000000	-0.000000	1.000000	
402 61
1.000000	0.000000	0.000004	
0.000000	1.000000	0.000004	
-0.000000	0.000000	1.000000	
410 62
1.000000	0.000000	-0.000003	
0.000000	1.000000	0.000004	
0.000000	0.000000	1.000000	
364 63
1.000312	0.000142	0.010151	
-0.000021	1.001681	-0.089385	
-0.000000	0.000005	1.000000	
399 64
1.000326	0.000126	0.000865	
0.000053	1.001446	-0.102814	
0.000000	0.000004	1.000000	
410 65
1.000000	0.000000	-0.000004	
0.000000	1.000000	-0.000013	
0.000000	-0.000000	1.000000	
424 66
1.000000	-0.000000	0.000015	
0.000000	1.000000	0.000012	
-0.000000	-0.000000	1.000000	
421 67
1.000000	0.000000	0.000041	
0.000000	1.000000	0.000015	
-0.000000	0.000000	1.000000	
453 68
1.000000	-0.000000	-0.000006	
-0.000000	1.000000	0.000000	
-0.000000	0.000000	1.000000	
408 69
1.000000	0.000000	0.000012	
0.000000	1.000000	0.000012	
-0.000000	-0.000000	1.000000	
409 70
1.000000	-0.000000	-0.000029	
-0.000000	1.000000	-0.000006	
0.000000	-0.000000	1.000000	
360 71
0.999171	-0.000293	-0.008175	
0.000024	0.996684	0.160856	
-0.000001	-0.000010	1.000000	
400 72
1.000000	0.000000	0.000046	
0.000000	1.000000	0.000021	
0.000000	0.000000	1.000000	
237 73
1.000000	-0.000000	0.000010	
0.000000	1.000000	0.000015	
0.000000	-0.000000	1.000000	
414 74
1.000219	0.000002	0.026469	
-0.000023	1.001380	-0.075711	
-0.000000	0.000004	1.000000	
425 75
1.000000	0.000000	0.000015	
-0.000000	1.000000	0.000006	
-0.000000	0.000000	1.000000	
416 76
1.000000	0.000000	0.000016	
-0.000000	1.000000	0.000013	
-0.000000	0.000000	1.000000	
372 77
1.000000	0.000000	-0.000010	
-0.000000	1.000000	0.000011	
-0.000000	0.000000	1.000000	
422 78
1.000000	-0.000000	-0.000014	
-0.000000	1.000000	-0.000007	
-0.000000	0.000000	1.000000	
388 79
1.000000	0.000000	0.000013	
-0.000000	1.000000	0.000019	
-0.000000	0.000000	1.000000	
393 80
1.000000	0.000000	0.000002	
-0.000000	1.000000	0.000014	
-0.000000	0.000000	1.000000	
371 81
0.999209	-0.000291	0.057292	
-0.000346	0.998404	0.196770	
-0.000001	-0.000003	1.000000	
397 82
1.000000	0.000000	-0.000039	
-0.000000	1.000000	0.000005	
0.000000	0.000000	1.000000	
365 83
1.000000	0.000000	-0.000032	
0.000000	1.000000	-0.000007	
-0.000000	0.000000	1.000000	
419 84
1.000000	-0.000000	0.000023	
0.000000	1.000000	0.000015	
0.000000	-0.000000	1.000000	
397 85
1.000000	0.000000	-0.000019	
-0.000000	1.000000	-0.000014	
-0.000000	0.000000	1.000000	
416 86
1.000000	0.000000	0.000022	
0.000000	1.000000	0.000013	
-0.000000	0.000000	1.000000	
411 87
1.000000	0.000000	0.000013	
0.000000	1.000000	0.000007	
-0.000000	0.000000	1.000000	
429 88
1.000000	-0.000000	-0.000028	
0.000000	1.000000	0.000010	
0.000000	-0.000000	1.000000	
396 89
1.000000	0.000000	0.000013	
-0.000000	1.000000	-0.000003	
0.000000	0.000000	1.000000	
417 90
1.000000	0.000000	-0.000030	
-0.000000	1.000000	0.000003	
-0.000000	-0.000000	1.000000	
416 91
1.000000	0.000000	-0.000036	
-0.000000	1.000000	-0.000016	
-0.000000	-0.000000	1.000000	
442 92
1.000000	0.000000	0.000026	
-0.000000	1.000000	0.000018	
-0.000000	0.000000	1.000000	
489 93
1.000000	0.000000	-0.000004	
0.000000	1.000000	-0.000000	
0.000000	-0.000000	1.000000	
466 94
1.000000	-0.000000	-0.000028	
-0.000000	1.000000	0.000001	
-0.000000	0.000000	1.000000	
437 95
1.000650	0.000323	-0.061958	
0.000165	1.001232	-0.097410	
0.000001	0.000003	1.000000	
441 96
1.000179	0.000010	-0.008164	
0.000045	1.000439	-0.035579	
0.000000	0.000001	1.000000	
466 97
1.000000	0.000000	0.000001	
-0.000000	1.000000	0.000002	
-0.000000	0.000000	1.000000	
484 98
1.000225	0.000120	-0.021136	
0.000071	1.000499	-0.046696	
0.000000	0.000001	1.000000	
461 99
1.000000	0.000000	0.000001	
-0.000000	1.000000	0.000004	
-0.000000	-0.000000	1.000000	
505 100
1.000000	-0.000000	0.000003	
-0.000000	1.000000	-0.000002	
-0.000000	-0.000000	1.000000	
470 101
1.000000	-0.000000	0.000007	
0.000000	1.000000	0.000016	
0.000000	-0.000000	1.000000	
449 102
1.000000	0.000000	0.000027	
0.000000	1.000000	0.000001	
0.000000	-0.000000	1.000000	
406 103
1.000163	0.000026	0.004308	
0.000008	1.000664	-0.040194	
0.000000	0.000002	1.000000	
432 104
1.000000	0.000000	0.000011	
-0.000000	1.000000	0.000004	
-0.000000	0.000000	1.000000	
425 105
1.000000	0.000000	-0.000016	
-0.000000	1.000000	-0.000010	
-0.000000	0.000000	1.000000	
414 106
1.000000	0.000000	0.000031	
-0.000000	1.000000	0.000016	
-0.000000	-0.000000	1.000000	
394 107
1.000000	0.000000	0.000026	
0.000000	1.000000	0.000002	
0.000000	0.000000	1.000000	
399 108
1.000000	-0.000000	-0.000006	
-0.000000	1.000000	-0.000018	
-0.000000	-0.000000	1.000000	
310 109
1.000000	-0.000000	-0.000046	
0.000000	1.000000	-0.000018	
0.000000	0.000000	1.000000	
426 110
1.000000	-0.000000	0.000001	
-0.000000	1.000000	0.000003	
-0.000000	0.000000	1.000000	
417 111
1.000000	0.000000	0.000023	
-0.000000	1.000000	0.000006	
-0.000000	0.000000	1.000000	
181 112
0.992545	-0.004862	1.401455	
-0.001004	0.995440	0.363850	
-0.000010	-0.000008	1.000000	
358 113
1.000000	-0.000000	0.000009	
0.000000	1.000000	-0.000014	
-0.000000	0.000000	1.000000	
402 114
1.000000	0.000000	-0.000023	
-0.000000	1.000000	-0.000004	
-0.000000	0.000000	1.000000	
380 115
1.000000	0.000000	-0.000019	
-0.000000	1.000000	-0.000004	
0.000000	0.000000	1.000000	
420 116
1.000000	0.000000	0.000009	
-0.000000	1.000000	-0.000014	
0.000000	0.000000	1.000000	
424 117
1.000000	0.000000	-0.000007	
-0.000000	1.000000	-0.000001	
0.000000	0.000000	1.000000	
448 118
1.000000	0.000000	0.000031	
0.000000	1.000000	-0.000008	
0.000000	-0.000000	1.000000	
430 119
1.000000	-0.000000	0.000010	
0.000000	1.000000	0.000007	
-0.000000	-0.000000	1.000000	
438 120
1.000000	-0.000000	0.000022	
0.000000	1.000000	-0.000006	
-0.000000	-0.000000	1.000000	
434 121
1.000000	0.000000	-0.000010	
0.000000	1.000000	0.000012	
-0.000000	-0.000000	1.000000	
432 122
1.000000	-0.000000	0.000033	
0.000000	1.000000	0.000018	
-0.000000	-0.000000	1.000000	
395 123
1.000000	0.000000	-0.000036	
-0.000000	1.000000	-0.000015	
0.000000	0.000000	1.000000	
444 124
1.000000	-0.000000	-0.000004	
0.000000	1.000000	-0.000003	
-0.000000	-0.000000	1.000000	
424 125
1.000366	-0.000545	0.139081	
0.000183	1.000957	-0.087931	
0.000001	0.000002	1.000000	
441 126
1.000000	-0.000000	0.000006	
-0.000000	1.000000	0.000014	
-0.000000	0.000000	1.000000	
397 127
1.000000	-0.000000	-0.000004	
-0.000000	1.000000	0.000015	
-0.000000	0.000000	1.000000	
414 128
1.000000	0.000000	0.000008	
0.000000	1.000000	-0.000001	
0.000000	-0.000000	1.000000	
402 129
1.000000	-0.000000	0.000025	
-0.000000	1.000000	0.000002	
0.000000	0.000000	1.000000	
420 130
1.000000	0.000000	0.000037	
0.000000	1.000000	0.000015	
0.000000	0.000000	1.000000	
397 131
1.000000	-0.000000	0.000010	
0.000000	1.000000	0.000015	
-0.000000	-0.000000	1.000000	
453 132
1.000000	-0.000000	-0.000025	
-0.000000	1.000000	0.000000	
0.000000	0.000000	1.000000	
409 133
1.000000	0.000000	0.000005	
0.000000	1.000000	-0.000001	
0.000000	0.000000	1.000000	
440 134
1.000000	-0.000000	-0.000028	
-0.000000	1.000000	-0.000019	
-0.000000	0.000000	1.000000	
445 135
1.000000	0.000000	0.000002	
0.000000	1.000000	-0.000009	
-0.000000	0.000000	1.000000	
469 136
1.000000	0.000000	0.000009	
-0.000000	1.000000	0.000003	
-0.000000	0.000000	1.000000	
453 137
1.000000	-0.000000	-0.000003	
-0.000000	1.000000	0.000006	
-0.000000	-0.000000	1.000000	
469 138
1.000000	0.000000	-0.000014	
-0.000000	1.000000	-0.000019	
-0.000000	0.000000	1.000000	
450 139
1.000000	0.000000	0.000026	
0.000000	1.000000	0.000006	
0.000000	-0.000000	1.000000	
474 140
1.000000	0.000000	-0.000018	
0.000000	1.000000	-0.000019	
0.000000	-0.000000	1.000000	
441 141
1.000000	-0.000000	0.000009	
-0.000000	1.000000	0.000007	
0.000000	-0.000000	1.000000	
454 142
1.000000	0.000000	0.000001	
0.000000	1.000000	-0.000008	
-0.000000	0.000000	1.000000	
443 143
1.000000	-0.000000	-0.000004	
-0.000000	1.000000	0.000015	
0.000000	-0.000000	1.000000	
461 144
1.000000	0.000000	-0.000003	
-0.000000	1.000000	-0.000008	
-0.000000	0.000000	1.000000	
419 145
1.000000	0.000000	-0.000009	
0.000000	1.000000	-0.000009	
-0.000000	0.000000	1.000000	
438 146
1.000000	0.000000	-0.000001	
0.000000	1.000000	0.000006	
0.000000	-0.000000	1.000000	
430 147
1.000000	0.000000	0.000007	
0.000000	1.000000	0.000002	
0.000000	-0.000000	1.000000	
341 148
1.000881	-0.000007	-0.033441	
0.000513	1.000903	-0.238975	
0.000002	0.000000	1.000000	
469 149
1.000000	0.000000	0.000024	
-0.000000	1.000000	0.000017	
-0.000000	0.000000	1.000000	
447 150
1.000000	0.000000	-0.000003	
-0.000000	1.000000	-0.000009	
-0.000000	0.000000	1.000000	
436 151
1.000000	-0.000000	0.000003	
-0.000000	1.000000	-0.000001	
-0.000000	-0.000000	1.000000	
417 152
1.000000	-0.000000	0.000012	
0.000000	1.000000	0.000017	
-0.000000	0.000000	1.000000	
436 153
1.000000	0.000000	0.000020	
0.000000	1.000000	0.000010	
0.000000	0.000000	1.000000	
436 154
1.000000	-0.000000	0.000032	
-0.000000	1.000000	0.000016	
-0.000000	0.000000	1.000000	
460 155
1.000000	0.000000	-0.000003	
0.000000	1.000000	-0.000011	
0.000000	0.000000	1.000000	
455 156
1.000000	-0.000000	-0.000009	
-0.000000	1.000000	-0.000005	
-0.000000	0.000000	1.000000	
464 157
1.000000	0.000000	-0.000008	
-0.000000	1.000000	-0.000010	
-0.000000	0.000000	1.000000	
427 158
1.000000	0.000000	-0.000012	
-0.000000	1.000000	-0.000006	
-0.000000	0.000000	1.000000	
480 159
1.000000	-0.000000	-0.000016	
-0.000000	1.000000	-0.000000	
0.000000	-0.000000	1.000000	
434 160
1.000000	0.000000	0.000030	
0.000000	1.000000	0.000021	
-0.000000	0.000000	1.000000	
448 161
1.000000	-0.000000	-0.000034	
-0.000000	1.000000	0.000010	
0.000000	-0.000000	1.000000	
419 162
1.000000	-0.000000	0.000033	
-0.000000	1.000000	0.000017	
-0.000000	0.000000	1.000000	
447 163
1.000000	-0.000000	0.000010	
-0.000000	1.000000	-0.000010	
0.000000	0.000000	1.000000	
439 164
1.000000	0.000000	-0.000033	
0.000000	1.000000	-0.000008	
0.000000	0.000000	1.000000	
452 165
1.000000	0.000000	0.000047	
0.000000	1.000000	0.000005	
0.000000	0.000000	1.000000	
454 166
1.000000	-0.000000	-0.000003	
0.000000	1.000000	-0.000004	
0.000000	-0.000000	1.000000	
494 167
1.000000	-0.000000	-0.000012	
-0.000000	1.000000	-0.000003	
-0.000000	-0.000000	1.000000	
477 168
1.000000	-0.000000	-0.000003	
0.000000	1.000000	-0.000001	
0.000000	-0.000000	1.000000	
494 169
1.000000	-0.000000	0.000001	
-0.000000	1.000000	0.000007	
0.000000	-0.000000	1.000000	
493 170
1.000000	-0.000000	0.000030	
-0.000000	1.000000	0.000005	
0.000000	-0.000000	1.000000	
501 171
1.000000	-0.000000	0.000042	
-0.000000	1.000000	0.000009	
0.000000	0.000000	1.000000	
208 172
1.000000	0.000000	-0.000002	
0.000000	1.000000	-0.000004	
0.000000	-0.000000	1.000000	
402 173
1.000000	0.000000	0.000009	
-0.000000	1.000000	0.000013	
-0.000000	0.000000	1.000000	
372 174
1.000000	-0.000000	-0.000009	
-0.000000	1.000000	0.000007	
-0.000000	0.000000	1.000000	
461 175
1.000000	-0.000000	0.000049	
0.000000	1.000000	0.000017	
-0.000000	0.000000	1.000000	
405 176
1.000000	-0.000000	-0.000018	
0.000000	1.000000	0.000005	
0.000000	-0.000000	1.000000	
440 177
1.000000	0.000000	-0.000019	
-0.000000	1.000000	0.000002	
-0.000000	0.000000	1.000000	
393 178
1.000000	-0.000000	-0.000004	
-0.000000	1.000000	-0.000008	
0.000000	-0.000000	1.000000	
397 179
1.002697	0.000776	-0.503710	
0.000571	1.001875	-0.247822	
0.000003	0.000002	1.000000	
407 180
1.002410	-0.000863	-0.361138	
0.000483	1.000693	-0.135258	
0.000004	-0.000002	1.000000	
469 181
1.003367	0.001735	-0.678635	
0.000469	1.002557	-0.231765	
0.000004	0.000005	1.000000	
431 182
1.000000	0.000000	0.000005	
-0.000000	1.000000	-0.000004	
0.000000	0.000000	1.000000	
454 183
1.000000	-0.000000	0.000020	
0.000000	1.000000	0.000015	
-0.000000	-0.000000	1.000000	
362 184
0.998358	-0.001128	0.276305	
-0.000045	0.999730	-0.026554	
-0.000003	-0.000002	1.000000	
487 185
1.000059	-0.000044	0.036375	
-0.000053	1.001038	-0.053989	
-0.000000	0.000003	1.000000	
435 186
1.000000	0.000000	-0.000005	
-0.000000	1.000000	-0.000026	
0.000000	0.000000	1.000000	
469 187
1.000000	-0.000000	0.000000	
-0.000000	1.000000	0.000004	
0.000000	-0.000000	1.000000	
477 188
1.000000	-0.000000	-0.000010	
0.000000	1.000000	0.000003	
0.000000	0.000000	1.000000	
481 189
1.000000	0.000000	-0.000033	
-0.000000	1.000000	-0.000015	
0.000000	0.000000	1.000000	
442 190
1.000000	0.000000	0.000024	
0.000000	1.000000	0.000006	
0.000000	0.000000	1.000000	
471 191
1.000000	0.000000	0.000025	
0.000000	1.000000	0.000002	
-0.000000	0.000000	1.000000	
426 192
1.000000	0.000000	0.000001	
0.000000	1.000000	-0.000001	
-0.000000	0.000000	1.000000	
489 193
1.000000	-0.000000	0.000016	
-0.000000	1.000000	-0.000004	
0.000000	0.000000	1.000000	
460 194
1.000000	0.000000	0.000005	
-0.000000	1.000000	0.000018	
0.000000	-0.000000	1.000000	
490 195
1.000000	-0.000000	-0.000016	
-0.000000	1.000000	0.000006	
0.000000	0.000000	1.000000	
468 196
1.000000	-0.000000	0.000045	
-0.000000	1.000000	0.000013	
-0.000000	-0.000000	1.000000	
531 197
1.000000	-0.000000	0.000008	
-0.000000	1.000000	0.000005	
-0.000000	-0.000000	1.000000	
502 198
1.000000	-0.000000	0.000013	
0.000000	1.000000	0.000004	
0.000000	0.000000	1.000000	
562 199
1.000000	-0.000000	0.000039	
-0.000000	1.000000	0.000020	
-0.000000	-0.000000	1.000000	
502 200
1.000000	-0.000000	0.000011	
0.000000	1.000000	0.000014	
-0.000000	-0.000000	1.000000	
524 201
1.000000	-0.000000	-0.000000	
-0.000000	1.000000	0.000005	
-0.000000	-0.000000	1.000000	
506 202
1.000000	0.000000	-0.000008	
0.000000	1.000000	-0.000000	
0.000000	0.000000	1.000000	
537 203
1.000000	-0.000000	-0.000036	
0.000000	1.000000	-0.000009	
-0.000000	-0.000000	1.000000	
499 204
1.000000	0.000000	0.000008	
-0.000000	1.000000	-0.000000	
0.000000	0.000000	1.000000	
508 205
1.000000	-0.000000	-0.000019	
0.000000	1.000000	-0.000003	
0.000000	-0.000000	1.000000	
510 206
1.000960	0.000488	-0.090197	
0.000302	1.001779	-0.160260	
0.000001	0.000004	1.000000	
507 207
1.000000	0.000000	0.000016	
-0.000000	1.000000	0.000002	
-0.000000	0.000000	1.000000	
507 208
1.000000	-0.000000	-0.000006	
0.000000	1.000000	0.000001	
0.000000	0.000000	1.000000	
519 209
1.000000	0.000000	0.000017	
-0.000000	1.000000	0.000026	
0.000000	0.000000	1.000000	
491 210
1.000000	-0.000000	-0.000009	
-0.000000	1.000000	-0.000015	
0.000000	-0.000000	1.000000	
499 211
1.000358	0.000659	-0.099309	
-0.000017	1.000663	-0.036019	
-0.000000	0.000002	1.000000	
460 212
0.997809	-0.000861	0.358620	
-0.000283	0.998859	0.094241	
-0.000003	-0.000002	1.000000	
512 213
0.997649	-0.001414	0.499455	
-0.000311	0.997976	0.180487	
-0.000002	-0.000004	1.000000	
500 214
1.000000	0.000000	-0.000010	
-0.000000	1.000000	-0.000008	
-0.000000	0.000000	1.000000	
544 215
0.997211	-0.001443	0.588824	
-0.000463	0.997703	0.235875	
-0.000003	-0.000004	1.000000	
533 216
0.996082	-0.002113	0.816570	
-0.000628	0.996813	0.313756	
-0.000004	-0.000006	1.000000	
517 217
0.997282	-0.001595	0.574073	
-0.000416	0.997642	0.223550	
-0.000003	-0.000005	1.000000	
506 218
0.996446	-0.001895	0.714000	
-0.000526	0.997323	0.252361	
-0.000004	-0.000005	1.000000	
520 219
0.996461	-0.001828	0.737271	
-0.000472	0.997334	0.235371	
-0.000004	-0.000005	1.000000	
490 220
0.997504	-0.001479	0.540369	
-0.000341	0.997905	0.181766	
-0.000003	-0.000004	1.000000	
487 221
1.000000	0.000000	0.000009	
0.000000	1.000000	0.000008	
-0.000000	0.000000	1.000000	
488 222
0.997187	-0.001520	0.582390	
-0.000403	0.998066	0.179162	
-0.000003	-0.000004	1.000000	
350 223
0.998887	0.000065	0.024321	
-0.000642	0.998779	0.288834	
-0.000002	-0.000000	1.000000	
520 224
1.000000	0.000000	0.000037	
0.000000	1.000000	-0.000003	
0.000000	-0.000000	1.000000	
512 225
1.000000	-0.000000	0.000016	
0.000000	1.000000	0.000006	
0.000000	-0.000000	1.000000	
498 226
1.000000	-0.000000	0.000010	
-0.000000	1.000000	0.000004	
0.000000	-0.000000	1.000000	
502 227
1.000000	-0.000000	-0.000024	
0.000000	1.000000	-0.000014	
-0.000000	0.000000	1.000000	
507 228
1.000000	0.000000	0.000022	
-0.000000	1.000000	-0.000007	
-0.000000	0.000000	1.000000	
511 229
1.000000	0.000000	0.000041	
0.000000	1.000000	-0.000003	
0.000000	-0.000000	1.000000	
537 230
1.000000	-0.000000	-0.000022	
-0.000000	1.000000	-0.000005	
-0.000000	0.000000	1.000000	
538 231
1.000000	-0.000000	0.000030	
0.000000	1.000000	0.000017	
0.000000	-0.000000	1.000000	
231 232
0.995731	-0.004463	1.071218	
-0.000485	0.995920	0.301306	
-0.000004	-0.000011	1.000000	
458 233
1.000000	-0.000000	-0.000010	
-0.000000	1.000000	-0.000015	
-0.000000	0.000000	1.000000	
508 234
1.000000	-0.000000	0.000015	
-0.000000	1.000000	0.000007	
-0.000000	-0.000000	1.000000	
339 235
1.000000	0.000000	-0.000040	
0.000000	1.000000	-0.000014	
0.000000	0.000000	1.000000	
455 236
1.000000	0.000000	0.000002	
-0.000000	1.000000	0.000001	
0.000000	0.000000	1.000000	
418 237
1.000000	0.000000	-0.000022	
0.000000	1.000000	0.000004	
-0.000000	0.000000	1.000000	
454 238
1.000000	-0.000000	0.000014	
-0.000000	1.000000	0.000008	
-0.000000	-0.000000	1.000000	
422 239
1.000000	0.000000	0.000005	
-0.000000	1.000000	0.000015	
-0.000000	0.000000	1.000000	
467 240
1.000000	0.000000	-0.000018	
-0.000000	1.000000	-0.000001	
-0.000000	0.000000	1.000000	
446 241
1.000000	0.000000	-0.000002	
-0.000000	1.000000	0.000011	
-0.000000	0.000000	1.000000	
474 242
1.000000	0.000000	-0.000007	
-0.000000	1.000000	0.000005	
-0.000000	0.000000	1.000000	
461 243
1.000000	-0.000000	-0.000009	
0.000000	1.000000	0.000004	
0.000000	-0.000000	1.000000	
525 244
1.003400	0.001684	-0.667491	
0.000623	1.002663	-0.291007	
0.000004	0.000005	1.000000	
507 245
1.000000	0.000000	0.000030	
0.000000	1.000000	0.000027	
0.000000	-0.000000	1.000000	
533 246
1.000000	-0.000000	-0.000009	
-0.000000	1.000000	-0.000013	
-0.000000	-0.000000	1.000000	
501 247
0.998726	-0.000457	0.175916	
-0.001201	1.000036	0.320551	
-0.000004	0.000004	1.000000	
533 248
0.998102	-0.001027	0.337757	
-0.000307	0.997758	0.192050	
-0.000002	-0.000005	1.000000	
504 249
0.996417	-0.002235	0.717909	
-0.000554	0.997145	0.268930	
-0.000004	-0.000006	1.000000	
503 250
1.000000	-0.000000	-0.000017	
-0.000000	1.000000	0.000003	
-0.000000	-0.000000	1.000000	
491 251
1.000000	-0.000000	0.000006	
-0.000000	1.000000	0.000012	
-0.000000	-0.000000	1.000000	
531 252
1.000000	0.000000	-0.000016	
-0.000000	1.000000	-0.000005	
-0.000000	0.000000	1.000000	
557 253
1.000000	0.000000	-0.000019	
0.000000	1.000000	0.000007	
0.000000	0.000000	1.000000	
550 254
1.000000	-0.000000	0.000004	
0.000000	1.000000	0.000019	
0.000000	-0.000000	1.000000	
506 255
1.000000	-0.000000	0.000022	
0.000000	1.000000	0.000000	
0.000000	-0.000000	1.000000	
558 256
1.003443	0.002235	-0.767462	
0.000529	1.002943	-0.279506	
0.000003	0.000006	1.000000	
541 257
1.003320	0.002412	-0.752167	
0.000449	1.002867	-0.241698	
0.000003	0.000006	1.000000	
472 258
1.003682	0.001996	-0.719648	
0.000582	1.002836	-0.278482	
0.000004	0.000005	1.000000	
447 259
1.000000	0.000000	-0.000010	
0.000000	1.000000	-0.000004	
0.000000	0.000000	1.000000	
482 260
1.000000	0.000000	0.000007	
0.000000	1.000000	0.000002	
-0.000000	0.000000	1.000000	
452 261
1.000000	-0.000000	-0.000007	
0.000000	1.000000	0.000004	
0.000000	-0.000000	1.000000	
463 262
1.000000	-0.000000	0.000003	
0.000000	1.000000	-0.000002	
0.000000	0.000000	1.000000	
469 263
1.000000	0.000000	0.000025	
0.000000	1.000000	0.000001	
0.000000	0.000000	1.000000	
493 264
1.000000	0.000000	-0.000002	
0.000000	1.000000	0.000006	
-0.000000	-0.000000	1.000000	
506 265
1.000000	0.000000	-0.000010	
-0.000000	1.000000	0.000001	
0.000000	-0.000000	1.000000	
520 266
1.000000	0.000000	0.000004	
0.000000	1.000000	-0.000005	
-0.000000	0.000000	1.000000	
479 267
1.000539	0.000198	-0.044581	
0.000525	1.001025	-0.241417	
0.000001	0.000001	1.000000	
533 268
1.000519	0.000226	-0.048524	
0.000154	1.001118	-0.101148	
0.000001	0.000003	1.000000	
496 269
0.999344	-0.000226	0.185241	
-0.000078	1.000626	-0.023864	
-0.000001	0.000003	1.000000	
502 270
0.997406	-0.001738	0.570314	
-0.000393	0.997620	0.219253	
-0.000003	-0.000005	1.000000	
508 271
0.997123	-0.001986	0.625054	
-0.000403	0.997338	0.226210	
-0.000003	-0.000006	1.000000	
521 272
1.000000	0.000000	0.000014	
-0.000000	1.000000	-0.000004	
-0.000000	0.000000	1.000000	
503 273
0.998325	-0.000827	0.344663	
-0.000227	0.998834	0.102168	
-0.000002	-0.000002	1.000000	
507 274
1.000000	0.000000	-0.000005	
-0.000000	1.000000	-0.000004	
-0.000000	0.000000	1.000000	
494 275
1.000000	0.000000	0.000037	
-0.000000	1.000000	0.000025	
-0.000000	0.000000	1.000000	
542 276
1.000000	0.000000	0.000008	
-0.000000	1.000000	0.000012	
-0.000000	0.000000	1.000000	
525 277
1.000000	0.000000	0.000015	
0.000000	1.000000	0.000008	
0.000000	0.000000	1.000000	
558 278
0.999923	-0.000101	0.020729	
-0.000121	0.999984	0.036136	
-0.000000	-0.000000	1.000000	
508 279
1.000000	-0.000000	-0.000008	
0.000000	1.000000	-0.000012	
0.000000	-0.000000	1.000000	
527 280
1.000000	0.000000	0.000018	
0.000000	1.000000	-0.000012	
0.000000	-0.000000	1.000000	
537 281
1.000000	0.000000	0.000010	
-0.000000	1.000000	0.000007	
-0.000000	0.000000	1.000000	
569 282
1.000000	-0.000000	-0.000020	
0.000000	1.000000	-0.000001	
0.000000	-0.000000	1.000000	
558 283
1.000000	-0.000000	0.000033	
0.000000	1.000000	0.000012	
-0.000000	-0.000000	1.000000	
597 284
1.000000	-0.000000	0.000013	
-0.000000	1.000000	0.000015	
-0.000000	0.000000	1.000000	
546 285
1.000000	0.000000	-0.000008	
0.000000	1.000000	0.000004	
0.000000	0.000000	1.000000	
570 286
1.000000	-0.000000	-0.000035	
-0.000000	1.000000	-0.000009	
-0.000000	-0.000000	1.000000	
521 287
1.000000	-0.000000	0.000008	
-0.000000	1.000000	0.000004	
0.000000	-0.000000	1.000000	
552 288
1.000000	0.000000	0.000051	
0.000000	1.000000	0.000013	
-0.000000	-0.000000	1.000000	
550 289
1.000000	-0.000000	0.000003	
0.000000	1.000000	0.000007	
0.000000	-0.000000	1.000000	
578 290
1.000000	0.000000	-0.000000	
0.000000	1.000000	0.000013	
0.000000	0.000000	1.000000	
580 291
1.000000	0.000000	0.000029	
0.000000	1.000000	0.000011	
-0.000000	0.000000	1.000000	
248 292
1.004084	-0.000080	-0.321299	
0.000578	1.003299	-0.265267	
0.000007	0.000000	1.000000	
457 293
1.000000	-0.000000	-0.000020	
-0.000000	1.000000	0.000009	
-0.000000	-0.000000	1.000000	
498 294
1.000000	0.000000	0.000002	
0.000000	1.000000	-0.000003	
-0.000000	-0.000000	1.000000	
461 295
1.000000	0.000000	0.000006	
-0.000000	1.000000	0.000003	
-0.000000	-0.000000	1.000000	
536 296
1.000000	-0.000000	0.000019	
0.000000	1.000000	0.000001	
0.000000	-0.000000	1.000000	
478 297
1.000000	0.000000	0.000015	
-0.000000	1.000000	0.000011	
-0.000000	0.000000	1.000000	
324 298
0.996050	-0.000457	0.384585	
-0.000799	0.996549	0.383856	
-0.000007	0.000001	1.000000	
514 299
1.000000	-0.000000	0.000012	
-0.000000	1.000000	0.000001	
-0.000000	-0.000000	1.000000	
513 300
1.000000	0.000000	0.000009	
0.000000	1.000000	-0.000005	
-0.000000	0.000000	1.000000	
563 301
1.000000	-0.000000	0.000032	
0.000000	1.000000	0.000005	
0.000000	0.000000	1.000000	
501 302
1.000000	0.000000	0.000007	
0.000000	1.000000	-0.000014	
-0.000000	0.000000	1.000000	
516 303
1.000000	-0.000000	-0.000004	
-0.000000	1.000000	0.000015	
-0.000000	-0.000000	1.000000	
512 304
1.000000	-0.000000	0.000004	
-0.000000	1.000000	-0.000020	
0.000000	0.000000	1.000000	
555 305
1.000000	-0.000000	0.000001	
-0.000000	1.000000	0.000007	
0.000000	-0.000000	1.000000	
497 306
1.000000	-0.000000	0.000033	
0.000000	1.000000	0.000013	
0.000000	-0.000000	1.000000	
553 307
1.000000	0.000000	-0.000022	
0.000000	1.000000	-0.000010	
0.000000	0.000000	1.000000	
540 308
0.999322	-0.000049	0.062762	
-0.000231	0.999482	0.067112	
-0.000002	0.000001	1.000000	
579 309
0.999877	-0.002254	0.161298	
0.000087	0.998471	0.082460	
0.000001	-0.000005	1.000000	
281 310
1.003717	0.006078	-1.411356	
-0.000648	1.008396	-0.336509	
-0.000001	0.000026	1.000000	
563 311
0.999691	-0.001766	0.153935	
0.000030	0.998614	0.089573	
0.000000	-0.000004	1.000000	
416 312
0.998935	0.000581	0.141279	
-0.000271	0.999813	0.073992	
-0.000002	0.000001	1.000000	
499 313
0.998145	-0.001115	0.409586	
-0.000288	0.998397	0.154635	
-0.000002	-0.000003	1.000000	
459 314
1.000000	-0.000000	0.000004	
0.000000	1.000000	0.000020	
-0.000000	-0.000000	1.000000	
508 315
1.000000	0.000000	-0.000004	
-0.000000	1.000000	0.000011	
-0.000000	-0.000000	1.000000	
351 316
1.000000	-0.000000	0.000024	
-0.000000	1.000000	0.000010	
-0.000000	0.000000	1.000000	
436 317
1.000000	0.000000	0.000048	
0.000000	1.000000	0.000004	
0.000000	0.000000	1.000000	
216 318
1.001468	0.001820	-0.341065	
0.001402	1.004621	-1.252575	
0.000001	0.000005	1.000000	
221 319
0.999461	0.003568	0.077171	
0.000145	0.999173	0.036664	
0.000001	-0.000003	1.000000	
202 320
1.000370	0.000210	0.939652	
0.000445	1.000478	-0.094891	
0.000004	-0.000004	1.000000	
159 321
1.000354	0.002931	-0.358667	
0.001740	1.002094	-0.971238	
-0.000004	0.000012	1.000000	
192 322
1.000322	-0.000399	0.199642	
0.000342	1.001261	-0.131231	
0.000002	0.000003	1.000000	
165 323
1.000997	0.004401	-0.410792	
-0.000257	1.005411	-0.419751	
-0.000002	0.000016	1.000000	
154 324
1.001091	0.000944	-0.166600	
-0.002104	1.001006	-0.060613	
0.000002	0.000002	1.000000	
182 325
0.998033	-0.001460	0.313097	
-0.001956	0.997184	-0.024644	
-0.000003	-0.000003	1.000000	
143 326
0.999115	-0.000288	0.108307	
-0.002663	1.000345	-0.112879	
-0.000002	0.000001	1.000000	
151 327
1.003776	-0.000974	-0.400149	
0.000508	0.998123	-0.761444	
0.000007	-0.000004	1.000000	
193 328
1.000382	0.001462	-0.264934	
-0.000969	1.004616	-0.615351	
-0.000002	0.000006	1.000000	
333 329
1.000000	-0.000000	-0.000017	
0.000000	1.000000	-0.000007	
0.000000	-0.000000	1.000000	
232 330
1.001397	-0.001281	-0.188717	
0.000393	0.999421	0.012680	
0.000002	-0.000002	1.000000	
280 331
0.997732	-0.000613	0.145472	
0.000010	0.997393	0.125680	
0.000001	-0.000010	1.000000	
238 332
1.000577	-0.000234	0.041700	
0.001090	1.000960	-0.231101	
0.000006	-0.000002	1.000000	
219 333
0.990618	-0.002180	1.590308	
-0.001498	0.994758	0.738939	
-0.000009	-0.000003	1.000000	
191 334
0.998856	0.003886	0.081816	
0.000229	1.002002	-0.038083	
0.000001	0.000019	1.000000	
235 335
0.992588	-0.002872	0.922478	
-0.001124	0.990821	1.016696	
-0.000007	-0.000007	1.000000	
246 336
0.999017	0.000218	0.027596	
0.000467	0.999637	0.012346	
0.000003	-0.000001	1.000000	
228 337
0.997312	-0.004221	0.227076	
-0.000142	0.997302	0.178515	
-0.000001	-0.000008	1.000000	
259 338
1.000208	-0.004496	-0.818179	
0.000008	0.999259	0.032993	
0.000000	-0.000003	1.000000	
270 339
1.001301	0.000449	-3.091117	
0.000667	1.002437	-0.259871	
0.000004	0.000004	1.000000	
190 340
1.003677	0.001474	-5.397852	
-0.000086	1.004498	-0.240998	
-0.000001	0.000015	1.000000	
284 341
0.998166	-0.006680	-4.232599	
0.000003	0.997908	0.131852	
0.000001	-0.000007	1.000000	
327 342
1.002661	-0.001915	-6.108142	
0.000921	1.002566	-0.359647	
0.000007	-0.000000	1.000000	
373 343
1.001441	0.003716	-7.404972	
0.000275	1.002765	-0.207627	
0.000001	0.000007	1.000000	
319 344
1.002547	-0.000158	-7.144188	
0.001237	1.002973	-0.360773	
0.000008	0.000002	1.000000	
476 345
0.998959	-0.004092	-7.641588	
-0.000141	0.997025	0.189928	
-0.000001	-0.000009	1.000000	
319 346
1.002012	-0.011113	-7.912899	
0.000582	0.998032	-0.024842	
0.000009	-0.000024	1.000000	
387 347
1.004016	-0.000652	-9.301426	
0.000269	0.999013	-0.006104	
0.000008	-0.000016	1.000000	
378 348
1.006734	0.003820	-9.348963	
0.000927	1.005770	-0.466541	
0.000008	0.000009	1.000000	
372 349
0.998808	-0.000943	-6.734204	
0.000333	1.000689	-0.098276	
0.000004	-0.000003	1.000000	
408 350
1.001562	-0.003730	-7.088590	
0.000209	0.998687	0.015308	
0.000003	-0.000009	1.000000	
456 351
1.003528	-0.001911	-7.439386	
0.000475	1.000339	-0.072590	
0.000006	-0.000004	1.000000	
264 352
1.000000	0.000000	-7.999968	
0.000000	1.000000	0.000013	
0.000000	-0.000000	1.000000	
407 353
1.007681	-0.003365	-8.821196	
0.001446	1.006048	-0.591355	
0.000016	-0.000000	1.000000	
371 354
1.004054	-0.000377	-9.149083	
0.000595	1.002594	-0.198092	
0.000009	0.000001	1.000000	
412 355
1.004515	-0.001502	-9.503173	
0.000694	1.002231	-0.245652	
0.000008	-0.000004	1.000000	
348 356
1.002963	-0.000111	-9.186695	
0.000483	1.002509	-0.189638	
0.000007	-0.000002	1.000000	
351 357
1.000000	0.000000	-8.999993	
-0.000000	1.000000	0.000006	
-0.000000	0.000000	1.000000	
334 358
1.008422	0.003879	-9.593780	
0.001483	1.008553	-0.641417	
0.000015	0.000015	1.000000	
347 359
1.002667	-0.002947	-8.796278	
0.000289	0.998233	0.022147	
0.000008	-0.000019	1.000000	
357 360
1.007034	-0.002880	-8.939389	
0.000939	1.005550	-0.376589	
0.000014	0.000003	1.000000	
348 361
1.001907	-0.005357	-8.737720	
0.000181	0.996552	0.097170	
0.000007	-0.000029	1.000000	
331 362
1.004300	0.004903	-9.647276	
0.000734	1.005031	-0.355959	
0.000007	0.000011	1.000000	
332 363
1.000300	0.005037	-8.866560	
0.000158	1.001424	-0.076855	
0.000002	0.000003	1.000000	
313 364
1.005797	-0.004664	-8.453560	
0.000449	0.999901	-0.019400	
0.000013	-0.000014	1.000000	
349 365
0.999036	0.005474	-8.139728	
-0.000052	1.000633	-0.028180	
-0.000002	0.000005	1.000000	
368 366
1.001854	0.000422	-8.231327	
0.000106	0.999963	0.006031	
0.000004	-0.000002	1.000000	
543 367
1.002095	0.000298	-8.143763	
0.000490	1.002621	-0.199508	
0.000005	0.000003	1.000000	
436 368
1.005715	-0.000480	-8.531058	
0.000963	1.004098	-0.323796	
0.000014	0.000001	1.000000	
441 369
1.002171	-0.001394	-8.217596	
0.001246	0.998751	-0.004895	
0.000004	-0.000003	1.000000	
430 370
1.006193	0.003580	-8.440037	
0.000920	1.005405	-0.386770	
0.000011	0.000007	1.000000	
418 371
1.008446	-0.001857	-8.324317	
0.001567	1.005916	-0.489416	
0.000016	0.000002	1.000000	
455 372
1.001730	-0.001657	-8.084435	
0.000216	0.999873	-0.023666	
0.000005	-0.000007	1.000000	
288 373
1.002942	0.000563	-8.513749	
0.000405	1.001745	-0.162475	
0.000004	0.000001	1.000000	
379 374
1.004357	0.005806	-8.888518	
0.001072	1.005146	-0.370365	
0.000005	0.000014	1.000000	
372 375
1.004881	-0.001729	-8.004007	
0.000537	0.999830	-0.070009	
0.000011	-0.000013	1.000000	
392 376
1.003379	-0.000275	-7.348999	
0.000849	1.002835	-0.281273	
0.000009	-0.000000	1.000000	
297 377
1.002973	0.000551	-7.548040	
0.000349	1.001336	-0.111251	
0.000004	0.000001	1.000000	
391 378
1.000168	-0.001950	-5.864103	
0.000262	0.998880	-0.000815	
0.000003	-0.000008	1.000000	
290 379
1.004249	-0.000650	-6.016491	
0.000451	1.001161	-0.138448	
0.000004	-0.000000	1.000000	
450 380
1.000052	-0.003550	-4.815180	
0.000197	0.997921	0.040548	
0.000003	-0.000012	1.000000	
462 381
1.001706	-0.004720	-4.976538	
0.000811	0.997188	0.083025	
0.000004	-0.000012	1.000000	
473 382
1.000000	-0.000000	-5.000002	
-0.000000	1.000000	0.000013	
-0.000000	0.000000	1.000000	
399 383
1.000000	-0.000000	-5.000032	
-0.000000	1.000000	0.000004	
-0.000000	-0.000000	1.000000	
404 384
0.998374	-0.007413	-3.696377	
-0.000419	0.994832	0.315880	
0.000001	-0.000019	1.000000	
437 385
1.003084	-0.001937	-4.193324	
-0.000089	0.996677	0.199891	
0.000006	-0.000015	1.000000	
449 386
1.002935	-0.002571	-3.091518	
0.000350	0.999518	-0.014980	
0.000008	-0.000008	1.000000	
421 387
1.000210	-0.000870	-2.997638	
0.000027	0.997482	0.113297	
0.000001	-0.000010	1.000000	
401 388
1.000683	0.000180	-3.089915	
0.000182	0.997962	0.068562	
0.000002	-0.000008	1.000000	
406 389
1.000453	-0.003713	-2.702384	
0.000088	0.997267	0.111389	
0.000003	-0.000013	1.000000	
461 390
1.000273	-0.002041	-2.964495	
0.000468	0.997887	0.102379	
0.000001	-0.000006	1.000000	
317 391
1.007800	-0.000725	-3.826290	
0.001354	1.005311	-0.396419	
0.000018	-0.000004	1.000000	
338 392
1.011179	0.001108	-4.344359	
0.001372	1.006438	-0.563712	
0.000014	-0.000001	1.000000	
279 393
1.006480	-0.000469	-2.370128	
-0.000166	1.011053	-1.281246	
0.000001	0.000006	1.000000	
295 394
1.007803	0.003857	-3.564346	
-0.001507	1.011762	-0.846323	
0.000000	0.000014	1.000000	
295 395
1.007206	0.001820	-3.852984	
-0.000232	1.011340	-1.307874	
-0.000002	0.000008	1.000000	
270 396
1.007118	0.001651	-4.265761	
0.000003	1.007395	-1.303165	
-0.000001	-0.000005	1.000000	
263 397
1.009966	0.000317	-3.608040	
-0.000690	1.010464	-1.203068	
0.000002	-0.000001	1.000000	
255 398
1.014689	0.002031	-3.804677	
0.001589	1.012912	-1.828687	
0.000009	0.000002	1.000000	
241 399
1.010318	-0.000938	-3.251563	
0.001042	1.010998	-1.638864	
-0.000001	-0.000001	1.000000	
275 400
1.014407	0.002365	-3.532716	
0.000422	1.013862	-1.432428	
0.000005	0.000009	1.000000	
282 401
1.007181	0.001018	-2.257967	
-0.001206	1.009378	-0.714746	
-0.000005	-0.000000	1.000000	
295 402
1.010701	0.000072	-2.342970	
-0.000219	1.013259	-1.129402	
-0.000002	0.000005	1.000000	
236 403
1.007941	-0.001338	-1.965043	
-0.000173	1.009011	-0.172709	
-0.000006	-0.000002	1.000000	
283 404
1.007935	0.000685	-2.241533	
-0.000546	1.010201	1.111500	
-0.000004	-0.000000	1.000000	
238 405
1.012138	0.001749	-2.471317	
0.000905	1.013709	1.362278	
0.000003	-0.000002	1.000000	
239 406
1.008170	0.000090	-2.266344	
-0.001669	1.007787	3.210028	
-0.000007	0.000002	1.000000	
251 407
1.011012	-0.001098	-2.429778	
0.000146	1.009050	1.752326	
0.000003	-0.000006	1.000000	
240 408
1.008790	-0.000235	-2.239552	
0.000718	1.009258	0.450149	
-0.000004	-0.000000	1.000000	
220 409
1.010259	0.000867	-2.436075	
0.000021	1.011247	-0.148166	
-0.000002	0.000005	1.000000	
218 410
1.012789	0.000336	-2.429368	
-0.001494	1.013075	0.417297	
0.000003	0.000006	1.000000	
186 411
1.007337	-0.001777	-1.936137	
-0.001280	1.009361	0.133737	
-0.000009	-0.000000	1.000000	
218 412
1.009207	-0.000906	-2.005496	
-0.000730	1.011353	-0.059395	
-0.000003	0.000000	1.000000	
285 413
1.010942	-0.000116	-2.284461	
0.000622	1.010125	-0.651696	
0.000001	-0.000000	1.000000	
245 414
1.012001	-0.000590	-2.050058	
0.000504	1.011259	-0.793461	
0.000003	0.000001	1.000000	
260 415
1.011526	0.000526	-2.429474	
0.000177	1.011037	-0.619617	
0.000002	0.000003	1.000000	
267 416
1.008783	-0.001604	-1.672742	
0.000008	1.009232	-0.369085	
-0.000002	-0.000003	1.000000	
268 417
1.009980	0.000822	-2.169525	
-0.000488	1.011069	-0.380845	
-0.000001	0.000003	1.000000	
235 418
1.010569	-0.000459	-2.049732	
-0.000527	1.009970	-0.182368	
-0.000000	0.000003	1.000000	
202 419
1.010004	-0.000988	-2.074346	
-0.000052	1.009658	-1.243249	
0.000001	-0.000003	1.000000	
190 420
1.015108	0.005744	-2.977402	
0.001228	1.015522	-1.790851	
0.000004	0.000017	1.000000	
204 421
1.014279	0.000672	-2.262895	
0.001741	1.013392	-1.941956	
0.000007	-0.000003	1.000000	
192 422
1.007675	0.001257	-0.338219	
-0.000758	1.007903	-1.064919	
-0.000005	0.000000	1.000000	
163 423
1.002896	-0.001494	2.065505	
-0.001984	1.005689	-0.808159	
-0.000014	-0.000003	1.000000	
203 424
1.011031	0.000048	1.912843	
-0.000435	1.010817	-1.157192	
0.000000	0.000007	1.000000	
173 425
1.006671	-0.005552	2.259963	
-0.000347	1.002652	-1.014143	
-0.000003	-0.000015	1.000000	
180 426
1.014544	0.001397	-1.530100	
0.000722	1.015273	-1.671944	
0.000005	0.000013	1.000000	
179 427
1.006094	-0.002392	-2.005482	
-0.000431	1.005236	-1.042941	
-0.000005	-0.000009	1.000000	
168 428
1.008918	0.000328	-2.763754	
-0.001114	1.007512	-0.754320	
-0.000001	-0.000003	1.000000	
180 429
1.008852	-0.000058	-2.806894	
-0.000457	1.009710	-1.124620	
-0.000002	0.000001	1.000000	
155 430
1.007864	0.002477	-2.690272	
0.000116	1.009974	-1.407678	
-0.000002	0.000002	1.000000	
150 431
1.014464	0.001896	-3.399773	
0.000716	1.012901	-1.533579	
0.000008	-0.000000	1.000000	
158 432
1.010344	0.000389	-2.734827	
-0.000034	1.009322	-1.232840	
0.000000	-0.000001	1.000000	
150 433
1.008322	0.006536	-2.571700	
-0.001637	1.012187	-0.753218	
-0.000007	0.000020	1.000000	
134 434
1.011069	-0.006737	-2.624533	
0.000337	1.007500	-1.303731	
0.000003	-0.000017	1.000000	
157 435
1.007712	0.005777	-2.148505	
-0.000598	1.012568	-1.155906	
-0.000002	0.000013	1.000000	
176 436
1.006710	0.000640	-2.250464	
-0.000586	1.008491	-1.015181	
-0.000004	0.000002	1.000000	
168 437
1.010822	0.001516	-2.714045	
0.000625	1.010147	-1.442484	
0.000005	-0.000005	1.000000	
179 438
0.999657	-0.000501	-0.565210	
-0.002610	1.003107	0.067174	
-0.000011	-0.000004	1.000000	
151 439
0.993619	-0.005375	0.526062	
-0.002958	0.998197	0.034121	
-0.000023	-0.000004	1.000000	
147 440
1.005782	-0.001587	-1.039700	
0.000106	1.006607	-1.220451	
-0.000004	-0.000001	1.000000	
122 441
1.009127	-0.022799	-1.001126	
0.000094	0.991189	0.201094	
0.000007	-0.000047	1.000000	
180 442
1.003457	0.003186	-0.743614	
0.000092	1.001613	-0.072983	
-0.000001	0.000006	1.000000	
158 443
0.987468	-0.005853	2.681383	
-0.000295	1.003806	-0.118998	
-0.000018	0.000017	1.000000	
192 444
1.000000	-0.000000	0.999973	
-0.000000	1.000000	-0.000008	
0.000000	-0.000000	1.000000	
148 445
1.000251	-0.000816	1.161684	
0.000587	1.001529	-0.141947	
0.000004	0.000002	1.000000	
188 446
1.000000	0.000000	0.999996	
0.000000	1.000000	0.000003	
0.000000	0.000000	1.000000	
169 447
1.001025	0.002972	0.638146	
0.000154	0.999596	-0.049004	
-0.000001	-0.000002	1.000000	
122 448
1.000000	-0.000000	1.999981	
0.000000	1.000000	-0.000004	
0.000000	-0.000000	1.000000	
254 449
1.000000	-0.000000	1.999986	
-0.000000	1.000000	-0.000006	
-0.000000	-0.000000	1.000000	
199 450
1.000000	0.000000	1.999979	
0.000000	1.000000	-0.000011	
-0.000000	0.000000	1.000000	
250 451
1.000000	0.000000	1.999995	
0.000000	1.000000	0.000011	
0.000000	0.000000	1.000000	
201 452
1.003724	0.001224	1.563835	
0.000122	1.001795	-0.036933	
0.000005	0.000006	1.000000	
230 453
1.006085	-0.014479	1.152663	
0.000070	0.997039	0.060208	
0.000004	-0.000031	1.000000	
175 454
1.006927	-0.000739	1.756540	
-0.000079	1.002286	0.037304	
0.000010	-0.000008	1.000000	
156 455
0.995198	-0.006364	3.483126	
-0.000275	0.996915	0.058121	
-0.000012	-0.000022	1.000000	
151 456
0.999312	-0.004052	2.908270	
-0.000365	0.998485	0.082383	
-0.000009	-0.000003	1.000000	
147 457
1.005263	0.001227	1.085798	
-0.000136	1.004798	-0.090566	
-0.000001	0.000002	1.000000	
152 458
1.006938	0.006350	0.015472	
0.002573	1.009861	-1.762407	
0.000001	0.000015	1.000000	
172 459
0.995318	-0.006331	1.483481	
-0.000276	0.996193	0.071068	
-0.000011	-0.000015	1.000000	
137 460
1.016942	0.009669	-3.393244	
-0.000328	1.013790	-0.189235	
0.000010	0.000036	1.000000	
162 461
1.005168	-0.016035	-0.701859	
0.000017	0.993642	0.123048	
0.000001	-0.000038	1.000000	
160 462
1.005846	-0.002151	-1.064971	
0.002709	1.006126	-1.456642	
0.000003	-0.000002	1.000000	
179 463
0.999040	-0.004478	-0.030765	
-0.000489	0.997913	0.153670	
-0.000007	-0.000004	1.000000	
189 464
0.994920	0.010214	0.223018	
0.000634	1.007260	-0.763970	
-0.000015	0.000040	1.000000	
304 465
0.998608	-0.002899	0.289986	
-0.000384	0.998040	0.170949	
-0.000002	-0.000005	1.000000	
230 466
1.002051	-0.001160	-0.657070	
-0.000033	0.999853	0.023000	
0.000001	-0.000001	1.000000	
171 467
1.004582	0.002433	-0.303236	
0.002267	1.013636	-1.190375	
0.000008	0.000037	1.000000	
264 468
1.000000	0.000000	0.000011	
0.000000	1.000000	0.000006	
0.000000	0.000000	1.000000	
242 469
1.005861	0.001259	-1.031832	
0.001653	1.004323	-0.773940	
0.000008	0.000003	1.000000	
310 470
1.000000	-0.000000	-0.000005	
-0.000000	1.000000	0.000000	
0.000000	-0.000000	1.000000	
313 471
1.000249	-0.000413	0.020277	
-0.000117	0.999178	0.073133	
0.000002	-0.000003	1.000000	
209 472
0.998786	0.005385	0.130554	
-0.000629	1.002606	0.207390	
-0.000002	0.000014	1.000000	
394 473
1.000000	-0.000000	0.000017	
0.000000	1.000000	0.000007	
0.000000	-0.000000	1.000000	
352 474
1.000000	-0.000000	0.000014	
-0.000000	1.000000	0.000018	
0.000000	-0.000000	1.000000	
387 475
0.999619	0.000027	0.088483	
-0.000126	1.000716	0.022851	
-0.000001	0.000003	1.000000	
312 476
1.002343	0.001964	-0.678668	
0.000245	1.001862	-0.131003	
0.000002	0.000005	1.000000	
389 477
1.000000	0.000000	-0.000009	
0.000000	1.000000	-0.000013	
-0.000000	-0.000000	1.000000	
325 478
1.001904	0.001666	-0.566629	
0.000024	1.001457	-0.046327	
0.000001	0.000004	1.000000	
328 479
1.000000	-0.000000	-0.000023	
-0.000000	1.000000	0.000002	
-0.000000	0.000000	1.000000	
300 480
0.999426	-0.000636	0.091538	
-0.000133	1.000502	0.023429	
-0.000001	0.000003	1.000000	
386 481
0.999427	0.000142	0.015624	
0.000069	1.000429	-0.047843	
-0.000001	0.000001	1.000000	
348 482
0.998984	-0.000892	0.172979	
-0.000273	0.999802	0.085126	
-0.000002	0.000001	1.000000	
386 483
0.999544	-0.000571	0.074475	
-0.000224	0.997034	0.156123	
-0.000000	-0.000010	1.000000	
363 484
0.999713	-0.000262	-0.000010	
-0.000089	0.998336	0.068048	
-0.000000	-0.000006	1.000000	
399 485
0.999715	-0.000030	0.056614	
-0.000195	1.000399	0.070477	
-0.000001	0.000003	1.000000	
350 486
0.999369	-0.000610	0.114307	
-0.000143	1.000137	0.036836	
-0.000001	0.000001	1.000000	
427 487
0.999918	-0.000130	0.029077	
-0.000009	1.000366	-0.007803	
-0.000000	0.000001	1.000000	
293 488
0.998889	-0.000434	0.002183	
-0.000567	0.996513	0.290490	
-0.000002	-0.000010	1.000000	
425 489
1.003860	0.002314	-0.564095	
0.000649	1.004838	-0.293293	
0.000006	0.000012	1.000000	
377 490
1.000000	0.000000	0.000022	
0.000000	1.000000	0.000011	
0.000000	0.000000	1.000000	
445 491
1.000315	0.000159	-0.049663	
-0.000038	0.998110	0.069885	
0.000001	-0.000007	1.000000	
427 492
1.000000	-0.000000	-0.000007	
-0.000000	1.000000	-0.000012	
0.000000	0.000000	1.000000	
470 493
1.000000	0.000000	-0.000003	
-0.000000	1.000000	-0.000005	
0.000000	0.000000	1.000000	
447 494
1.000000	-0.000000	0.000034	
-0.000000	1.000000	0.000007	
0.000000	0.000000	1.000000	
444 495
1.000000	0.000000	0.000020	
0.000000	1.000000	0.000003	
-0.000000	-0.000000	1.000000	
420 496
1.000000	-0.000000	0.000008	
-0.000000	1.000000	-0.000008	
-0.000000	-0.000000	1.000000	
471 497
1.000005	-0.000104	0.033554	
0.000034	1.000777	-0.034005	
0.000000	0.000003	1.000000	
425 498
1.000000	-0.000000	0.000024	
-0.000000	1.000000	0.000011	
0.000000	0.000000	1.000000	
469 499
1.000000	-0.000000	-0.000004	
-0.000000	1.000000	0.000005	
0.000000	-0.000000	1.000000	
426 500
1.000000	0.000000	-0.000004	
0.000000	1.000000	-0.000002	
0.000000	-0.000000	1.000000	
430 501
1.000000	0.000000	0.000049	
0.000000	1.000000	0.000001	
0.000000	0.000000	1.000000	
449 502
0.999712	0.001786	0.037692	
-0.000106	1.001002	0.014651	
-0.000001	0.000005	1.000000	
444 503
1.000000	-0.000000	0.000008	
0.000000	1.000000	-0.000001	
0.000000	-0.000000	1.000000	
397 504
1.000414	0.005424	-0.152010	
0.000157	1.003120	-0.131530	
0.000000	0.000012	1.000000	
430 505
0.999520	0.005427	0.071062	
0.000006	1.002969	-0.080046	
-0.000001	0.000013	1.000000	
347 506
0.999883	0.005491	0.011011	
0.000090	1.003267	-0.120618	
-0.000000	0.000013	1.000000	
412 507
1.000183	0.005344	-0.065654	
0.000068	1.003325	-0.110898	
0.000000	0.000013	1.000000	
384 508
1.001361	0.001614	-0.214792	
0.000385	1.002014	-0.171544	
0.000002	0.000005	1.000000	
389 509
0.999005	0.005451	0.140653	
0.000062	1.003448	-0.128752	
-0.000002	0.000015	1.000000	
409 510
1.000464	0.006425	-0.167327	
0.000212	1.004428	-0.194290	
0.000000	0.000017	1.000000	
424 511
0.999956	0.006031	-0.021718	
0.000034	1.003503	-0.097463	
-0.000000	0.000015	1.000000	
399 512
1.000000	-0.000000	-0.000010	
0.000000	1.000000	-0.000009	
0.000000	-0.000000	1.000000	
416 513
1.000000	0.000000	-0.000000	
0.000000	1.000000	-0.000010	
-0.000000	-0.000000	1.000000	
393 514
1.000534	0.006063	-0.141217	
0.000116	1.003648	-0.125935	
0.000000	0.000014	1.000000	
399 515
1.000000	0.000000	0.000047	
-0.000000	1.000000	0.000003	
-0.000000	0.000000	1.000000	
405 516
1.000715	0.005521	-0.141044	
0.000125	1.003418	-0.117139	
0.000001	0.000013	1.000000	
400 517
1.000962	0.006753	-0.237214	
0.000185	1.004225	-0.160672	
0.000001	0.000015	1.000000	
407 518
1.000934	0.006940	-0.212384	
0.000184	1.004280	-0.157695	
0.000001	0.000016	1.000000	
406 519
1.000678	0.006471	-0.197888	
0.000164	1.003834	-0.147373	
0.000001	0.000015	1.000000	
406 520
1.002078	0.000753	-0.444264	
-0.000071	0.993333	0.215824	
0.000004	-0.000026	1.000000	
395 521
1.000000	-0.000000	0.000050	
-0.000000	1.000000	0.000013	
-0.000000	-0.000000	1.000000	
401 522
1.000611	0.007171	-0.185687	
0.000176	1.004158	-0.159256	
0.000000	0.000016	1.000000	
292 523
1.001640	0.000505	-0.258120	
0.000120	0.997771	0.046525	
0.000003	-0.000009	1.000000	
398 524
1.000666	0.000281	-0.153530	
0.000064	0.997975	0.035829	
0.000001	-0.000008	1.000000	
390 525
1.002217	0.000927	-0.355063	
0.000164	0.998258	0.018654	
0.000004	-0.000008	1.000000	
382 526
1.001745	0.000284	-0.314081	
-0.000023	0.995467	0.144217	
0.000003	-0.000019	1.000000	
371 527
0.999193	-0.000958	0.195245	
-0.000209	1.000578	0.044812	
-0.000001	0.000003	1.000000	
381 528
1.000000	-0.000000	0.000009	
-0.000000	1.000000	-0.000006	
0.000000	-0.000000	1.000000	
393 529
1.002154	0.000659	-0.476064	
0.000028	0.992286	0.201092	
0.000004	-0.000031	1.000000	
389 530
1.001736	0.011485	-0.528435	
0.000430	1.006654	-0.309720	
0.000001	0.000024	1.000000	
388 531
1.001920	0.000757	-0.464727	
-0.000022	0.992604	0.210402	
0.000003	-0.000029	1.000000	
249 532
1.004100	0.000187	-0.787074	
0.000297	0.993162	0.110291	
0.000007	-0.000032	1.000000	
315 533
1.001398	0.007852	-0.393039	
0.000407	1.004747	-0.259766	
0.000001	0.000016	1.000000	
401 534
1.002518	0.000933	-0.399269	
0.000233	0.997788	0.008287	
0.000004	-0.000012	1.000000	
361 535
1.000000	-0.000000	-0.000015	
0.000000	1.000000	-0.000002	
0.000000	-0.000000	1.000000	
377 536
1.000000	0.000000	0.000014	
0.000000	1.000000	0.000004	
0.000000	0.000000	1.000000	
375 537
1.002300	0.000604	-0.395687	
0.000091	0.996783	0.081173	
0.000004	-0.000013	1.000000	
408 538
1.002021	0.007827	-0.427503	
0.000383	1.005362	-0.252316	
0.000002	0.000017	1.000000	
376 539
1.000000	-0.000000	-0.000029	
0.000000	1.000000	-0.000005	
-0.000000	-0.000000	1.000000	
396 540
1.000000	-0.000000	-0.000025	
0.000000	1.000000	0.000001	
-0.000000	-0.000000	1.000000	
352 541
1.000000	-0.000000	0.000031	
-0.000000	1.000000	-0.000009	
0.000000	-0.000000	1.000000	
376 542
1.000000	-0.000000	-0.000012	
-0.000000	1.000000	0.000005	
0.000000	0.000000	1.000000	
377 543
1.000000	0.000000	0.000045	
0.000000	1.000000	0.000008	
0.000000	0.000000	1.000000	
376 544
1.000000	-0.000000	0.000018	
0.000000	1.000000	0.000007	
0.000000	-0.000000	1.000000	
371 545
1.000000	0.000000	0.000018	
-0.000000	1.000000	0.000001	
-0.000000	0.000000	1.000000	
380 546
1.000000	-0.000000	0.000025	
-0.000000	1.000000	0.000016	
-0.000000	-0.000000	1.000000	
364 547
1.000000	0.000000	-0.000036	
0.000000	1.000000	-0.000010	
0.000000	-0.000000	1.000000	
365 548
1.000000	0.000000	0.000016	
0.000000	1.000000	0.000007	
0.000000	0.000000	1.000000	
369 549
1.000000	0.000000	0.000029	
-0.000000	1.000000	-0.000000	
-0.000000	0.000000	1.000000	
365 550
1.000000	-0.000000	-0.000023	
0.000000	1.000000	0.000005	
0.000000	0.000000	1.000000	
358 551
1.000000	0.000000	0.000017	
-0.000000	1.000000	0.000018	
-0.000000	0.000000	1.000000	
370 552
1.000000	-0.000000	-0.000004	
0.000000	1.000000	-0.000010	
0.000000	-0.000000	1.000000	
358 553
1.000000	-0.000000	0.000030	
0.000000	1.000000	-0.000006	
0.000000	-0.000000	1.000000	
367 554
1.000000	-0.000000	0.000011	
-0.000000	1.000000	0.000003	
-0.000000	-0.000000	1.000000	
358 555
1.000000	-0.000000	-0.000004	
0.000000	1.000000	-0.000014	
0.000000	-0.000000	1.000000	
371 556
1.000000	-0.000000	0.000012	
0.000000	1.000000	0.000008	
0.000000	0.000000	1.000000	
370 557
1.000000	-0.000000	-0.000027	
-0.000000	1.000000	-0.000019	
0.000000	0.000000	1.000000	
370 558
1.000000	0.000000	-0.000019	
-0.000000	1.000000	-0.000009	
0.000000	0.000000	1.000000	
369 559
1.000000	0.000000	-0.000009	
0.000000	1.000000	-0.000005	
-0.000000	-0.000000	1.000000	
372 560
1.000000	0.000000	-0.000016	
0.000000	1.000000	0.000004	
-0.000000	0.000000	1.000000	
374 561
1.000000	-0.000000	0.000004	
-0.000000	1.000000	0.000004	
-0.000000	0.000000	1.000000	
377 562
1.000000	-0.000000	0.000025	
0.000000	1.000000	0.000011	
0.000000	-0.000000	1.000000	
374 563
1.000000	-0.000000	0.000016	
-0.000000	1.000000	0.000004	
-0.000000	-0.000000	1.000000	
374 564
1.000000	0.000000	-0.000016	
-0.000000	1.000000	-0.000007	
0.000000	0.000000	1.000000	
381 565
0.999455	-0.001338	-0.056817	
-0.000427	0.992380	0.325656	
-0.000001	-0.000027	1.000000	
385 566
0.999060	-0.001625	0.101146	
-0.000460	0.995197	0.267304	
-0.000001	-0.000016	1.000000	
353 567
1.000000	0.000000	-0.000009	
-0.000000	1.000000	0.000005	
-0.000000	-0.000000	1.000000	
352 568
1.000000	-0.000000	-0.000026	
0.000000	1.000000	0.000004	
-0.000000	-0.000000	1.000000	
369 569
1.000000	-0.000000	-0.000022	
-0.000000	1.000000	0.000000	
0.000000	-0.000000	1.000000	
377 570
1.000000	0.000000	-0.000004	
-0.000000	1.000000	-0.000011	
-0.000000	0.000000	1.000000	
385 571
1.000000	-0.000000	0.000020	
-0.000000	1.000000	0.000004	
0.000000	0.000000	1.000000	
412 572
1.000000	-0.000000	-0.000020	
-0.000000	1.000000	0.000001	
-0.000000	0.000000	1.000000	
426 573
1.000000	0.000000	-0.000044	
0.000000	1.000000	0.000002	
-0.000000	0.000000	1.000000	
458 574
1.001110	0.002079	-0.146940	
0.000427	1.004721	-0.250145	
0.000002	0.000016	1.000000	
402 575
1.000815	0.002245	-0.129138	
0.000682	1.005520	-0.360900	
0.000001	0.000017	1.000000	
380 576
1.000000	-0.000000	-0.000049	
0.000000	1.000000	0.000001	
0.000000	-0.000000	1.000000	
375 577
1.000000	0.000000	0.000005	
0.000000	1.000000	0.000007	
-0.000000	0.000000	1.000000	
364 578
1.000000	0.000000	0.000017	
-0.000000	1.000000	0.000014	
-0.000000	0.000000	1.000000	
358 579
1.000000	-0.000000	0.000044	
-0.000000	1.000000	0.000005	
-0.000000	-0.000000	1.000000	
365 580
0.999124	0.001333	0.308624	
0.000386	1.009191	-0.360443	
-0.000002	0.000036	1.000000	
367 581
1.000000	-0.000000	-0.000024	
0.000000	1.000000	-0.000003	
-0.000000	-0.000000	1.000000	
368 582
0.999747	0.000866	0.212586	
0.000241	1.007494	-0.263820	
-0.000001	0.000029	1.000000	
366 583
1.000000	-0.000000	0.000013	
0.000000	1.000000	-0.000001	
0.000000	0.000000	1.000000	
369 584
1.000217	0.001421	0.038964	
0.000362	1.005370	-0.253593	
0.000000	0.000019	1.000000	
386 585
0.999714	0.000818	0.092107	
0.000164	1.003529	-0.145389	
-0.000001	0.000013	1.000000	
403 586
0.999846	0.000960	0.060790	
0.000217	1.003768	-0.169130	
-0.000000	0.000014	1.000000	
411 587
1.000667	0.001039	-0.098611	
0.000296	1.002576	-0.157938	
0.000001	0.000008	1.000000	
424 588
1.000000	0.000000	-0.000052	
-0.000000	1.000000	-0.000017	
0.000000	0.000000	1.000000	
421 589
1.000000	0.000000	-0.000027	
0.000000	1.000000	-0.000006	
0.000000	-0.000000	1.000000	
441 590
1.000000	0.000000	0.000039	
0.000000	1.000000	0.000007	
0.000000	0.000000	1.000000	
417 591
1.000805	0.001425	-0.104725	
0.000363	1.003404	-0.200275	
0.000001	0.000011	1.000000	
265 592
0.999912	0.000971	0.056169	
0.000187	1.003480	-0.153953	
-0.000000	0.000013	1.000000	
373 593
1.000359	0.000618	0.000313	
0.000155	1.002807	-0.120253	
0.000000	0.000010	1.000000	
425 594
1.000000	0.000000	-0.000008	
-0.000000	1.000000	-0.000008	
0.000000	0.000000	1.000000	
409 595
1.000796	0.001241	-0.091525	
0.000321	1.003223	-0.185075	
0.000001	0.000010	1.000000	
461 596
1.000000	-0.000000	0.000002	
0.000000	1.000000	0.000003	
-0.000000	-0.000000	1.000000	
408 597
1.000000	0.000000	0.000022	
-0.000000	1.000000	0.000012	
-0.000000	0.000000	1.000000	
274 598
1.000000	-0.000000	0.000018	
0.000000	1.000000	0.000006	
-0.000000	-0.000000	1.000000	
419 599
1.000000	0.000000	-0.000013	
-0.000000	1.000000	0.000001	
0.000000	0.000000	1.000000	
423 600
1.000000	0.000000	0.000038	
-0.000000	1.000000	0.000012	
-0.000000	0.000000	1.000000	
436 601
1.000000	-0.000000	-0.000012	
0.000000	1.000000	-0.000009	
0.000000	-0.000000	1.000000	
421 602
1.000000	-0.000000	-0.000010	
0.000000	1.000000	-0.000003	
-0.000000	-0.000000	1.000000	
409 603
1.000000	0.000000	0.000021	
-0.000000	1.000000	0.000016	
-0.000000	0.000000	1.000000	
383 604
1.000000	-0.000000	-0.000002	
-0.000000	1.000000	0.000003	
0.000000	0.000000	1.000000	
419 605
1.002809	0.003986	-0.601858	
0.000782	1.002016	-0.286760	
0.000004	0.000003	1.000000	
407 606
0.999701	-0.001335	0.028017	
-0.000296	0.996312	0.192633	
-0.000000	-0.000013	1.000000	
410 607
0.999459	-0.001627	0.071017	
-0.000370	0.996064	0.219145	
-0.000001	-0.000014	1.000000	
400 608
1.000000	0.000000	0.000003	
0.000000	1.000000	-0.000009	
0.000000	-0.000000	1.000000	
399 609
1.000000	0.000000	0.000025	
0.000000	1.000000	0.000015	
-0.000000	-0.000000	1.000000	
405 610
1.000000	0.000000	0.000015	
0.000000	1.000000	0.000004	
0.000000	-0.000000	1.000000	
416 611
0.999785	-0.001105	0.011254	
-0.000280	0.996910	0.169691	
-0.000000	-0.000011	1.000000	
402 612
0.999404	-0.001353	0.074279	
-0.000358	0.996268	0.208418	
-0.000001	-0.000012	1.000000	
399 613
0.999834	-0.001334	0.002183	
-0.000316	0.995961	0.208497	
-0.000000	-0.000014	1.000000	
400 614
0.999461	-0.001402	0.082348	
-0.000372	0.996594	0.205203	
-0.000001	-0.000011	1.000000	
422 615
0.999698	-0.001570	0.039816	
-0.000372	0.995896	0.227595	
-0.000000	-0.000014	1.000000	
427 616
0.999753	-0.001162	0.017452	
-0.000306	0.996363	0.194462	
-0.000000	-0.000012	1.000000	
404 617
0.999517	-0.001613	-0.067128	
-0.000450	0.992508	0.334541	
-0.000001	-0.000026	1.000000	
406 618
0.999730	-0.001624	-0.065151	
-0.000502	0.992787	0.350728	
-0.000000	-0.000025	1.000000	
387 619
1.000160	-0.001162	-0.158966	
-0.000495	0.993018	0.352244	
0.000000	-0.000024	1.000000	
401 620
0.999547	-0.001191	0.038180	
-0.000371	0.996038	0.225799	
-0.000001	-0.000013	1.000000	
391 621
0.999753	-0.000916	0.005352	
-0.000328	0.996611	0.197881	
-0.000000	-0.000011	1.000000	
416 622
0.999679	-0.001303	0.022785	
-0.000343	0.996014	0.214998	
-0.000000	-0.000014	1.000000	
398 623
1.000000	-0.000000	0.000039	
-0.000000	1.000000	0.000016	
0.000000	0.000000	1.000000	
395 624
1.000905	0.000080	-0.148121	
0.000159	0.999178	-0.021899	
0.000001	-0.000004	1.000000	
391 625
1.000000	-0.000000	0.000029	
0.000000	1.000000	0.000011	
0.000000	0.000000	1.000000	
382 626
1.000000	0.000000	0.000054	
0.000000	1.000000	0.000013	
-0.000000	0.000000	1.000000	
383 627
1.000000	0.000000	0.000007	
0.000000	1.000000	-0.000005	
0.000000	-0.000000	1.000000	
371 628
1.000000	-0.000000	-0.000014	
-0.000000	1.000000	0.000013	
-0.000000	0.000000	1.000000	
385 629
1.000000	0.000000	0.000007	
-0.000000	1.000000	-0.000005	
-0.000000	0.000000	1.000000	
373 630
1.000000	0.000000	0.000008	
0.000000	1.000000	0.000004	
-0.000000	-0.000000	1.000000	
374 631
1.000000	-0.000000	0.000019	
-0.000000	1.000000	0.000005	
0.000000	-0.000000	1.000000	
376 632
1.000000	0.000000	0.000006	
0.000000	1.000000	-0.000005	
0.000000	0.000000	1.000000	
381 633
1.000000	-0.000000	0.000037	
0.000000	1.000000	-0.000000	
-0.000000	-0.000000	1.000000	
375 634
1.000000	0.000000	-0.000012	
-0.000000	1.000000	-0.000004	
-0.000000	0.000000	1.000000	
392 635
1.000000	0.000000	0.000010	
0.000000	1.000000	-0.000006	
-0.000000	0.000000	1.000000	
386 636
1.000000	-0.000000	-0.000004	
0.000000	1.000000	-0.000004	
-0.000000	-0.000000	1.000000	
408 637
1.000000	-0.000000	0.000009	
-0.000000	1.000000	-0.000006	
0.000000	-0.000000	1.000000	
406 638
1.000000	0.000000	-0.000020	
-0.000000	1.000000	0.000001	
-0.000000	-0.000000	1.000000	
410 639
1.000000	0.000000	-0.000007	
0.000000	1.000000	-0.000013	
0.000000	0.000000	1.000000	
402 640
1.000000	0.000000	0.000006	
0.000000	1.000000	0.000016	
0.000000	0.000000	1.000000	
403 641
1.000000	0.000000	0.000000	
0.000000	1.000000	-0.000005	
0.000000	-0.000000	1.000000	
393 642
1.000000	0.000000	0.000051	
-0.000000	1.000000	0.000009	
-0.000000	0.000000	1.000000	
400 643
1.000000	0.000000	0.000049	
0.000000	1.000000	0.000001	
-0.000000	-0.000000	1.000000	
393 644
1.000000	0.000000	-0.000019	
0.000000	1.000000	-0.000005	
0.000000	0.000000	1.000000	
393 645
1.000000	0.000000	-0.000001	
0.000000	1.000000	0.000001	
0.000000	0.000000	1.000000	
385 646
1.000000	-0.000000	0.000005	
0.000000	1.000000	0.000006	
0.000000	-0.000000	1.000000	
399 647
1.000000	0.000000	-0.000004	
0.000000	1.000000	0.000002	
0.000000	0.000000	1.000000	
378 648
1.000000	0.000000	0.000043	
0.000000	1.000000	0.000014	
0.000000	-0.000000	1.000000	
390 649
1.000000	0.000000	0.000048	
-0.000000	1.000000	0.000013	
-0.000000	0.000000	1.000000	
393 650
1.000000	-0.000000	0.000005	
-0.000000	1.000000	0.000002	
-0.000000	-0.000000	1.000000	
406 651
1.000000	-0.000000	0.000036	
-0.000000	1.000000	0.000014	
-0.000000	-0.000000	1.000000	
212 652
1.000000	-0.000000	-0.000011	
0.000000	1.000000	-0.000001	
0.000000	-0.000000	1.000000	
414 653
0.998596	-0.001392	0.191898	
-0.000460	0.996816	0.219661	
-0.000002	-0.000009	1.000000	
437 654
0.998068	-0.002571	0.305791	
-0.000595	0.995778	0.286577	
-0.000003	-0.000013	1.000000	
441 655
0.998768	-0.000948	0.146229	
-0.000399	0.997272	0.187250	
-0.000002	-0.000008	1.000000	
420 656
0.997049	-0.002559	0.416188	
-0.000892	0.994724	0.401263	
-0.000004	-0.000015	1.000000	
456 657
0.998241	-0.001559	0.150497	
-0.000580	0.995117	0.283746	
-0.000003	-0.000017	1.000000	
413 658
0.997751	-0.002063	0.335106	
-0.000664	0.996147	0.294378	
-0.000003	-0.000011	1.000000	
457 659
0.997754	-0.001957	0.309400	
-0.000644	0.995915	0.285174	
-0.000003	-0.000012	1.000000	
429 660
0.997557	-0.002381	0.268469	
-0.000698	0.993749	0.363673	
-0.000004	-0.000020	1.000000	
434 661
0.997476	-0.001686	0.329518	
-0.000739	0.996508	0.283144	
-0.000004	-0.000009	1.000000	
432 662
0.998186	-0.001561	0.239431	
-0.000528	0.996555	0.237985	
-0.000003	-0.000010	1.000000	
444 663
0.995435	-0.003422	0.521733	
-0.000770	0.991215	0.426785	
-0.000007	-0.000029	1.000000	
457 664
0.997898	-0.001811	0.300891	
-0.000611	0.996364	0.267228	
-0.000003	-0.000010	1.000000	
470 665
1.000000	0.000000	-0.000037	
0.000000	1.000000	-0.000012	
-0.000000	0.000000	1.000000	
448 666
0.998587	-0.001146	0.204128	
-0.000375	0.997900	0.158404	
-0.000002	-0.000006	1.000000	
487 667
1.000000	0.000000	0.000024	
0.000000	1.000000	0.000008	
-0.000000	0.000000	1.000000	
458 668
0.998670	-0.001004	0.198503	
-0.000394	0.998105	0.165158	
-0.000002	-0.000005	1.000000	
464 669
1.000000	-0.000000	-0.000012	
0.000000	1.000000	-0.000008	
0.000000	-0.000000	1.000000	
481 670
0.998471	-0.001208	0.224324	
-0.000420	0.997641	0.183228	
-0.000002	-0.000006	1.000000	
511 671
0.998941	-0.000809	0.153467	
-0.000291	0.998295	0.134111	
-0.000002	-0.000005	1.000000	
477 672
1.000000	0.000000	0.000021	
0.000000	1.000000	0.000002	
0.000000	0.000000	1.000000	
295 673
1.000000	0.000000	0.000029	
0.000000	1.000000	0.000006	
-0.000000	-0.000000	1.000000	
478 674
1.000000	-0.000000	-0.000007	
0.000000	1.000000	-0.000007	
0.000000	-0.000000	1.000000	
493 675
1.000000	0.000000	0.000015	
-0.000000	1.000000	-0.000012	
0.000000	0.000000	1.000000	
466 676
1.001884	0.001525	-0.261761	
0.000431	1.003045	-0.197376	
0.000003	0.000009	1.000000	
463 677
1.000000	-0.000000	-0.000004	
-0.000000	1.000000	-0.000004	
0.000000	-0.000000	1.000000	
276 678
0.998990	-0.000203	-0.958951	
-0.000452	0.998688	0.158648	
-0.000003	-0.000001	1.000000	
239 679
1.000110	-0.000193	-0.016745	
0.001612	0.998873	-0.299772	
-0.000000	0.000000	1.000000	
196 680
0.993997	-0.002236	0.109313	
-0.002321	0.997547	0.021628	
-0.000008	0.000006	1.000000	
177 681
0.999611	-0.001460	-0.608539	
-0.000018	1.003199	-0.025371	
0.000002	0.000027	1.000000	
211 682
1.004824	-0.010897	-3.516051	
0.000481	1.000002	-1.096739	
0.000012	-0.000021	1.000000	
179 683
0.997084	-0.001167	-2.538290	
0.002125	0.997388	-1.913754	
-0.000004	-0.000004	1.000000	
270 684
0.998230	0.003086	-0.868809	
-0.000786	1.001520	-1.952393	
-0.000003	0.000007	1.000000	
238 685
1.008811	0.003792	-1.190229	
0.001883	1.009439	-2.902270	
0.000014	0.000017	1.000000	
156 686
1.003350	0.001695	-0.841908	
0.000626	1.006682	-2.369072	
0.000003	0.000003	1.000000	
127 687
0.993163	-0.001321	-0.199301	
-0.003256	0.993564	-0.489018	
-0.000015	0.000001	1.000000	
188 688
1.000000	-0.000000	-1.000019	
0.000000	1.000000	-1.000000	
0.000000	-0.000000	1.000000	
163 689
1.000000	0.000000	-1.999975	
-0.000000	1.000000	0.000017	
0.000000	0.000000	1.000000	
179 690
1.005144	0.003665	-4.907729	
0.000039	1.000805	0.035317	
0.000002	0.000018	1.000000	
204 691
1.008074	0.003574	-5.117683	
0.003199	1.009956	-1.611981	
0.000012	0.000016	1.000000	
195 692
1.000383	-0.001428	-3.972298	
-0.000538	0.994584	0.284090	
0.000001	-0.000003	1.000000	
194 693
0.999670	0.000510	-4.013689	
-0.003044	0.999896	0.400072	
-0.000001	0.000001	1.000000	
171 694
1.009956	0.005684	-5.531771	
0.000486	1.006529	-0.163295	
0.000016	0.000024	1.000000	
200 695
0.996850	0.001353	-4.086084	
0.000209	1.000889	-0.080575	
0.000002	0.000001	1.000000	
236 696
0.999082	0.004150	-3.984022	
-0.000287	0.998652	0.114179	
-0.000003	0.000012	1.000000	
227 697
0.996442	0.000469	-2.057138	
-0.000190	0.996706	0.105326	
-0.000003	-0.000011	1.000000	
245 698
0.998557	-0.001717	-0.697469	
-0.000325	0.993180	0.298857	
0.000004	-0.000012	1.000000	
183 699
0.996364	0.002341	0.700610	
-0.000681	0.997392	0.438202	
0.000002	0.000011	1.000000	
229 700
0.997439	-0.000582	0.444574	
0.000180	0.996430	0.077665	
0.000003	0.000001	1.000000	
196 701
0.995592	0.000048	0.886254	
-0.000112	0.996629	0.129270	
0.000001	0.000006	1.000000	
172 702
0.986235	-0.003932	2.084746	
-0.002817	0.985785	0.482666	
-0.000012	-0.000016	1.000000	
133 703
0.993769	0.005049	0.989224	
-0.000166	0.999681	-1.910591	
-0.000004	0.000020	1.000000	
160 704
0.987236	0.001396	1.991258	
-0.002435	0.993370	-0.901031	
-0.000013	0.000010	1.000000	
121 705
0.995096	-0.002207	0.839719	
0.000602	0.993294	-1.138519	
0.000006	-0.000013	1.000000	
189 706
0.992296	0.001137	0.812876	
-0.000191	0.995011	-0.856780	
-0.000008	0.000009	1.000000	
181 707
0.994716	-0.001519	-0.165610	
0.000374	0.994188	-0.079780	
-0.000001	-0.000006	1.000000	
155 708
1.000038	0.000566	-0.935008	
-0.000043	0.999195	1.101900	
0.000001	0.000010	1.000000	
166 709
0.996312	-0.000680	0.519891	
0.000243	0.994285	0.974028	
0.000001	-0.000004	1.000000	
244 710
0.996180	-0.000219	1.229194	
0.000085	0.995737	1.003443	
0.000002	0.000000	1.000000	
158 711
0.998443	-0.003129	0.470716	
0.001193	0.994040	0.353579	
0.000007	-0.000020	1.000000	
154 712
0.991547	-0.003532	2.031941	
-0.000368	0.990437	1.172094	
-0.000005	-0.000015	1.000000	
188 713
0.989633	-0.000579	2.361866	
-0.002257	0.993907	1.142861	
-0.000009	-0.000006	1.000000	
169 714
1.006606	0.000298	0.321486	
0.003219	1.003283	-0.581393	
0.000014	0.000003	1.000000	
157 715
1.003885	-0.000728	0.763855	
0.002567	0.998756	-0.072259	
0.000011	-0.000006	1.000000	
194 716
0.992745	-0.000746	2.121371	
-0.002717	0.994132	1.380197	
-0.000010	-0.000002	1.000000	
206 717
0.997221	-0.001266	1.407791	
-0.000263	0.998361	0.105400	
-0.000001	-0.000005	1.000000	
180 718
0.998808	-0.000555	1.301556	
0.000659	1.000385	-0.155591	
0.000003	-0.000002	1.000000	
372 719
1.000000	-0.000000	0.000001	
-0.000000	1.000000	0.000003	
-0.000000	-0.000000	1.000000	
210 720
0.996719	-0.000732	0.251912	
-0.000095	0.996768	0.098732	
-0.000001	-0.000011	1.000000	
329 721
1.000000	0.000000	-0.000005	
0.000000	1.000000	0.000002	
0.000000	-0.000000	1.000000	
425 722
1.000000	0.000000	0.000004	
0.000000	1.000000	-0.000018	
-0.000000	0.000000	1.000000	
387 723
1.000000	-0.000000	-0.000001	
-0.000000	1.000000	0.000002	
-0.000000	0.000000	1.000000	
436 724
1.000000	-0.000000	-0.000014	
-0.000000	1.000000	0.000003	
-0.000000	-0.000000	1.000000	
400 725
1.000000	-0.000000	-0.000018	
-0.000000	1.000000	-0.000004	
-0.000000	0.000000	1.000000	
454 726
1.000000	0.000000	-0.000022	
-0.000000	1.000000	-0.000020	
0.000000	-0.000000	1.000000	
423 727
1.000000	0.000000	-0.000032	
0.000000	1.000000	-0.000002	
0.000000	0.000000	1.000000	
455 728
1.000000	-0.000000	-0.000002	
-0.000000	1.000000	0.000002	
-0.000000	0.000000	1.000000	
376 729
1.000000	-0.000000	0.000024	
-0.000000	1.000000	0.000006	
-0.000000	-0.000000	1.000000	
447 730
1.000000	-0.000000	0.000008	
-0.000000	1.000000	-0.000002	
0.000000	0.000000	1.000000	
401 731
1.000000	-0.000000	0.000010	
0.000000	1.000000	0.000007	
0.000000	-0.000000	1.000000	
431 732
1.000000	0.000000	0.000017	
0.000000	1.000000	0.000001	
0.000000	0.000000	1.000000	
391 733
1.000000	-0.000000	-0.000032	
0.000000	1.000000	-0.000013	
0.000000	-0.000000	1.000000	
455 734
1.000000	-0.000000	-0.000038	
-0.000000	1.000000	-0.000007	
0.000000	0.000000	1.000000	
436 735
1.000000	0.000000	-0.000001	
0.000000	1.000000	-0.000007	
0.000000	-0.000000	1.000000	
467 736
1.000000	-0.000000	-0.000007	
-0.000000	1.000000	-0.000005	
-0.000000	0.000000	1.000000	
429 737
1.000000	-0.000000	0.000012	
-0.000000	1.000000	-0.000004	
-0.000000	-0.000000	1.000000	
453 738
0.994512	-0.003762	0.670861	
-0.001226	0.992051	0.460944	
-0.000010	-0.000024	1.000000	
423 739
0.999105	-0.001037	0.092614	
-0.000371	0.997267	0.162019	
-0.000002	-0.000009	1.000000	
437 740
1.000000	-0.000000	-0.000005	
0.000000	1.000000	0.000003	
-0.000000	-0.000000	1.000000	
427 741
0.998589	-0.000838	0.156337	
-0.000413	0.998198	0.142436	
-0.000003	-0.000004	1.000000	
440 742
1.000111	0.001179	-0.029287	
0.000072	1.001324	-0.058536	
-0.000000	0.000005	1.000000	
417 743
0.992658	-0.003962	0.849055	
-0.001554	0.992075	0.488833	
-0.000014	-0.000022	1.000000	
466 744
0.996683	-0.001602	0.378798	
-0.000930	0.996445	0.303648	
-0.000007	-0.000008	1.000000	
492 745
0.998079	0.000231	0.118071	
-0.000701	0.999054	0.131042	
-0.000006	0.000001	1.000000	
531 746
0.997327	-0.001065	0.282528	
-0.000743	0.997333	0.218547	
-0.000006	-0.000006	1.000000	
493 747
0.996279	-0.001373	0.475909	
-0.001033	0.996614	0.323331	
-0.000007	-0.000007	1.000000	
328 748
1.000000	0.000000	0.000008	
-0.000000	1.000000	-0.000001	
-0.000000	0.000000	1.000000	
542 749
1.000000	0.000000	0.000001	
-0.000000	1.000000	-0.000006	
-0.000000	0.000000	1.000000	
537 750
1.000000	0.000000	0.000049	
-0.000000	1.000000	0.000020	
-0.000000	0.000000	1.000000	
578 751
1.000000	-0.000000	-0.000008	
0.000000	1.000000	-0.000001	
0.000000	-0.000000	1.000000	
507 752
1.000000	-0.000000	0.000028	
-0.000000	1.000000	0.000010	
-0.000000	-0.000000	1.000000	
519 753
1.000000	-0.000000	0.000046	
-0.000000	1.000000	0.000012	
-0.000000	-0.000000	1.000000	
500 754
0.999621	-0.000370	0.045949	
-0.000115	0.999236	0.052372	
-0.000001	-0.000002	1.000000	
484 755
0.999649	-0.000571	0.023245	
-0.000109	0.998805	0.061341	
-0.000001	-0.000004	1.000000	
463 756
0.997946	-0.000352	0.254110	
0.000156	1.000006	-0.059506	
-0.000003	0.000000	1.000000	
453 757
0.999652	-0.000532	0.104252	
-0.000162	1.000643	0.016920	
-0.000001	0.000003	1.000000	
397 758
0.996349	-0.002829	0.476009	
-0.000379	0.995779	0.163819	
-0.000007	-0.000007	1.000000	
397 759
0.997586	-0.000293	0.291780	
-0.000391	0.997915	0.124279	
-0.000005	-0.000002	1.000000	
420 760
0.998971	-0.000697	0.130489	
-0.000253	0.998705	0.089195	
-0.000002	-0.000004	1.000000	
444 761
0.999205	-0.000882	0.105462	
-0.000230	0.998392	0.102180	
-0.000001	-0.000005	1.000000	
399 762
0.998725	-0.001074	0.194424	
-0.000045	0.999516	0.012467	
-0.000002	-0.000002	1.000000	
434 763
1.000879	0.001383	-0.138738	
0.000074	1.000872	-0.024307	
0.000002	0.000003	1.000000	
439 764
1.000606	0.000754	-0.048331	
0.000153	1.002087	-0.099626	
0.000001	0.000007	1.000000	
460 765
1.000000	-0.000000	0.000020	
0.000000	1.000000	0.000001	
0.000000	0.000000	1.000000	
442 766
1.000000	-0.000000	0.000008	
-0.000000	1.000000	-0.000002	
-0.000000	-0.000000	1.000000	
454 767
1.000264	0.000333	-0.006199	
0.000025	1.001317	-0.040259	
0.000000	0.000005	1.000000	
414 768
0.999788	-0.000044	0.082739	
-0.000124	1.001357	-0.013156	
-0.000001	0.000005	1.000000	
440 769
1.000000	0.000000	0.000013	
-0.000000	1.000000	0.000007	
-0.000000	0.000000	1.000000	
445 770
1.000265	0.000721	-0.095657	
0.000133	0.999452	-0.028804	
0.000000	-0.000003	1.000000	
436 771
0.997656	-0.000935	0.262484	
-0.000635	0.997976	0.194052	
-0.000005	-0.000004	1.000000	
186 772
1.000429	0.000928	-0.176351	
0.000201	0.998758	-0.030590	
0.000000	-0.000006	1.000000	
390 773
1.000000	0.000000	-0.000013	
-0.000000	1.000000	-0.000006	
-0.000000	0.000000	1.000000	
379 774
0.999409	-0.000454	0.055499	
-0.000184	0.998773	0.075096	
-0.000001	-0.000003	1.000000	
424 775
1.000520	0.001714	-0.108795	
0.000157	1.001157	-0.075793	
0.000001	0.000003	1.000000	
428 776
1.000346	0.001295	-0.076562	
0.000083	1.000872	-0.051059	
0.000000	0.000003	1.000000	
465 777
0.999548	-0.000904	0.051451	
-0.000070	0.998539	0.060780	
-0.000001	-0.000005	1.000000	
415 778
1.000000	0.000000	-0.000035	
-0.000000	1.000000	-0.000009	
-0.000000	0.000000	1.000000	
395 779
0.997980	-0.000706	0.214937	
-0.000667	0.998208	0.176117	
-0.000005	-0.000003	1.000000	
393 780
1.000000	0.000000	-0.000013	
0.000000	1.000000	0.000001	
0.000000	-0.000000	1.000000	
395 781
1.000000	0.000000	-0.000002	
-0.000000	1.000000	0.000007	
-0.000000	0.000000	1.000000	
399 782
0.999391	-0.000090	0.056025	
-0.000184	0.998806	0.074864	
-0.000001	-0.000003	1.000000	
422 783
1.000000	-0.000000	0.000007	
-0.000000	1.000000	-0.000006	
-0.000000	-0.000000	1.000000	
407 784
1.000000	0.000000	-0.000034	
0.000000	1.000000	-0.000012	
0.000000	-0.000000	1.000000	
423 785
1.000000	0.000000	0.000010	
-0.000000	1.000000	0.000010	
-0.000000	0.000000	1.000000	
416 786
1.000000	-0.000000	0.000020	
0.000000	1.000000	0.000010	
-0.000000	-0.000000	1.000000	
451 787
0.998698	-0.000641	0.148299	
-0.000312	0.998555	0.103875	
-0.000002	-0.000004	1.000000	
428 788
1.000000	-0.000000	0.000068	
-0.000000	1.000000	0.000002	
0.000000	-0.000000	1.000000	
455 789
0.999177	0.000467	0.023784	
0.000297	1.000248	-0.096462	
-0.000002	0.000001	1.000000	
446 790
1.000479	0.000465	-0.029357	
0.000111	1.001658	-0.072273	
0.000001	0.000006	1.000000	
448 791
1.001428	0.000846	-0.138212	
0.000299	1.002507	-0.129537	
0.000003	0.000008	1.000000	
388 792
1.000000	-0.000000	-0.000026	
-0.000000	1.000000	-0.000002	
-0.000000	-0.000000	1.000000	
397 793
1.000000	0.000000	0.000005	
0.000000	1.000000	-0.000003	
-0.000000	0.000000	1.000000	
378 794
1.000000	0.000000	0.000020	
-0.000000	1.000000	0.000001	
-0.000000	0.000000	1.000000	
383 795
1.000000	-0.000000	-0.000016	
-0.000000	1.000000	-0.000005	
-0.000000	0.000000	1.000000	
379 796
1.000000	0.000000	0.000048	
0.000000	1.000000	0.000012	
-0.000000	0.000000	1.000000	
377 797
1.000000	0.000000	-0.000031	
0.000000	1.000000	0.000000	
0.000000	-0.000000	1.000000	
382 798
1.000000	-0.000000	-0.000009	
-0.000000	1.000000	0.000000	
-0.000000	0.000000	1.000000	
365 799
1.000000	0.000000	-0.000001	
-0.000000	1.000000	0.000007	
0.000000	-0.000000	1.000000	
370 800
1.000296	-0.000826	0.019526	
0.000172	1.000900	-0.065889	
0.000001	0.000003	1.000000	
355 801
1.000000	-0.000000	0.000002	
-0.000000	1.000000	0.000002	
-0.000000	0.000000	1.000000	
356 802
1.000000	0.000000	-0.000011	
0.000000	1.000000	-0.000015	
-0.000000	0.000000	1.000000	
353 803
1.000000	0.000000	0.000025	
0.000000	1.000000	0.000010	
0.000000	-0.000000	1.000000	
351 804
1.000000	0.000000	0.000028	
0.000000	1.000000	0.000013	
0.000000	-0.000000	1.000000	
349 805
1.000000	-0.000000	-0.000015	
-0.000000	1.000000	-0.000000	
0.000000	-0.000000	1.000000	
342 806
1.000000	-0.000000	-0.000004	
-0.000000	1.000000	-0.000007	
0.000000	-0.000000	1.000000	
357 807
1.000000	0.000000	0.000006	
-0.000000	1.000000	0.000002	
0.000000	0.000000	1.000000	
341 808
1.000000	-0.000000	0.000020	
-0.000000	1.000000	0.000012	
0.000000	0.000000	1.000000	
372 809
1.000000	-0.000000	0.000004	
-0.000000	1.000000	0.000003	
-0.000000	0.000000	1.000000	
347 810
1.000000	0.000000	-0.000006	
0.000000	1.000000	0.000004	
0.000000	0.000000	1.000000	
373 811
1.000000	0.000000	0.000001	
-0.000000	1.000000	0.000008	
-0.000000	0.000000	1.000000	
351 812
1.000000	0.000000	0.000011	
-0.000000	1.000000	-0.000013	
0.000000	0.000000	1.000000	
358 813
1.000000	-0.000000	0.000021	
-0.000000	1.000000	-0.000002	
-0.000000	-0.000000	1.000000	
349 814
1.000000	-0.000000	0.000007	
0.000000	1.000000	0.000005	
0.000000	-0.000000	1.000000	
339 815
1.000000	-0.000000	-0.000016	
0.000000	1.000000	0.000004	
-0.000000	-0.000000	1.000000	
334 816
1.000000	0.000000	0.000007	
0.000000	1.000000	-0.000015	
-0.000000	-0.000000	1.000000	
360 817
1.000000	0.000000	-0.000010	
-0.000000	1.000000	-0.000001	
0.000000	-0.000000	1.000000	
351 818
1.000000	0.000000	0.000034	
-0.000000	1.000000	0.000011	
-0.000000	0.000000	1.000000	
387 819
1.000000	0.000000	0.000003	
-0.000000	1.000000	0.000003	
-0.000000	0.000000	1.000000	
376 820
1.000000	0.000000	0.000038	
0.000000	1.000000	0.000009	
-0.000000	0.000000	1.000000	
377 821
1.000000	-0.000000	-0.000027	
0.000000	1.000000	-0.000004	
0.000000	-0.000000	1.000000	
381 822
1.000000	0.000000	-0.000008	
-0.000000	1.000000	0.000012	
0.000000	0.000000	1.000000	
234 823
1.000123	-0.000309	0.137103	
0.000289	1.001631	-0.145779	
0.000001	0.000004	1.000000	
345 824
1.000000	-0.000000	0.000031	
-0.000000	1.000000	-0.000002	
0.000000	-0.000000	1.000000	
354 825
1.000000	-0.000000	0.000039	
-0.000000	1.000000	0.000011	
0.000000	-0.000000	1.000000	
361 826
1.000000	-0.000000	-0.000001	
-0.000000	1.000000	0.000005	
0.000000	0.000000	1.000000	
352 827
1.000000	-0.000000	-0.000001	
-0.000000	1.000000	0.000008	
0.000000	0.000000	1.000000	
353 828
1.000000	-0.000000	0.000014	
-0.000000	1.000000	-0.000002	
-0.000000	-0.000000	1.000000	
340 829
1.000000	0.000000	0.000043	
-0.000000	1.000000	0.000019	
0.000000	0.000000	1.000000	
353 830
1.000000	0.000000	-0.000007	
-0.000000	1.000000	-0.000004	
-0.000000	0.000000	1.000000	
354 831
1.000000	0.000000	0.000038	
-0.000000	1.000000	0.000006	
0.000000	0.000000	1.000000	
188 832
1.000000	-0.000000	0.000011	
0.000000	1.000000	0.000003	
0.000000	-0.000000	1.000000	
315 833
1.000000	0.000000	0.000026	
0.000000	1.000000	0.000006	
-0.000000	0.000000	1.000000	
354 834
1.000000	-0.000000	-0.000010	
-0.000000	1.000000	0.000008	
-0.000000	-0.000000	1.000000	
329 835
0.999534	0.002674	0.037088	
-0.000198	1.001547	0.022266	
-0.000001	0.000007	1.000000	
350 836
1.000000	-0.000000	-0.000035	
-0.000000	1.000000	-0.000008	
0.000000	-0.000000	1.000000	
361 837
1.000000	0.000000	0.000041	
0.000000	1.000000	0.000004	
-0.000000	-0.000000	1.000000	
384 838
1.000000	0.000000	-0.000010	
0.000000	1.000000	-0.000006	
0.000000	-0.000000	1.000000	
301 839
0.999795	0.000768	0.016101	
-0.000073	1.000434	0.007748	
-0.000000	0.000002	1.000000	
418 840
1.000000	-0.000000	0.000008	
-0.000000	1.000000	-0.000002	
0.000000	0.000000	1.000000	
356 841
1.000000	-0.000000	0.000025	
-0.000000	1.000000	0.000008	
-0.000000	0.000000	1.000000	
401 842
1.000000	0.000000	0.000047	
-0.000000	1.000000	0.000016	
0.000000	0.000000	1.000000	
395 843
1.000000	0.000000	-0.000005	
0.000000	1.000000	-0.000006	
0.000000	-0.000000	1.000000	
407 844
1.000000	-0.000000	-0.000019	
-0.000000	1.000000	-0.000005	
-0.000000	-0.000000	1.000000	
410 845
0.999632	-0.000341	0.045161	
-0.000168	0.999136	0.069781	
-0.000001	-0.000002	1.000000	
429 846
0.999230	-0.000868	0.105942	
-0.000292	0.998409	0.120842	
-0.000001	-0.000004	1.000000	
351 847
0.999788	0.000780	0.011047	
-0.000059	1.000888	-0.027797	
-0.000001	0.000004	1.000000	
435 848
1.000000	0.000000	-0.000010	
0.000000	1.000000	-0.000007	
-0.000000	0.000000	1.000000	
399 849
1.000000	0.000000	0.000002	
0.000000	1.000000	-0.000003	
-0.000000	-0.000000	1.000000	
419 850
1.000000	-0.000000	-0.000016	
-0.000000	1.000000	-0.000007	
-0.000000	-0.000000	1.000000	
408 851
1.000000	0.000000	-0.000043	
0.000000	1.000000	-0.000022	
0.000000	0.000000	1.000000	
428 852
1.000000	-0.000000	0.000035	
-0.000000	1.000000	0.000005	
-0.000000	-0.000000	1.000000	
419 853
1.000000	0.000000	-0.000017	
0.000000	1.000000	-0.000002	
0.000000	-0.000000	1.000000	
416 854
1.000000	0.000000	-0.000001	
-0.000000	1.000000	-0.000002	
0.000000	0.000000	1.000000	
424 855
1.000000	-0.000000	-0.000033	
0.000000	1.000000	-0.000005	
0.000000	-0.000000	1.000000	
430 856
1.000000	0.000000	0.000028	
-0.000000	1.000000	0.000009	
0.000000	0.000000	1.000000	
421 857
1.000000	-0.000000	0.000023	
-0.000000	1.000000	-0.000007	
0.000000	-0.000000	1.000000	
410 858
1.000000	-0.000000	-0.000033	
-0.000000	1.000000	-0.000012	
0.000000	-0.000000	1.000000	
403 859
1.000000	0.000000	0.000016	
0.000000	1.000000	0.000003	
0.000000	0.000000	1.000000	
410 860
1.000000	-0.000000	-0.000003	
0.000000	1.000000	0.000001	
0.000000	-0.000000	1.000000	
423 861
1.000000	0.000000	-0.000004	
-0.000000	1.000000	0.000000	
-0.000000	0.000000	1.000000	
440 862
1.000000	0.000000	-0.000016	
-0.000000	1.000000	-0.000012	
0.000000	-0.000000	1.000000	
433 863
1.000000	0.000000	-0.000007	
0.000000	1.000000	0.000002	
0.000000	-0.000000	1.000000	
417 864
1.000000	0.000000	0.000006	
0.000000	1.000000	0.000017	
-0.000000	-0.000000	1.000000	
399 865
1.000000	0.000000	0.000013	
-0.000000	1.000000	-0.000010	
0.000000	0.000000	1.000000	
421 866
1.000000	0.000000	-0.000032	
0.000000	1.000000	-0.000003	
0.000000	0.000000	1.000000	
403 867
1.000000	-0.000000	0.000001	
-0.000000	1.000000	0.000008	
-0.000000	0.000000	1.000000	
404 868
1.000000	0.000000	0.000011	
0.000000	1.000000	-0.000002	
0.000000	-0.000000	1.000000	
398 869
1.000000	0.000000	-0.000025	
-0.000000	1.000000	0.000003	
-0.000000	0.000000	1.000000	
396 870
1.000000	0.000000	0.000016	
0.000000	1.000000	0.000002	
-0.000000	-0.000000	1.000000	
398 871
1.000550	0.000695	-0.069955	
0.000180	1.001264	-0.079931	
0.000001	0.000004	1.000000	
396 872
1.000000	0.000000	-0.000012	
0.000000	1.000000	-0.000005	
-0.000000	0.000000	1.000000	
395 873
1.001822	0.000223	-0.265543	
-0.000181	0.998897	0.113755	
0.000003	-0.000004	1.000000	
402 874
1.000000	0.000000	0.000015	
0.000000	1.000000	0.000016	
0.000000	0.000000	1.000000	
398 875
0.999630	-0.000602	0.018063	
-0.000210	0.998131	0.109254	
-0.000001	-0.000007	1.000000	
383 876
0.999751	-0.001618	0.068663	
-0.000043	0.998939	0.040445	
-0.000000	-0.000004	1.000000	
366 877
1.000000	-0.000000	-0.000013	
-0.000000	1.000000	-0.000009	
-0.000000	-0.000000	1.000000	
386 878
0.999460	-0.000541	0.060858	
-0.000204	0.998667	0.091046	
-0.000001	-0.000004	1.000000	
386 879
1.000000	-0.000000	0.000006	
-0.000000	1.000000	0.000002	
-0.000000	-0.000000	1.000000	
400 880
1.000000	-0.000000	-0.000011	
-0.000000	1.000000	-0.000002	
-0.000000	-0.000000	1.000000	
390 881
0.999753	-0.001114	0.060374	
-0.000055	0.999235	0.036678	
-0.000000	-0.000003	1.000000	
377 882
1.000000	0.000000	-0.000011	
0.000000	1.000000	-0.000003	
-0.000000	-0.000000	1.000000	
380 883
1.000227	-0.000196	-0.017797	
0.000121	1.000604	-0.049595	
0.000000	0.000002	1.000000	
357 884
1.000058	-0.000342	0.049909	
0.000083	1.001498	-0.060737	
0.000000	0.000006	1.000000	
198 885
0.998312	-0.002650	-0.338205	
-0.000208	0.996053	0.119581	
-0.000006	-0.000012	1.000000	
232 886
0.994269	-0.005692	1.740633	
-0.001051	0.996003	0.364730	
-0.000007	-0.000009	1.000000	
296 887
1.000137	-0.000162	0.007984	
0.000042	1.000628	-0.026862	
0.000000	0.000002	1.000000	
355 888
1.000000	0.000000	-0.000006	
-0.000000	1.000000	0.000003	
0.000000	0.000000	1.000000	
156 889
1.000300	0.003321	-0.054291	
0.000087	0.999461	-0.012459	
0.000001	-0.000003	1.000000	
174 890
0.999799	0.004813	2.912793	
-0.000080	1.001203	0.002352	
-0.000001	0.000005	1.000000	
171 891
0.995628	0.010657	5.423964	
-0.000284	1.001448	0.018396	
-0.000009	0.000018	1.000000	
145 892
1.000708	0.001280	6.927889	
0.000401	1.002817	-1.195040	
0.000001	0.000009	1.000000	
199 893
0.998604	0.004559	8.160273	
-0.000330	0.999125	0.106853	
-0.000002	-0.000001	1.000000	
125 894
0.991364	-0.007054	10.253478	
0.000054	0.991722	0.033314	
-0.000014	-0.000010	1.000000	
135 895
0.999198	-0.013253	9.215809	
-0.000024	0.997481	-0.955750	
-0.000001	-0.000022	1.000000	
206 896
1.002594	0.001865	6.527366	
-0.000246	1.002076	0.027955	
-0.000002	0.000013	1.000000	
213 897
1.000487	0.000502	7.024248	
0.000285	1.002762	-1.159963	
0.000001	0.000009	1.000000	
158 898
0.998617	-0.006760	7.349474	
-0.000229	0.990612	-0.764160	
-0.000001	-0.000016	1.000000	
178 899
0.997239	0.004007	7.231841	
-0.000434	0.999815	-1.878728	
-0.000007	0.000019	1.000000	
193 900
0.999258	-0.004664	7.311267	
-0.002491	0.997485	-1.842292	
-0.000000	-0.000010	1.000000	
177 901
1.000788	0.000527	6.976288	
0.000261	1.002262	-3.127115	
0.000003	0.000006	1.000000	
173 902
1.001336	0.000869	6.946980	
0.000318	1.004624	-3.303101	
0.000001	0.000016	1.000000	
175 903
0.997519	-0.003471	8.231388	
-0.000015	0.999311	-2.965696	
-0.000000	-0.000002	1.000000	
129 904
0.989053	0.001410	8.382097	
-0.003558	0.994039	-1.745909	
-0.000021	0.000004	1.000000	
221 905
0.993340	0.003785	8.168728	
-0.000813	1.000608	-2.007395	
-0.000013	0.000009	1.000000	
161 906
0.993059	0.002618	10.080767	
-0.002845	0.996719	0.229071	
-0.000010	0.000007	1.000000	
226 907
0.994312	0.001158	10.941244	
-0.000778	0.998871	0.162596	
-0.000008	0.000003	1.000000	
119 908
0.995881	-0.004051	13.307456	
-0.000110	0.996533	0.130995	
-0.000003	-0.000012	1.000000	
193 909
0.995150	0.002514	14.793607	
-0.000371	0.998390	0.098168	
-0.000006	-0.000001	1.000000	
175 910
0.992969	-0.005849	16.406509	
-0.000551	0.994807	0.234532	
-0.000009	-0.000019	1.000000	
180 911
0.998750	-0.002585	15.253949	
0.000047	1.000136	0.002045	
0.000001	0.000000	1.000000	
163 912
0.993446	-0.002354	15.302436	
-0.000580	0.996408	0.215751	
-0.000008	-0.000007	1.000000	
193 913
0.992117	0.001840	14.956928	
-0.000519	0.999840	0.041383	
-0.000008	0.000006	1.000000	
146 914
0.992866	-0.000311	15.150727	
0.000052	0.997102	0.114499	
0.000000	-0.000010	1.000000	
146 915
0.988508	0.000191	14.203693	
-0.001744	0.992482	0.996844	
-0.000011	0.000012	1.000000	
121 916
0.989660	0.000553	12.444855	
-0.001499	0.991216	1.057270	
-0.000007	0.000000	1.000000	
197 917
0.990190	-0.004362	11.689620	
-0.001405	0.987573	1.328255	
-0.000002	-0.000014	1.000000	
184 918
0.987095	0.001492	11.202753	
-0.001792	0.991021	1.236645	
-0.000006	-0.000001	1.000000	
184 919
0.987006	-0.011612	10.791538	
-0.001431	0.984848	1.527441	
-0.000003	-0.000021	1.000000	
215 920
0.985359	0.002403	9.201066	
0.000105	0.989538	0.179326	
-0.000011	0.000017	1.000000	
229 921
0.984400	0.000335	9.287661	
0.000127	0.989126	-0.750319	
-0.000009	-0.000000	1.000000	
174 922
0.982764	0.003907	8.508188	
-0.000639	0.984822	0.053708	
-0.000008	0.000010	1.000000	
229 923
0.983510	0.000418	7.678159	
-0.000980	0.980435	0.420477	
-0.000008	-0.000007	1.000000	
270 924
0.982755	-0.002921	8.463655	
-0.000939	0.985930	0.434916	
-0.000004	-0.000003	1.000000	
260 925
0.982690	0.007039	8.831829	
-0.000851	0.982969	0.335455	
-0.000007	0.000026	1.000000	
225 926
0.984780	-0.000111	8.009835	
0.000580	0.984252	-1.086299	
0.000011	-0.000019	1.000000	
271 927
0.982787	0.001632	7.779218	
-0.000032	0.986572	-1.275796	
-0.000003	0.000008	1.000000	
220 928
0.978687	0.004420	7.942905	
-0.000853	0.981407	-0.655586	
-0.000005	0.000014	1.000000	
231 929
0.982845	0.007604	6.606513	
0.001511	0.983974	-0.214554	
-0.000002	0.000019	1.000000	
238 930
0.978211	-0.002453	6.089680	
-0.000193	0.980138	0.930355	
-0.000006	-0.000005	1.000000	
262 931
0.980577	-0.002014	4.974895	
0.000830	0.977543	2.088427	
0.000001	-0.000015	1.000000	
294 932
0.981360	0.000227	5.017527	
-0.000020	0.980381	2.719011	
0.000001	-0.000006	1.000000	
321 933
0.982298	0.000777	5.213920	
-0.000205	0.982847	2.502555	
0.000001	-0.000001	1.000000	
280 934
0.983791	-0.000718	5.538229	
-0.000810	0.984317	2.436748	
0.000001	-0.000000	1.000000	
320 935
0.979882	-0.002814	5.371446	
-0.000027	0.978938	2.530754	
-0.000004	-0.000009	1.000000	
300 936
0.975788	0.000280	5.234337	
-0.000935	0.979348	2.619984	
-0.000011	-0.000003	1.000000	
276 937
0.981021	-0.000119	4.890686	
-0.000548	0.983171	2.343738	
0.000000	-0.000007	1.000000	
313 938
0.984543	-0.000593	4.382182	
0.000699	0.982560	1.606076	
0.000001	-0.000001	1.000000	
313 939
0.979820	-0.002343	4.895347	
-0.000947	0.979991	1.583165	
-0.000005	-0.000005	1.000000	
306 940
0.983546	-0.000557	4.207880	
0.000470	0.982358	0.936035	
0.000000	0.000002	1.000000	
307 941
0.983107	0.001685	3.891800	
-0.000840	0.984458	0.835537	
-0.000003	0.000004	1.000000	
273 942
0.984903	0.004860	3.428085	
-0.000862	0.988127	0.697594	
-0.000003	0.000013	1.000000	
315 943
0.984945	0.001467	3.466118	
-0.000003	0.984841	0.510583	
-0.000002	0.000005	1.000000	
301 944
0.985303	0.002077	3.115785	
-0.001176	0.985155	0.624194	
-0.000001	0.000003	1.000000	
