90
452
432
161
434
338
310
310
434
331
335
310
311
310
426
434
339
437
434
435
434
396
433
307
205
335
369
431
307
307
478
431
327
485
338
305
326
427
399
432
345
341
214
427
303
327
305
356
431
304
326
304
204
259
418
304
426
184
476
485
378
216
406
226
462
150
321
426
26
65
397
324
161
325
163
250
375
359
47
372
232
406
153
158
361
253
212
452
178
348
436
180
123
192
183
166
67
54
85
207
151
81
24
43
262
24
262
101
48
194
37
196
67
148
190
196
202
154
160
136
184
113
162
72
182
117
175
235
184
133
156
141
146
246
244
262
171
205
144
256
186
205
178
224
186
190
204
191
196
60
184
136
121
187
184
188
227
223
119
232
174
148
204
196
182
170
168
195
119
157
228
202
178
113
147
190
158
192
201
169
210
451
432
161
434
338
310
310
434
330
335
310
311
310
425
434
339
437
434
435
434
396
433
307
205
335
369
431
307
307
477
431
327
485
338
305
326
426
399
432
345
341
214
426
303
327
304
356
431
303
326
304
204
259
418
304
426
183
476
485
378
216
406
226
461
150
321
426
26
67
397
324
160
325
162
250
375
359
46
372
232
405
152
158
361
253
212
451
177
348
436
180
123
192
183
166
67
54
85
206
151
81
24
43
262
24
262
101
48
193
37
196
67
148
190
196
202
153
160
136
184
113
162
72
182
117
175
235
184
133
156
141
146
246
243
262
170
205
143
255
186
205
178
224
186
190
204
190
195
60
184
136
121
187
183
187
227
222
119
238
174
148
206
196
181
170
168
195
119
157
228
202
178
113
147
190
158
191
201
169
210
