95
393
476
76
129
89
258
85
129
458
325
131
129
114
458
424
129
132
56
431
69
27
136
336
319
34
140
98
101
245
97
46
114
66
66
55
130
446
394
41
300
476
466
174
447
399
441
255
338
306
337
67
399
141
401
129
130
298
196
47
111
394
130
276
164
344
27
73
313
92
46
131
157
36
194
448
130
379
184
130
477
348
131
316
298
487
392
381
437
357
256
487
223
151
375
456
238
34
41
117
43
63
58
136
259
42
30
172
61
41
28
158
61
59
44
52
260
246
35
32
245
51
253
52
59
64
239
73
249
62
49
184
247
42
263
40
24
31
63
261
228
28
40
185
55
49
260
215
27
248
196
208
28
65
224
50
53
259
261
54
224
24
31
255
76
250
41
66
235
75
46
218
240
75
228
252
235
71
62
65
70
258
250
259
42
51
53
82
56
205
73
393
476
75
128
89
258
85
128
457
325
130
129
113
458
423
129
131
56
430
69
26
135
336
319
34
140
97
100
244
96
45
113
65
66
54
130
446
394
41
300
476
466
174
447
398
440
254
338
305
337
66
399
141
401
128
129
298
196
47
110
394
129
276
164
344
27
72
312
91
45
131
157
35
194
447
129
378
184
129
476
347
131
316
297
486
392
380
437
357
256
486
222
151
375
455
237
34
40
116
43
62
57
135
259
41
29
172
61
40
28
158
61
59
43
52
260
245
34
32
245
51
253
52
58
63
238
73
249
62
49
184
247
41
262
39
24
30
63
260
227
28
39
185
55
48
260
214
26
247
196
207
27
65
223
50
52
258
261
54
223
24
31
255
75
249
41
66
235
74
45
218
239
75
228
252
234
71
62
64
70
258
249
258
41
50
52
81
56
204
73
