92
452
432
434
161
338
310
310
310
434
339
311
310
335
437
434
434
434
435
427
433
335
307
396
433
431
368
306
307
478
336
485
431
327
305
338
397
427
326
345
341
432
214
427
205
354
328
304
418
326
184
475
304
325
303
485
406
304
426
378
216
324
426
121
372
304
462
26
272
250
321
406
150
205
41
54
361
232
158
356
153
305
453
42
364
29
397
238
436
487
485
212
250
181
124
183
192
166
67
54
84
85
262
24
43
151
101
24
48
37
193
259
75
205
148
198
64
154
201
166
136
184
193
72
113
165
120
182
181
232
178
156
140
135
146
243
175
207
263
205
186
189
192
199
190
205
244
60
121
256
204
184
136
148
217
188
168
176
181
119
263
170
227
202
188
192
122
192
190
184
113
148
178
110
192
176
211
196
171
242
210
34
49
158
132
451
432
433
161
338
309
309
309
434
339
311
309
334
437
434
434
434
435
426
433
335
307
395
433
431
368
306
307
477
336
485
431
326
305
338
396
426
325
344
340
432
213
426
205
354
328
304
417
326
183
475
303
324
303
485
406
304
426
377
216
323
425
121
372
303
461
26
271
249
320
405
149
204
41
54
360
232
158
355
152
305
453
41
363
28
396
235
435
487
485
212
250
180
124
182
191
166
66
53
83
85
262
24
42
150
101
24
48
37
192
258
75
204
147
197
64
153
201
166
136
184
192
72
113
164
120
181
180
231
177
155
139
135
145
242
175
207
263
204
186
188
194
199
189
204
244
60
121
256
204
183
136
147
216
188
167
176
181
119
262
169
226
201
187
192
121
191
190
183
113
148
178
110
192
176
211
196
170
247
210
34
49
158
132
