89
451
446
401
445
403
203
293
266
414
221
69
451
213
64
42
401
447
97
67
349
216
39
204
223
85
141
263
36
218
219
314
430
77
84
73
406
59
235
378
98
85
240
258
444
341
203
475
364
222
264
486
224
221
398
329
293
223
66
477
243
205
83
221
330
210
391
476
184
158
56
351
263
201
292
403
377
258
464
447
277
392
193
203
57
133
390
382
138
233
60
72
72
87
82
59
28
76
42
76
103
107
26
61
109
41
97
109
79
107
184
93
76
58
55
70
66
82
260
109
39
34
69
40
91
98
104
96
82
91
91
82
91
236
26
25
98
97
98
106
73
124
48
31
46
38
34
119
86
33
112
104
86
32
91
80
73
37
91
115
97
48
101
89
62
72
37
58
262
79
101
52
48
87
101
90
105
82
39
451
446
400
445
402
203
292
265
413
220
69
451
212
64
41
401
447
97
66
348
215
38
203
222
84
141
263
36
216
218
314
430
76
83
73
405
59
234
377
98
85
240
257
444
341
203
474
364
222
263
486
224
221
398
329
292
222
66
477
242
204
83
220
329
210
390
476
184
157
56
350
263
200
292
403
377
258
463
447
276
392
193
203
57
132
389
381
138
232
60
72
72
86
81
58
28
76
41
75
103
106
25
60
108
40
97
109
79
106
184
93
76
57
54
70
66
82
253
108
38
34
69
39
90
97
104
95
82
90
90
82
90
236
25
24
97
97
97
106
72
123
48
30
45
37
34
118
86
32
111
103
85
31
91
80
73
37
90
115
96
48
101
89
62
71
37
57
261
78
100
52
48
87
100
89
104
82
39
