80
452
432
161
309
310
310
310
310
434
331
310
434
335
338
434
437
434
434
433
433
433
307
485
306
307
205
431
431
477
345
326
327
432
305
304
341
431
304
213
304
426
463
205
475
485
417
397
259
178
375
406
232
324
250
216
26
304
134
120
150
272
356
55
232
161
47
158
193
253
164
44
153
42
396
188
134
485
372
178
261
180
123
192
85
54
75
64
43
183
207
30
85
151
166
24
101
43
194
64
75
54
151
72
166
136
190
113
154
184
156
175
165
133
123
113
141
144
205
152
190
256
181
175
196
58
187
175
224
190
169
121
184
148
170
137
119
176
215
188
188
263
147
194
227
203
119
113
200
193
182
101
178
176
163
187
178
46
157
200
209
452
431
161
309
310
309
310
310
434
330
310
434
335
337
434
436
434
434
433
433
433
307
485
305
307
205
430
431
476
344
326
327
431
305
304
341
430
303
213
304
425
463
205
474
485
417
397
258
178
374
406
232
324
250
215
26
304
133
120
150
272
356
54
232
161
46
157
192
253
164
43
153
42
395
188
134
485
371
177
260
180
122
192
84
54
74
64
43
183
206
30
84
151
165
24
101
43
197
64
74
54
151
72
166
135
190
113
153
184
156
174
164
132
123
113
141
143
204
152
190
256
180
175
196
58
189
175
223
190
169
120
184
148
170
137
119
176
214
188
188
262
147
194
227
203
118
112
200
193
182
101
178
176
162
187
178
46
156
199
209
