34
439
438
436
336
455
436
437
165
437
344
430
307
329
261
329
431
340
479
430
379
208
219
161
58
400
125
465
252
257
137
430
198
31
223
98
191
121
201
178
110
27
188
177
152
255
110
162
221
175
235
178
196
223
166
172
133
110
190
172
186
183
126
190
212
213
200
192
143
439
438
436
336
455
436
437
165
437
344
430
307
329
258
329
431
340
479
431
379
207
219
161
58
399
125
464
252
257
137
428
198
31
223
97
191
117
200
177
109
27
187
176
152
254
109
156
230
175
231
177
195
211
166
178
133
109
189
159
185
179
126
190
211
218
199
191
143
