99
451
446
401
266
216
445
403
290
208
415
216
216
64
447
221
214
400
216
205
70
67
36
350
42
263
216
216
97
452
39
85
223
341
141
487
73
235
407
203
406
98
220
60
313
430
264
378
85
240
329
84
475
444
224
478
210
79
222
224
217
300
313
220
83
262
205
244
292
58
397
464
135
221
184
377
364
159
196
277
78
403
351
200
217
264
259
329
175
476
419
481
390
393
447
185
339
57
88
390
61
72
72
76
160
87
82
31
59
41
175
205
64
99
76
26
41
226
76
102
79
81
108
109
66
188
216
109
109
93
55
58
26
70
73
91
96
27
25
98
91
109
104
42
37
106
83
91
82
33
40
98
239
124
86
91
69
98
34
238
29
24
46
104
94
109
25
90
114
31
60
101
87
37
73
97
91
55
78
81
62
97
99
260
48
37
46
25
74
77
224
79
101
263
50
49
87
25
90
450
445
400
265
216
444
403
289
207
414
216
216
64
446
221
214
399
216
204
70
67
35
349
41
262
216
215
97
451
39
85
223
341
141
486
73
234
406
203
406
98
220
60
312
429
263
377
85
240
328
84
474
443
223
478
210
79
222
224
217
300
313
220
83
261
205
244
292
57
396
464
134
220
184
377
363
159
196
276
77
402
350
200
216
263
259
329
175
476
419
481
389
392
447
184
339
56
88
390
61
71
72
76
160
86
81
31
58
40
174
205
64
99
75
25
40
225
76
102
78
81
108
108
65
188
215
108
108
93
55
57
26
70
72
91
95
27
24
98
90
109
103
41
36
106
82
90
82
32
39
98
238
123
85
91
69
98
33
237
28
24
46
103
94
108
24
90
113
31
59
100
86
37
73
97
91
55
78
80
62
97
99
259
47
37
45
25
73
77
223
78
101
262
50
48
87
24
90
