88
451
266
447
217
402
445
209
291
414
222
404
207
401
67
64
73
406
217
447
431
71
264
241
44
224
262
350
210
221
453
83
97
236
85
487
226
99
330
475
204
314
222
341
400
464
66
85
224
61
206
84
308
222
412
36
217
379
267
245
159
259
330
184
218
478
364
198
175
403
300
262
57
266
286
352
56
89
477
139
278
390
74
243
368
378
391
242
429
61
76
72
160
72
86
59
31
42
77
82
76
41
79
61
91
98
226
99
37
102
66
82
112
58
96
107
91
112
109
76
106
96
94
73
102
91
33
98
25
39
87
26
31
58
119
55
34
104
109
104
28
123
24
78
238
82
109
25
91
86
46
37
257
86
97
55
25
62
96
42
88
56
95
97
114
25
74
82
79
90
61
107
123
72
80
36
262
450
265
446
216
401
444
208
290
413
221
403
206
400
66
63
72
405
216
446
430
70
263
240
43
223
262
349
209
220
452
82
96
235
84
486
225
99
329
474
203
313
221
340
399
463
66
84
223
60
205
83
307
221
411
35
216
378
266
244
158
258
329
183
217
477
363
201
175
402
299
261
57
265
285
351
55
88
476
138
277
390
73
242
368
377
390
241
480
60
76
71
159
71
86
58
30
41
76
82
75
41
79
60
91
98
226
99
36
102
65
81
111
57
95
107
90
112
109
75
106
96
93
73
101
90
33
98
24
39
87
25
30
57
118
55
34
104
109
104
28
123
24
77
237
81
108
25
90
85
45
37
256
86
97
61
24
62
96
42
88
56
95
97
113
25
73
82
78
90
60
106
122
72
80
36
261
