98
401
451
216
446
445
403
203
415
216
266
216
293
451
221
42
216
216
213
69
64
216
401
447
263
97
223
67
349
410
204
313
85
37
141
84
219
430
73
98
405
234
36
240
378
59
77
85
258
203
341
224
486
475
313
221
264
222
364
216
399
329
223
478
329
206
221
66
243
293
158
210
82
447
391
476
184
293
403
201
351
56
217
365
258
264
277
464
383
193
418
57
377
203
390
393
138
135
233
72
60
160
72
87
82
59
42
178
76
205
28
107
76
109
191
226
26
103
64
215
41
97
66
109
58
79
107
24
76
39
55
85
70
40
109
34
91
91
101
96
97
82
82
104
69
91
91
25
26
124
73
98
24
48
106
98
97
238
31
33
34
86
46
112
86
119
33
38
91
91
104
263
80
73
37
90
62
101
97
115
256
24
37
48
79
60
105
52
77
87
72
48
90
101
82
101
39
401
451
216
446
445
403
202
414
216
266
216
293
450
221
42
216
216
213
69
63
216
401
446
263
96
222
66
349
410
204
313
84
36
140
83
219
430
72
97
405
234
35
239
377
59
76
84
257
202
340
224
486
475
312
220
263
222
363
215
399
328
223
478
329
206
221
66
243
293
157
210
82
447
390
475
184
293
403
200
351
56
216
364
258
263
277
464
382
193
418
57
377
202
390
392
137
134
233
71
60
160
71
87
82
58
41
178
76
204
28
106
75
108
191
225
26
103
63
214
41
97
65
109
58
79
106
24
75
39
55
85
70
40
109
33
90
90
101
95
97
81
81
104
69
90
90
25
25
123
73
97
24
47
106
98
97
237
31
32
34
85
46
112
85
119
32
37
90
91
104
262
80
73
37
90
61
101
97
115
255
24
37
47
79
59
104
51
77
87
71
48
90
100
82
100
38
