83
452
432
309
434
310
338
310
310
434
339
434
311
435
310
335
437
434
335
311
396
205
427
121
307
431
345
166
306
431
485
368
477
335
338
431
305
327
399
341
326
476
462
214
304
152
259
303
418
485
325
426
178
324
204
325
126
272
139
406
360
216
226
375
406
250
304
47
232
356
452
160
397
178
436
26
74
188
158
78
111
54
325
117
180
123
85
183
54
166
64
75
85
262
24
24
193
34
151
101
70
205
44
196
190
259
190
136
154
156
187
166
113
72
201
186
193
181
138
120
165
184
140
175
196
180
146
256
179
224
244
186
60
195
204
190
148
178
205
210
263
214
121
190
136
190
168
202
170
176
119
227
148
192
198
174
200
208
119
233
184
112
249
238
192
185
180
452
432
309
433
310
338
310
310
433
339
433
311
435
310
335
436
433
335
311
396
205
427
121
307
431
345
165
305
431
485
368
476
335
338
430
305
326
399
340
325
476
461
213
304
151
259
303
418
484
324
425
177
324
204
325
126
272
138
406
359
215
226
374
406
249
303
46
232
355
451
160
397
177
435
25
73
187
157
78
110
54
325
116
180
122
85
182
54
166
64
75
84
262
24
24
192
34
150
101
69
204
44
195
189
258
190
135
154
156
186
165
112
71
201
185
193
181
138
119
165
183
139
175
195
180
146
255
179
223
244
186
60
195
203
190
147
177
205
210
262
214
120
190
136
189
167
201
169
175
119
226
148
192
198
174
199
207
118
233
184
111
248
238
191
185
180
