51
383
384
406
287
385
163
380
380
381
451
164
107
381
378
426
408
380
153
92
434
129
124
110
166
268
68
332
314
324
206
310
108
159
137
138
249
236
337
45
255
197
38
164
91
215
94
446
309
209
120
91
43
85
125
178
55
76
106
137
126
132
66
140
262
164
122
113
116
76
127
46
174
102
130
126
121
100
122
262
76
132
128
105
136
130
63
126
224
263
74
29
111
55
56
97
151
138
118
77
179
90
117
367
368
390
272
369
147
364
364
365
435
148
91
365
362
410
392
364
137
76
418
113
108
94
150
252
52
316
304
308
190
294
92
143
120
122
234
225
322
29
239
181
52
148
75
199
78
430
293
193
104
75
43
84
125
178
51
75
105
136
125
131
66
140
261
164
121
113
116
75
127
46
174
102
129
126
120
100
121
262
76
131
128
105
136
130
62
125
224
262
73
29
111
76
56
97
150
138
117
76
179
90
116
