94
452
432
161
309
310
434
310
425
310
339
434
310
338
332
331
434
434
437
434
435
396
433
307
433
335
341
205
307
306
485
369
431
342
431
326
399
338
305
478
214
432
417
354
326
304
304
304
426
205
406
328
485
397
304
232
375
184
378
216
26
250
42
150
304
331
134
120
321
463
325
356
359
178
341
158
232
161
164
304
194
55
254
361
153
372
44
244
487
486
212
318
321
134
41
180
124
192
85
67
183
54
262
43
262
85
30
166
156
207
24
48
101
37
194
198
64
154
74
196
145
190
136
166
72
202
154
155
113
175
187
181
117
184
146
135
189
207
186
259
244
205
204
175
121
263
61
175
190
184
169
191
183
136
119
170
122
188
176
144
215
188
227
183
196
147
197
201
135
113
227
203
182
223
200
193
193
186
178
157
101
238
34
49
158
211
146
178
175
451
432
161
309
310
433
310
425
310
338
434
310
338
332
331
434
434
437
434
435
396
433
307
433
334
341
205
307
306
485
369
430
341
431
325
398
337
305
477
213
432
416
354
325
304
304
304
425
205
406
327
485
396
304
232
375
184
378
215
26
249
42
149
304
331
133
119
321
462
324
355
359
178
341
158
232
161
164
304
194
54
254
360
153
372
44
243
487
486
212
318
321
133
40
179
124
192
85
67
182
54
262
43
262
85
30
166
156
207
24
48
101
37
193
197
64
154
74
196
144
190
136
166
72
201
154
154
113
175
186
181
117
183
146
135
188
207
186
259
243
205
204
175
121
263
60
174
190
184
169
191
182
136
118
170
121
187
175
143
215
188
227
182
195
146
196
201
134
113
227
202
182
222
200
192
192
185
178
157
100
237
34
49
158
211
145
177
175
