97
452
432
434
338
310
310
310
339
434
311
437
310
335
434
427
434
435
434
335
433
307
396
161
205
431
368
307
306
478
336
431
485
327
345
305
326
397
338
432
121
427
427
341
214
355
417
327
259
178
431
304
426
326
139
303
476
325
378
485
304
406
304
150
204
216
324
123
226
272
462
375
26
426
304
406
250
361
47
321
304
110
158
155
54
232
372
305
361
253
153
452
134
188
178
365
165
257
181
123
183
166
54
70
81
262
85
24
101
43
151
24
259
48
193
37
205
75
151
198
191
190
154
201
136
166
184
193
113
72
165
156
120
175
181
181
133
189
246
235
140
146
205
186
262
224
190
144
205
204
190
214
244
199
205
184
60
259
121
190
189
178
136
148
213
190
263
184
168
119
225
176
202
170
190
119
227
220
241
113
201
192
227
157
110
147
190
178
192
179
184
200
211
181
234
451
432
433
337
309
310
310
338
434
311
437
310
335
434
426
434
434
434
335
433
307
396
160
204
431
368
306
305
478
336
430
485
326
345
305
325
397
337
432
120
427
427
341
214
354
416
327
259
177
431
303
425
325
138
303
476
325
378
485
303
406
303
149
203
216
323
122
225
271
461
375
25
426
304
406
249
360
46
321
304
110
158
155
53
232
372
305
361
252
152
451
133
187
177
365
165
256
181
123
182
166
54
69
80
262
84
24
100
43
151
24
259
47
192
37
204
74
150
197
191
189
154
201
135
165
183
192
112
72
165
156
120
174
181
181
133
188
246
235
140
146
204
186
262
223
190
144
204
203
189
214
244
198
204
184
59
258
121
189
189
178
136
148
212
190
262
183
168
118
225
175
201
170
189
119
226
220
240
112
201
191
227
157
110
147
189
178
191
179
183
199
210
180
233
