74
452
432
310
434
310
161
310
434
311
338
310
434
435
437
434
425
434
434
205
478
304
431
431
327
485
306
302
305
427
427
432
341
345
462
417
205
485
213
426
150
216
184
476
26
406
232
121
178
397
250
378
232
327
361
426
47
134
161
158
406
54
164
436
244
452
153
250
253
134
303
487
487
42
161
180
124
54
183
34
192
67
85
24
166
78
34
194
101
48
262
70
58
190
184
256
154
113
165
72
88
211
117
232
246
135
141
156
180
190
175
61
152
204
189
136
191
199
119
121
184
188
201
174
170
184
227
175
147
220
119
215
204
112
202
192
182
208
238
190
178
132
190
178
176
34
49
176
255
451
431
310
434
309
161
310
434
311
337
310
434
435
436
434
425
434
434
204
478
305
431
430
326
484
306
302
304
426
427
432
341
344
462
416
204
485
212
426
150
215
184
476
25
405
232
121
178
397
250
380
231
327
361
425
46
133
161
158
408
54
163
435
244
451
153
249
252
134
301
487
487
42
161
180
124
53
182
33
191
67
84
24
165
77
33
194
101
47
262
69
57
189
184
252
154
113
164
72
87
211
117
231
246
135
140
155
180
190
174
61
151
204
189
136
190
199
118
121
183
188
201
173
169
172
227
175
147
219
119
214
203
111
196
191
181
208
238
189
178
132
189
177
181
33
49
175
254
