86
370
59
176
371
268
368
370
106
481
289
309
372
371
429
337
59
253
184
195
168
357
407
175
395
370
76
368
412
338
370
186
347
368
323
369
61
190
284
285
323
284
285
325
283
285
154
139
284
387
283
163
285
455
46
372
313
174
286
387
229
213
213
373
29
257
455
430
288
241
158
153
187
313
260
430
288
79
276
118
239
193
106
477
455
173
452
47
111
184
27
183
126
65
118
106
38
213
37
94
101
86
121
190
47
45
52
56
46
195
142
75
118
171
56
251
255
115
56
159
86
201
101
126
139
68
55
106
78
215
48
164
109
114
149
76
123
141
95
96
39
116
223
127
198
97
206
121
47
106
54
34
75
83
239
47
48
197
68
57
44
47
262
90
206
123
210
199
73
120
85
148
193
369
59
176
371
268
368
369
105
481
289
308
372
371
429
337
59
253
184
195
167
357
407
175
395
369
75
367
412
338
370
185
347
367
323
369
61
189
284
285
323
284
285
325
283
285
153
139
284
387
283
163
285
455
45
372
313
174
286
387
229
213
213
373
29
257
454
430
288
240
158
153
187
313
260
430
288
79
276
118
239
193
106
477
454
172
452
47
110
184
26
182
126
65
118
105
37
212
37
93
100
85
121
189
46
44
51
55
46
194
138
74
117
174
56
251
254
114
55
159
85
201
101
126
138
68
54
106
78
215
48
164
109
113
149
76
123
141
94
95
38
116
222
126
197
97
205
120
46
105
54
33
75
83
239
46
48
197
67
56
44
47
261
89
206
122
209
199
72
119
84
147
193
