98
401
451
216
446
445
403
203
415
216
266
216
293
221
451
42
216
216
213
69
64
216
401
447
263
97
349
447
223
67
410
204
313
85
141
37
84
219
73
430
98
405
234
36
240
378
59
77
85
258
203
341
224
313
475
221
486
264
222
364
216
399
329
223
478
329
221
206
66
243
293
82
210
391
184
444
293
403
351
201
56
476
217
365
258
264
277
464
383
193
418
57
393
377
203
390
138
233
135
72
60
160
72
87
82
59
42
178
76
205
28
76
107
109
191
226
26
103
64
215
41
97
66
109
107
260
58
79
24
76
39
55
70
85
40
109
91
34
91
101
96
97
82
82
104
69
91
91
25
26
124
24
98
48
73
106
98
97
238
31
33
34
86
46
86
112
119
33
38
104
91
80
37
233
90
62
97
101
115
73
256
24
37
48
79
60
105
52
77
87
101
72
48
90
82
39
101
400
450
216
445
444
403
203
415
216
266
216
293
220
450
41
216
216
213
69
63
216
400
447
263
97
348
446
223
66
410
204
312
85
141
37
83
218
72
430
98
405
233
36
240
378
58
77
85
257
202
341
224
312
475
221
486
263
222
364
216
399
328
223
477
329
221
206
65
243
293
81
209
391
183
443
293
402
351
200
56
475
217
365
257
264
276
464
383
193
418
56
393
376
203
389
138
233
135
72
59
160
72
86
81
58
42
178
76
205
27
75
106
108
191
225
25
103
64
214
40
97
65
109
106
259
57
79
24
75
39
54
69
85
40
109
91
33
91
101
95
96
81
81
104
69
91
90
24
25
124
24
97
48
72
105
98
96
238
31
33
33
85
45
85
112
119
33
37
104
90
80
36
233
90
61
96
101
115
73
256
24
37
47
79
59
104
52
77
87
101
71
48
89
81
38
100
