92
450
446
216
401
207
290
266
221
42
216
64
213
451
404
401
415
223
445
217
67
486
447
70
73
204
39
85
406
406
349
36
97
219
342
430
263
84
478
98
444
78
313
85
141
221
475
224
235
313
380
203
258
60
240
243
329
83
66
200
221
377
364
300
351
158
393
221
292
259
403
223
57
329
209
181
203
390
233
193
265
133
396
476
56
446
242
365
256
382
383
205
264
61
72
160
72
56
31
76
76
109
189
64
26
107
82
41
42
58
87
226
79
73
97
102
91
76
94
55
27
98
107
81
109
109
27
34
66
40
86
91
236
69
42
91
70
123
98
98
96
24
83
25
91
104
82
33
33
104
119
102
44
73
97
29
97
91
101
86
90
37
62
34
87
46
90
37
46
80
39
52
106
101
30
73
114
251
107
108
80
36
105
112
49
450
446
215
401
207
290
265
221
42
215
63
213
451
404
401
414
223
445
216
67
485
446
70
73
203
38
85
405
406
349
35
97
219
341
429
263
83
478
98
443
78
312
85
140
220
475
224
234
312
380
203
258
59
240
243
328
83
66
200
220
377
363
300
350
158
392
221
292
258
403
222
56
329
208
181
202
390
233
192
265
132
395
475
56
445
241
365
255
382
382
204
264
60
71
160
71
55
31
76
76
109
191
64
26
107
81
40
41
57
86
225
78
73
97
102
91
75
93
54
26
98
107
80
108
108
27
34
65
39
86
90
235
69
42
91
69
122
97
97
95
24
83
24
90
103
81
32
32
104
118
101
44
73
96
28
96
91
101
85
90
37
62
34
87
46
89
37
45
80
38
51
106
101
30
72
114
250
106
107
79
36
105
111
49
