86
129
393
109
86
258
476
454
132
425
71
325
394
56
85
132
132
459
337
58
68
294
245
319
105
401
256
463
101
174
306
306
339
431
441
398
394
338
97
70
196
142
443
136
115
321
186
296
313
157
393
412
93
300
407
407
465
73
304
75
379
115
478
356
164
86
455
359
341
132
314
316
385
151
189
313
448
244
444
486
257
340
296
33
347
421
375
118
238
61
55
63
33
43
61
28
44
42
42
59
40
31
42
261
35
44
55
38
59
32
73
248
41
33
51
63
24
55
185
44
28
227
53
49
63
65
65
28
41
81
47
53
70
28
258
68
261
32
76
68
43
258
44
24
43
34
241
71
254
26
54
66
73
43
209
71
42
63
29
57
36
248
250
42
263
26
51
197
57
52
238
63
205
127
392
109
86
257
476
453
131
424
71
324
394
56
85
131
131
459
336
58
68
294
245
318
105
401
256
463
101
174
305
306
339
430
440
398
393
337
97
69
195
142
442
135
115
321
186
296
312
156
393
411
93
299
406
406
465
73
304
75
379
115
478
355
163
86
455
359
340
131
313
315
385
150
189
312
447
244
443
486
257
339
296
33
347
420
375
118
237
61
55
63
32
43
61
27
44
41
42
59
40
31
42
260
35
44
55
37
59
32
73
248
41
33
50
63
24
55
184
43
28
226
53
49
63
65
64
27
40
80
46
52
69
27
257
67
261
32
76
68
43
258
44
24
42
34
240
71
253
25
54
66
73
43
208
70
42
63
29
56
35
248
252
42
262
25
51
196
56
51
238
62
205
