89
393
129
476
76
129
89
258
85
114
131
458
424
325
132
458
56
431
69
27
317
136
336
34
129
98
140
114
245
101
66
66
46
55
97
300
338
394
41
476
173
466
441
129
255
337
67
141
446
399
401
399
277
306
130
47
299
111
130
196
394
92
46
73
131
316
36
86
165
157
194
379
448
130
298
184
341
393
131
487
256
357
487
375
94
223
151
455
381
344
238
118
34
41
172
43
63
55
61
30
41
28
42
61
259
59
44
52
260
32
246
35
245
184
253
51
73
59
52
249
62
239
49
64
40
188
42
263
24
63
31
28
199
40
49
260
27
261
228
248
215
261
55
211
224
29
50
259
65
53
76
250
31
41
62
235
66
53
66
75
240
46
229
65
75
209
258
71
70
51
42
53
205
241
82
56
73
250
238
392
128
476
76
129
89
258
85
113
130
458
424
325
132
457
56
430
68
27
317
135
336
34
129
97
140
114
245
100
65
65
45
54
97
299
337
393
41
476
173
466
440
129
255
336
66
141
445
398
401
399
277
305
129
47
299
110
129
196
393
92
45
73
131
316
36
86
165
156
194
378
448
130
298
184
341
393
131
486
256
357
486
375
93
222
150
454
381
343
237
117
34
40
171
43
63
55
60
29
40
28
41
60
259
59
44
52
259
32
246
34
244
183
253
50
72
58
52
249
62
238
48
63
40
187
41
262
24
63
30
28
199
39
49
260
26
260
227
247
214
260
54
210
223
28
50
258
65
52
75
249
31
41
62
234
66
53
65
74
240
45
228
65
75
209
257
71
70
51
42
52
204
241
81
56
73
249
238
