39
452
161
434
310
310
310
437
396
427
205
478
341
326
338
305
431
307
124
214
427
462
325
378
417
178
250
216
150
331
375
110
55
272
232
134
453
178
188
158
180
191
183
54
78
43
101
196
259
190
184
143
171
181
120
141
88
194
146
246
180
205
184
189
190
170
136
189
144
169
241
192
263
227
179
192
200
184
113
450
159
432
307
308
307
435
393
424
204
476
339
325
335
302
428
305
122
212
425
460
322
376
414
175
249
214
148
329
371
110
53
270
231
133
452
176
186
156
180
191
182
60
74
51
101
195
258
192
186
143
168
183
126
134
88
194
145
246
180
202
183
189
189
175
136
188
144
171
231
192
262
229
179
189
200
184
113
