93
401
450
446
266
216
290
445
403
208
216
415
447
64
400
221
214
205
70
350
216
67
42
263
39
452
223
216
36
85
97
141
430
60
235
407
73
264
98
219
313
377
341
203
475
240
406
84
85
444
225
329
210
478
313
66
79
222
220
258
224
300
292
184
377
205
56
244
397
221
364
77
196
200
277
158
366
464
133
391
403
217
351
259
264
329
393
57
476
185
88
383
175
390
72
61
72
76
160
31
87
82
59
178
41
99
64
41
77
26
76
102
108
193
79
109
66
93
109
58
216
81
55
109
70
37
104
96
27
91
106
91
109
42
83
26
25
98
82
98
40
91
239
33
33
91
86
24
119
69
98
46
91
124
29
90
37
73
109
115
25
31
87
97
81
55
99
78
91
24
60
101
79
62
260
97
37
48
46
101
87
74
50
25
105
25
90
400
450
445
266
216
289
444
402
207
215
415
446
63
399
220
213
204
70
349
216
66
41
263
39
451
223
215
35
84
97
140
430
59
234
407
72
263
98
218
312
377
340
203
474
240
405
83
84
444
225
329
210
477
312
66
78
222
220
258
223
300
291
184
376
204
55
243
397
220
363
76
195
199
276
158
365
463
132
390
402
216
350
258
263
328
392
56
475
184
88
382
175
389
71
61
71
76
160
31
87
82
58
177
41
99
64
41
76
25
75
102
107
189
79
109
66
93
109
58
215
81
55
109
70
37
103
95
27
91
106
91
109
42
83
26
25
98
82
97
39
91
238
32
33
91
85
24
119
69
98
45
91
123
28
90
37
72
108
115
24
31
86
96
81
54
98
77
91
24
59
101
78
62
259
96
36
48
45
100
87
74
50
24
104
25
90
