96
452
432
161
434
338
310
310
434
335
310
311
310
426
331
434
435
339
437
434
434
396
433
307
369
205
335
431
307
478
307
431
327
485
338
305
326
427
432
399
345
341
214
427
327
303
305
356
431
326
417
204
304
304
426
304
485
378
184
476
216
406
226
463
150
26
304
397
427
324
250
161
134
321
163
325
375
359
272
47
31
372
406
232
158
361
253
153
119
212
452
436
348
134
137
485
69
180
123
192
183
166
67
54
85
151
81
24
43
262
207
24
194
262
101
48
37
196
67
148
202
190
196
154
160
184
136
113
162
72
182
117
175
235
133
184
156
141
146
246
262
244
171
205
144
186
186
178
259
205
204
190
60
184
191
196
136
121
187
181
188
119
220
174
223
148
170
204
215
227
182
196
168
195
263
119
195
157
202
228
113
147
190
178
185
158
192
210
169
176
195
49
238
451
432
161
433
338
310
310
434
335
310
311
310
425
330
434
434
339
437
434
434
395
433
307
369
204
334
431
307
478
307
431
326
484
337
305
325
427
432
399
345
341
214
427
327
303
304
355
431
325
416
204
304
304
425
303
485
377
183
476
216
405
226
463
150
25
304
396
426
324
249
160
133
321
162
324
374
358
272
46
30
371
406
231
158
361
252
152
118
211
451
435
347
133
136
485
68
179
123
192
182
166
67
54
85
151
81
24
43
262
206
24
193
262
101
48
37
195
67
148
202
189
196
154
160
183
136
113
162
71
182
117
175
234
133
184
155
141
146
245
261
244
170
205
144
186
186
178
258
205
203
190
60
183
190
196
136
121
186
181
187
118
220
174
222
148
169
203
215
227
181
195
167
194
262
119
194
156
201
228
113
147
189
178
185
157
191
209
169
175
194
49
238
