93
451
447
217
267
402
210
445
39
415
64
222
295
214
217
401
207
404
217
465
74
453
431
68
71
406
141
79
223
447
210
43
264
241
262
221
226
236
98
349
476
378
99
85
222
224
314
36
66
84
330
222
400
217
222
85
61
245
331
204
206
267
308
343
158
259
87
478
134
218
482
357
74
184
262
385
195
139
403
293
295
84
243
175
296
359
477
89
391
58
234
56
278
372
61
72
160
76
72
59
86
93
42
61
77
29
26
202
41
76
82
226
59
88
106
37
76
102
98
70
69
57
96
91
109
66
82
96
112
102
96
106
105
98
82
91
55
87
34
39
77
119
104
33
44
31
238
123
94
104
25
46
25
109
106
28
27
88
86
37
86
101
257
257
93
58
37
42
103
52
82
62
39
95
79
107
25
85
104
74
25
80
87
39
114
79
111
450
446
216
267
402
210
444
39
414
63
221
294
213
217
400
206
404
216
464
73
452
430
67
70
406
140
78
222
446
209
43
264
240
262
221
226
236
98
348
476
377
98
84
221
223
313
36
65
83
329
221
399
216
222
85
61
244
331
203
206
267
307
343
158
259
86
477
133
217
482
356
74
183
261
385
194
138
403
292
294
83
242
174
295
358
477
88
390
57
233
55
278
372
61
71
160
76
71
58
85
93
41
61
76
29
25
205
41
76
81
225
58
87
105
37
76
102
97
69
69
57
95
91
109
65
81
96
112
101
96
106
104
98
82
90
55
87
33
38
77
118
103
33
44
30
237
123
93
103
25
45
24
109
105
28
27
88
85
36
85
100
256
257
92
58
37
41
102
52
81
61
38
94
78
106
24
85
104
74
24
79
87
39
114
79
110
