96
393
129
476
109
129
71
132
132
258
86
424
130
454
326
85
394
62
459
337
140
34
27
55
245
300
401
99
130
105
316
463
255
46
432
72
305
398
130
48
135
174
41
394
130
37
101
441
339
49
345
97
306
337
60
142
131
130
193
443
28
115
196
69
94
131
412
393
130
276
300
321
136
74
157
72
379
407
359
444
164
465
86
313
316
356
341
189
115
456
132
340
93
132
385
487
478
238
118
33
61
157
44
28
61
63
55
28
175
42
40
40
42
64
261
35
51
245
259
49
59
40
248
256
187
73
31
32
41
248
44
55
24
227
205
238
248
63
263
53
48
235
51
28
185
224
226
63
55
50
263
29
236
259
75
41
24
47
65
253
244
226
34
261
215
261
68
53
82
31
66
65
241
258
43
263
54
44
66
252
63
26
209
37
71
76
38
197
76
71
29
58
254
392
129
475
108
129
71
131
131
257
86
424
130
453
326
85
394
62
458
337
139
34
26
54
244
299
400
99
130
105
315
462
254
46
431
72
304
397
130
48
135
173
40
394
130
37
100
440
338
49
345
97
305
337
60
141
130
130
193
442
27
115
196
69
94
130
411
393
129
276
299
320
135
74
156
72
378
406
358
444
163
465
86
313
315
355
341
188
115
455
131
340
93
132
385
486
477
238
118
32
60
157
44
27
60
63
55
28
175
42
40
40
41
63
261
35
51
244
259
48
59
40
248
255
187
73
31
31
40
247
43
55
24
226
205
237
248
63
262
53
47
235
50
28
185
223
226
63
54
49
262
29
235
258
74
40
24
46
65
252
244
226
34
261
215
261
67
53
82
30
66
65
241
258
43
262
54
43
66
252
63
25
208
36
70
76
37
197
76
71
28
57
254
