47
394
129
327
137
258
132
476
316
394
88
98
423
299
339
465
101
174
306
190
401
137
449
443
85
459
277
142
130
432
394
299
42
187
134
338
70
164
157
151
73
406
484
449
412
345
385
225
238
133
39
246
60
28
33
31
42
38
64
28
40
182
30
51
63
55
61
248
80
46
28
63
258
261
27
217
48
53
65
263
71
111
48
68
54
66
56
31
48
52
247
29
238
29
80
403
138
336
147
267
141
486
326
403
97
108
432
308
348
474
110
183
315
199
410
147
458
453
95
468
286
152
140
441
403
309
51
196
142
347
79
173
166
160
81
416
478
459
423
354
394
235
238
135
38
245
59
27
32
31
41
37
64
28
40
182
29
51
62
54
60
248
79
45
27
63
257
260
27
214
47
52
65
262
71
110
47
67
54
66
55
30
47
55
244
31
238
29
79
