100
393
129
476
109
129
71
129
132
132
258
86
424
130
454
326
129
85
394
62
337
459
140
34
27
55
245
300
99
401
130
105
316
48
463
255
432
72
398
305
130
135
174
40
394
41
130
101
441
339
50
46
345
97
306
337
60
142
131
193
443
28
116
196
130
69
94
131
412
130
276
393
300
321
136
74
312
157
72
487
359
407
382
164
465
86
313
316
356
341
189
115
444
380
455
132
340
478
93
385
132
238
118
33
61
157
44
136
28
61
63
55
28
175
42
40
147
40
42
64
35
261
51
245
259
49
59
40
256
248
187
73
31
239
32
41
44
55
227
24
205
248
63
229
53
263
48
51
28
185
224
250
226
63
55
50
263
29
236
75
41
24
47
65
259
253
244
226
34
215
261
261
68
53
82
31
263
66
65
70
43
258
250
54
44
66
252
63
26
209
37
71
263
240
73
38
197
254
76
29
71
393
129
476
109
129
71
129
132
132
258
86
424
130
454
326
129
85
394
62
337
458
140
34
27
55
245
300
99
401
130
105
315
48
463
255
432
72
398
304
130
135
174
40
394
41
130
101
441
339
50
46
345
97
306
337
60
142
131
193
443
28
116
196
129
69
94
131
412
129
276
393
300
321
136
74
312
157
72
487
359
407
382
164
465
86
313
316
356
341
189
115
443
380
455
132
340
477
93
385
132
238
118
33
61
157
44
136
28
61
63
55
28
175
42
40
147
40
42
64
35
261
51
244
259
49
59
40
256
248
187
73
31
238
32
41
44
55
227
24
205
247
63
229
53
263
48
51
28
185
223
249
226
63
55
50
263
29
235
75
41
24
47
65
259
253
244
225
34
214
261
261
68
53
82
31
263
66
65
70
43
258
250
54
44
66
252
63
26
209
37
71
262
240
73
38
197
254
76
29
71
