92
451
216
446
401
445
403
203
293
216
266
414
221
42
64
451
213
69
401
447
97
67
349
39
204
223
85
141
36
314
263
219
430
77
406
98
84
73
378
235
59
85
240
444
258
203
341
475
224
264
222
486
364
221
398
293
206
223
329
478
243
66
217
221
82
330
210
391
158
184
476
351
201
56
292
403
263
377
258
464
447
277
392
193
203
57
390
382
233
133
138
77
243
60
160
72
72
87
82
59
28
188
76
42
76
109
61
107
26
103
41
97
109
79
107
93
76
58
55
70
82
39
66
109
34
69
98
91
40
91
82
96
104
91
82
236
91
25
26
98
124
106
98
73
97
48
31
38
112
34
46
86
33
119
259
86
104
32
91
80
91
37
73
97
101
115
89
62
48
72
37
58
262
79
101
52
48
87
90
105
39
101
82
81
237
451
215
446
401
445
403
203
292
216
265
413
221
41
64
450
212
69
401
447
97
66
348
38
204
223
84
141
36
314
262
218
430
76
405
98
83
73
378
234
58
85
239
444
257
203
341
474
223
263
221
486
364
221
398
293
205
222
329
477
242
66
216
220
82
330
209
391
158
184
475
351
201
56
292
403
263
377
258
464
446
276
392
193
203
56
389
382
232
133
138
77
251
60
159
72
72
87
81
58
28
191
76
41
75
108
60
106
25
103
40
97
109
79
106
92
76
57
54
69
82
38
65
108
34
69
98
91
39
91
82
95
104
91
82
236
91
24
25
98
124
106
98
72
97
48
30
37
111
34
45
86
32
119
259
85
104
31
90
80
91
37
73
96
100
115
89
62
47
71
36
58
262
79
101
52
48
87
89
105
39
101
82
81
237
