99
393
129
476
109
129
71
129
132
132
258
86
424
130
454
326
129
85
394
62
337
459
140
34
27
55
245
300
99
130
105
401
46
316
463
255
432
37
72
398
305
130
136
174
394
48
130
101
441
50
339
345
40
97
306
336
60
142
131
131
193
28
443
116
196
69
131
94
276
412
312
393
300
321
136
74
157
72
487
359
407
382
164
465
86
316
313
356
341
189
115
380
444
455
132
340
93
385
132
478
238
118
33
61
157
44
136
28
61
63
55
28
175
42
40
147
40
42
64
35
261
51
248
260
49
59
40
256
187
73
248
248
31
32
41
44
238
55
227
24
205
246
63
53
238
48
51
28
224
185
226
226
63
55
50
263
29
236
256
75
24
41
47
65
253
223
244
261
34
263
261
68
53
82
31
66
65
70
43
258
250
54
44
66
63
252
26
209
37
71
240
263
73
38
197
76
29
71
254
393
129
476
109
128
71
129
132
132
258
86
424
130
454
326
128
85
394
62
337
459
140
33
26
55
245
300
99
130
105
401
45
315
462
255
432
36
72
398
304
130
136
174
394
47
130
101
441
50
339
344
39
97
306
336
59
142
131
131
193
28
443
116
196
68
130
94
275
412
312
393
300
321
136
74
157
72
487
358
407
382
164
465
86
316
313
356
340
189
115
380
444
455
132
340
93
385
132
477
238
118
33
61
156
44
136
28
61
63
55
28
175
42
40
146
40
42
64
34
260
51
247
260
49
59
40
256
187
73
248
247
31
31
41
44
237
55
226
24
204
246
63
53
238
48
51
28
224
185
226
226
63
55
49
262
29
236
255
75
24
41
47
65
252
223
244
261
34
263
261
68
53
82
31
66
65
70
42
258
250
54
43
66
63
252
26
208
37
71
240
262
73
38
197
76
29
71
254
