39
336
453
116
461
332
332
460
453
335
109
456
106
389
334
242
392
61
357
213
448
462
332
376
121
79
46
472
64
374
91
161
277
399
81
221
267
242
331
456
43
214
76
152
137
103
75
226
127
64
64
76
128
220
260
138
140
81
178
79
88
166
140
126
100
129
81
130
89
101
132
77
121
176
122
48
179
79
174
321
440
101
446
317
317
445
437
320
94
441
91
375
321
230
377
46
342
199
436
446
317
361
106
64
31
458
49
357
76
146
261
384
65
206
252
226
316
441
43
220
75
152
136
102
74
222
127
64
64
75
130
213
259
134
140
81
177
76
91
166
142
126
99
128
80
130
82
101
132
76
121
176
121
48
179
79
174
