88
370
367
59
370
367
200
175
369
106
288
366
186
58
429
304
370
220
317
370
367
367
283
368
368
368
283
367
152
370
356
314
282
167
257
337
213
407
60
346
255
327
285
274
253
285
394
414
165
321
294
75
175
284
191
454
190
284
325
478
45
212
338
385
201
210
77
385
452
369
356
157
286
260
297
133
293
284
480
257
283
335
173
371
164
186
286
454
116
46
141
111
26
120
47
186
65
118
35
130
117
121
100
124
94
199
82
36
179
168
47
221
257
233
125
156
115
75
57
56
106
53
33
84
118
46
101
55
188
86
68
207
131
165
142
56
141
126
213
118
199
95
128
88
45
84
56
117
39
47
230
77
121
197
90
96
193
246
100
48
225
173
194
172
122
198
106
50
152
127
129
106
82
68
261
76
119
369
367
58
369
366
199
175
368
106
288
365
186
58
428
304
369
220
317
370
367
367
283
368
368
368
283
367
152
370
355
314
281
167
256
336
212
406
59
346
255
326
285
274
253
284
393
413
165
320
294
75
174
284
191
454
190
284
325
477
44
211
338
385
201
210
77
384
451
369
355
157
286
260
297
133
293
284
480
257
283
334
173
370
163
185
285
454
116
46
141
111
25
120
46
186
65
117
35
130
117
120
100
123
93
199
82
35
179
168
46
220
256
233
125
155
115
75
56
56
105
53
33
84
117
46
101
54
188
86
68
207
131
164
142
56
141
125
213
117
199
95
128
87
44
84
56
117
38
46
229
77
120
197
89
95
193
245
100
48
224
172
194
171
121
197
106
50
152
126
128
105
82
67
260
76
118
