97
451
266
401
446
216
445
290
403
208
415
216
221
216
64
447
214
400
216
205
350
67
36
216
216
70
42
97
85
39
223
452
341
264
141
73
235
407
220
203
98
406
313
430
265
378
85
60
329
240
84
475
79
444
478
222
224
300
217
481
220
224
210
83
262
133
244
58
292
464
397
205
184
366
221
377
159
364
196
78
403
264
277
351
217
259
200
175
329
419
476
390
185
393
339
256
390
88
61
76
72
72
160
87
31
82
60
41
175
76
205
64
99
26
41
226
76
108
79
81
188
216
102
109
109
55
93
58
109
26
66
70
91
96
27
109
25
91
98
42
37
106
83
91
104
33
82
40
98
69
239
86
98
34
29
238
221
46
124
91
104
94
101
25
114
90
60
31
109
37
24
86
73
91
97
55
81
62
48
78
97
256
37
99
25
46
77
74
79
50
101
49
83
90
25
450
266
400
445
216
444
290
402
208
414
216
220
215
64
446
214
400
215
204
350
67
36
216
215
70
42
97
85
39
223
451
340
264
141
73
234
407
219
203
98
405
313
429
265
377
85
60
328
239
84
474
79
444
478
222
224
300
216
480
220
223
209
83
262
133
244
58
292
463
397
204
184
366
221
376
159
364
196
77
402
264
277
351
217
259
200
175
328
418
475
389
185
392
338
256
389
88
61
76
72
71
160
86
31
82
60
40
175
75
204
63
99
26
41
226
75
107
79
81
188
215
102
108
109
55
92
58
109
26
66
70
91
95
27
109
25
90
98
41
37
105
83
90
103
32
81
40
97
69
238
85
98
34
29
238
221
46
124
90
104
93
101
25
114
90
60
31
108
37
24
85
72
91
97
55
80
61
48
78
96
256
37
99
25
46
77
74
78
50
101
48
83
90
25
