85
393
129
75
85
475
131
458
114
257
325
424
89
129
132
97
341
65
394
58
431
384
336
70
462
33
135
27
114
55
98
131
46
441
316
141
297
129
459
129
337
397
68
101
255
394
245
67
300
173
46
38
27
448
130
242
189
111
276
130
130
86
306
316
157
75
93
357
298
192
45
151
224
328
487
255
131
188
455
165
319
477
59
356
332
392
238
117
41
55
33
28
43
62
63
42
28
43
148
61
67
208
251
42
62
44
250
35
52
33
245
247
259
73
52
253
43
242
28
32
27
28
199
261
184
49
227
62
53
40
53
59
261
40
63
221
232
24
46
259
132
61
52
261
226
211
66
55
62
66
31
241
43
65
75
252
56
82
216
70
51
71
37
73
53
52
252
42
25
240
28
392
129
74
84
475
131
458
114
257
324
424
88
129
131
96
340
65
394
58
431
385
335
69
461
33
135
27
113
54
98
131
46
440
315
141
296
129
458
129
336
397
67
101
255
394
245
67
300
173
46
38
26
447
130
252
189
111
276
130
130
85
305
315
156
74
93
356
297
192
45
150
224
330
487
255
130
188
454
165
319
476
58
355
332
391
238
116
40
54
33
27
43
61
63
41
28
43
145
60
66
207
250
41
62
43
247
34
51
33
245
247
259
73
52
253
42
241
28
32
27
27
199
261
184
49
226
62
53
39
53
59
261
39
63
221
231
24
45
259
129
61
52
260
225
211
65
54
61
65
30
240
43
65
74
252
56
82
213
70
51
70
37
72
53
51
251
42
24
242
28
