98
401
451
446
266
216
445
403
290
208
415
216
447
216
64
221
214
400
216
70
350
205
36
67
42
263
216
216
97
39
452
85
223
141
486
73
235
430
60
203
341
406
98
220
410
313
264
378
85
475
240
84
329
478
444
210
224
79
224
222
217
300
220
262
400
83
292
205
244
66
464
135
221
56
184
377
364
366
159
196
78
403
277
200
217
351
264
259
329
175
419
390
476
185
393
339
57
88
383
72
61
72
76
160
87
82
31
59
41
175
99
205
64
76
26
41
226
102
108
76
81
79
109
66
188
216
109
93
109
55
58
70
73
91
96
37
104
25
26
98
91
109
24
42
106
83
91
98
82
40
33
86
239
91
124
69
34
98
238
29
46
94
31
104
90
109
25
119
60
101
87
115
37
73
97
24
91
55
81
62
78
99
260
97
48
37
46
25
77
79
74
50
101
49
87
25
105
401
450
445
266
216
445
403
290
208
415
216
447
216
63
221
214
400
216
70
350
205
36
66
41
263
216
216
96
39
452
85
223
141
486
73
235
430
59
203
340
406
98
220
410
313
264
378
85
474
240
84
328
477
443
210
224
79
224
222
217
300
220
262
400
83
292
205
244
66
463
135
221
55
184
377
364
366
159
196
78
403
277
200
216
351
264
259
328
175
419
390
475
185
393
338
56
88
383
72
61
72
76
160
86
82
31
59
41
175
99
205
64
76
26
41
226
102
108
76
80
79
109
66
188
216
108
92
109
55
58
70
72
91
96
37
104
25
26
98
91
109
24
41
106
83
91
97
82
40
32
86
238
91
124
69
34
98
238
29
46
94
31
104
90
109
25
118
60
100
87
114
37
73
97
24
91
55
81
62
78
99
260
97
48
37
46
25
77
79
74
50
101
48
87
25
105
