52
197
394
352
200
394
205
357
326
56
395
374
292
217
49
445
340
24
158
305
403
397
392
170
134
354
167
165
432
181
435
133
310
381
342
217
393
148
303
118
119
295
258
455
242
293
251
405
179
423
160
414
326
190
100
96
88
88
72
54
47
31
110
77
44
78
67
85
57
99
38
120
31
77
32
95
53
24
73
84
65
111
98
35
109
100
94
99
123
66
24
100
30
116
44
80
29
34
104
126
51
99
122
89
57
203
402
360
207
402
211
366
335
59
403
380
301
224
56
453
349
32
167
315
411
405
400
179
142
362
175
173
438
190
442
140
319
387
350
226
401
155
311
126
127
304
267
464
248
301
259
414
188
431
168
421
335
193
99
95
87
88
71
53
46
39
110
76
43
78
67
84
56
99
40
120
31
76
31
94
53
24
72
83
64
110
97
34
108
99
93
98
123
65
24
100
30
116
43
79
28
34
104
126
50
98
122
88
56
