87
451
446
266
207
401
451
404
445
221
415
293
401
64
447
70
212
67
42
222
205
60
36
350
486
73
97
235
263
39
141
98
84
478
313
341
259
430
406
219
85
406
378
240
77
475
222
444
220
84
243
66
158
220
364
351
223
210
329
222
259
331
203
396
135
83
201
264
393
286
138
193
202
57
264
292
403
56
464
447
391
181
205
233
377
446
383
277
60
72
76
56
72
107
82
87
76
42
29
41
64
97
102
26
79
109
58
76
104
81
107
73
91
109
96
66
94
70
91
55
86
42
26
91
37
28
109
91
98
82
82
69
98
98
236
123
40
33
119
91
46
97
97
34
91
46
86
37
32
46
30
101
104
102
106
101
94
82
52
25
87
48
39
62
115
58
263
80
34
112
39
72
251
103
79
451
445
265
206
400
450
403
444
220
414
293
401
63
446
70
212
67
42
221
205
60
36
350
486
73
97
234
262
39
140
98
84
477
312
341
259
430
406
219
85
406
378
240
76
475
221
444
219
84
243
65
158
219
363
350
222
209
329
221
259
331
202
395
134
83
201
263
393
286
137
192
202
57
263
292
402
56
463
447
390
180
205
233
377
446
383
276
60
71
76
55
72
107
82
86
75
41
29
40
63
97
101
26
78
109
57
75
103
80
107
72
90
109
95
65
94
69
90
54
86
42
26
91
37
27
108
90
97
81
82
69
97
97
235
123
39
33
119
91
45
96
96
33
90
46
85
36
31
45
30
101
104
102
106
101
93
82
51
24
87
47
39
61
115
58
262
80
33
111
39
71
251
103
79
