85
393
85
130
128
75
475
423
257
114
128
131
85
395
458
324
400
58
97
26
69
135
59
465
130
431
33
314
46
66
114
338
337
441
173
35
129
27
297
68
99
140
129
41
255
448
337
294
244
99
396
66
276
316
188
165
343
157
312
384
342
394
86
256
73
306
357
74
109
487
192
151
406
379
485
298
356
446
487
131
312
413
394
95
455
477
238
55
31
146
41
33
28
63
62
116
61
39
45
42
42
248
62
67
260
52
246
45
30
43
43
248
31
221
253
73
185
35
28
63
238
218
24
28
62
263
27
233
262
40
46
49
39
59
52
227
263
261
62
61
53
221
67
255
29
232
34
66
51
31
54
43
126
52
70
75
56
258
240
26
65
24
262
55
71
42
26
55
42
73
252
392
85
130
128
75
475
422
257
114
128
131
85
395
457
324
399
58
96
25
69
134
58
464
130
430
32
314
46
65
113
337
336
440
172
34
129
27
297
67
98
140
129
40
255
447
336
293
244
99
395
65
275
316
187
164
342
157
312
384
342
393
85
256
73
305
356
81
109
487
192
151
405
378
485
298
356
446
487
131
311
412
394
95
454
476
238
55
31
145
40
32
28
63
61
115
61
39
45
41
41
248
62
66
259
52
245
44
30
43
43
247
31
221
253
72
185
35
28
62
238
217
24
27
62
262
27
239
262
39
46
49
39
59
51
226
262
260
61
61
52
220
67
255
28
231
34
65
50
31
53
42
125
52
70
75
55
257
240
25
65
24
262
55
71
41
25
54
42
73
252
