77
393
476
86
258
325
114
132
425
132
454
76
89
132
245
337
394
56
27
70
459
432
319
463
59
101
66
137
299
97
441
256
174
66
114
380
398
339
306
299
40
403
42
104
99
394
93
46
196
164
443
192
337
111
487
393
412
476
317
466
86
67
298
478
78
157
407
487
188
444
136
420
357
455
132
32
142
344
238
34
55
63
42
61
28
28
61
43
41
41
42
59
35
42
59
260
52
261
44
32
33
45
52
62
246
40
64
28
41
63
262
71
242
228
185
55
29
229
247
263
74
263
53
76
250
65
54
41
75
50
50
70
261
34
24
62
44
66
251
65
252
25
68
258
53
37
263
81
63
37
73
71
49
29
238
392
475
86
257
324
114
132
425
131
454
76
89
131
244
336
394
56
26
70
459
431
318
463
59
101
66
136
298
97
440
255
173
65
114
379
397
339
305
298
43
403
41
104
99
393
93
45
196
163
442
192
337
111
486
393
411
476
316
466
86
66
297
478
77
157
407
486
187
444
135
419
357
455
131
31
142
343
237
34
55
63
42
61
28
27
61
42
41
41
41
58
34
42
59
260
52
261
44
32
33
44
52
61
245
40
64
28
40
63
261
71
241
228
184
55
28
220
246
262
74
262
53
76
250
64
54
41
74
49
50
69
261
34
24
61
44
66
251
65
252
25
68
258
53
37
262
81
62
37
72
71
49
29
238
