96
452
432
434
310
310
338
310
434
437
309
339
434
311
435
310
335
331
434
434
433
396
311
307
205
427
434
166
335
307
368
431
306
122
431
338
478
345
484
326
305
399
304
427
327
431
427
326
341
327
354
304
476
304
126
213
378
462
485
304
204
184
325
434
324
417
406
226
26
426
216
250
360
110
397
232
139
54
75
47
406
260
304
321
453
178
79
153
113
305
375
91
372
356
118
155
158
180
124
183
54
64
166
75
85
101
85
262
24
24
193
34
151
207
37
48
73
196
44
151
190
259
61
187
196
136
202
154
166
190
113
182
184
156
72
171
120
184
256
235
161
141
246
183
141
262
209
205
196
244
209
152
184
180
61
190
178
191
195
208
148
186
121
190
119
220
136
170
188
241
174
228
214
192
233
119
202
216
176
226
192
201
249
178
208
110
168
197
157
147
180
200
112
451
432
433
310
310
338
310
433
437
308
338
434
311
435
310
335
330
434
434
433
396
311
307
204
427
434
166
335
306
368
431
306
122
431
338
478
345
483
325
304
399
303
426
327
431
427
325
341
326
354
303
476
303
126
213
377
461
485
304
203
184
325
433
324
416
406
225
25
426
216
250
360
110
397
232
139
53
75
47
406
260
304
320
452
178
79
152
113
304
374
90
371
356
118
155
157
179
123
182
54
64
165
75
85
101
85
262
24
24
192
34
151
207
37
48
73
195
44
151
189
259
61
187
195
136
202
154
166
189
112
181
183
156
72
170
120
183
255
235
160
141
246
182
141
262
209
204
195
243
208
152
184
179
61
190
178
190
194
208
148
186
121
190
118
219
136
170
188
240
174
228
214
191
232
119
201
216
176
226
192
201
248
178
208
109
168
196
157
147
180
199
112
