98
401
451
446
216
266
290
445
403
216
415
64
207
400
447
216
216
221
70
214
205
223
42
216
349
67
452
263
36
216
38
97
60
84
141
430
410
265
341
235
98
219
203
85
84
73
444
377
313
329
240
405
475
79
478
225
210
102
258
216
222
220
83
66
224
400
377
300
55
292
277
205
184
313
244
364
365
77
135
221
391
196
158
200
402
464
351
393
216
329
259
477
264
185
175
383
57
390
217
72
61
72
160
76
31
87
82
178
41
64
56
41
99
226
205
76
102
26
76
58
109
193
108
79
109
66
81
216
94
109
104
55
70
37
24
106
26
96
88
109
25
91
40
91
239
83
42
33
82
98
98
69
86
33
91
98
91
238
98
47
104
119
124
31
73
29
115
90
78
109
37
24
25
97
24
81
101
87
79
55
91
99
62
60
97
101
253
46
37
73
48
50
25
105
87
90
263
401
451
446
216
266
290
444
403
215
415
63
206
400
446
216
216
220
69
214
204
222
42
215
349
66
452
263
36
215
38
96
60
84
141
429
410
264
341
234
98
218
203
85
84
72
444
376
313
329
240
405
474
79
477
225
209
102
257
215
221
219
82
66
223
400
377
300
54
292
277
204
183
313
243
364
365
77
135
220
390
195
158
200
402
464
351
393
215
329
259
476
264
184
174
383
56
390
216
72
61
72
160
76
31
86
81
177
40
63
55
40
98
225
211
76
102
25
75
58
108
193
107
79
108
66
81
215
94
108
103
54
69
37
24
105
26
96
88
108
25
91
40
91
239
82
42
33
81
98
97
69
86
33
90
97
90
237
97
46
104
119
123
31
73
29
115
90
77
109
36
24
24
97
24
81
100
86
78
54
91
99
61
60
96
101
252
46
37
72
48
49
25
104
87
90
262
