76
452
432
161
309
434
310
310
310
310
310
435
434
335
434
437
434
433
433
433
427
307
485
307
205
431
431
478
345
432
305
427
304
427
341
431
213
378
463
476
205
485
426
426
178
406
232
324
250
216
26
134
120
272
356
55
232
150
436
161
47
453
158
193
253
164
44
153
41
188
134
485
372
178
261
228
244
180
123
192
85
183
54
75
64
43
30
194
85
151
24
101
43
64
75
54
259
154
72
136
190
113
154
184
156
133
123
235
113
246
141
144
152
184
181
196
175
58
217
204
190
121
184
148
170
137
119
215
188
263
147
194
227
188
208
203
119
190
113
200
193
182
101
178
175
187
178
46
157
200
209
196
239
451
432
161
309
434
310
309
310
310
310
435
434
335
434
436
434
433
433
433
427
306
485
307
205
430
430
478
345
431
305
427
304
427
341
430
213
377
463
476
205
485
425
426
178
406
232
323
249
215
26
133
120
271
355
54
231
150
436
161
46
453
157
193
253
163
43
153
41
187
134
485
371
177
261
228
243
180
123
192
84
183
54
74
63
43
30
193
84
150
24
101
43
64
74
54
259
154
72
136
189
113
153
184
155
132
122
234
113
245
140
144
152
187
180
196
174
58
216
204
189
120
184
147
170
137
119
214
188
262
146
193
227
188
207
203
118
189
112
200
193
181
101
178
174
187
178
46
156
199
208
196
238
