91
401
216
451
446
266
290
445
403
415
447
204
42
64
73
216
221
61
400
205
213
223
451
67
263
349
38
36
97
84
141
341
430
83
410
444
313
478
475
98
329
219
406
85
203
378
264
78
223
73
235
210
102
259
240
292
222
220
216
200
364
83
400
277
77
71
184
243
224
377
300
55
75
365
158
402
329
390
65
393
205
351
477
447
221
194
259
264
175
184
383
57
72
160
61
72
76
31
87
82
41
99
59
109
61
224
205
76
104
41
76
26
58
109
79
66
108
94
81
109
55
70
26
37
40
24
236
42
86
98
88
33
109
98
91
25
82
106
69
34
91
96
91
98
91
82
90
98
47
238
101
97
104
31
78
81
102
37
33
124
72
29
115
234
24
91
62
46
79
119
101
111
97
73
262
86
52
37
48
25
50
105
87
401
216
451
446
265
289
445
403
415
447
203
42
64
78
215
220
60
400
204
213
223
451
67
263
349
38
36
96
84
141
340
430
82
410
444
313
477
474
97
329
219
406
84
203
377
264
78
222
72
235
209
101
259
239
292
222
220
216
200
363
83
400
276
76
70
184
243
224
377
299
54
80
365
158
402
328
390
64
392
205
351
476
446
220
193
259
264
175
183
382
56
72
160
61
71
76
31
87
81
41
99
58
108
60
224
196
75
104
41
76
25
57
109
78
65
108
93
81
109
54
70
26
37
40
24
235
41
86
98
88
32
109
97
90
24
82
106
68
33
91
95
91
97
90
82
90
97
47
238
101
96
103
31
78
80
102
37
32
123
72
28
114
234
24
90
61
45
79
118
101
110
97
73
261
86
51
37
48
24
50
105
87
