80
453
432
161
309
310
310
310
310
331
310
434
335
434
338
434
437
434
433
433
433
307
335
485
307
306
205
431
431
477
345
326
327
338
432
305
304
341
304
431
304
213
304
304
205
366
485
476
463
259
406
178
327
232
324
250
216
304
134
26
120
150
356
55
232
161
47
158
193
253
164
44
153
42
396
188
134
485
178
261
228
180
123
192
85
54
75
64
43
207
30
85
151
183
166
24
101
43
64
75
54
151
196
72
136
166
190
113
154
184
156
175
165
181
133
123
113
140
244
144
205
152
256
190
175
202
58
196
181
224
121
190
263
184
148
170
137
176
215
119
188
188
147
194
227
203
119
113
200
193
182
101
178
176
160
187
178
46
200
209
196
453
432
161
308
310
309
310
310
331
310
433
335
434
337
434
437
434
433
433
433
307
335
485
307
306
205
430
431
476
344
325
326
338
432
305
303
340
304
431
304
213
304
304
205
363
485
475
463
259
405
178
326
232
323
249
216
304
134
25
120
150
355
55
231
160
47
158
193
252
164
44
153
41
396
188
134
485
178
261
227
180
123
192
85
54
75
64
43
206
30
85
150
183
165
24
101
43
64
75
54
150
195
72
136
165
190
112
154
183
156
175
164
180
133
122
112
140
243
144
205
152
256
189
175
204
58
196
180
224
121
190
262
184
147
169
136
175
215
118
188
188
147
194
226
202
119
113
199
192
182
100
178
176
159
187
178
46
199
208
196
