79
452
432
434
161
310
310
310
310
434
331
437
435
434
434
434
433
434
427
205
478
394
307
431
431
307
485
327
305
305
427
150
427
432
304
214
368
341
418
304
476
259
485
426
462
184
205
121
426
216
371
406
26
42
158
250
321
453
178
303
134
232
54
232
353
162
258
164
331
436
153
272
42
250
372
245
29
212
487
134
180
124
183
192
54
81
34
70
85
153
101
193
24
34
48
75
64
259
190
184
187
136
113
154
147
72
165
117
169
243
189
232
135
262
146
187
142
186
205
196
224
60
204
180
191
175
188
220
136
168
121
119
122
113
170
146
190
201
217
215
227
192
184
195
203
234
182
143
208
178
263
176
132
157
195
196
158
49
178
452
432
434
160
309
309
309
309
433
330
436
435
434
434
434
432
433
426
204
478
393
306
431
430
306
485
326
305
305
426
149
426
432
303
213
369
340
418
304
476
259
485
426
462
184
204
120
425
215
369
406
26
42
158
249
320
453
178
302
133
232
54
231
353
161
258
164
330
435
153
272
42
250
372
244
29
212
487
134
180
123
182
191
54
80
34
69
85
152
101
192
24
34
48
75
64
258
189
183
180
135
112
154
146
72
165
116
169
243
188
231
134
261
145
183
142
185
201
195
223
60
204
180
191
174
188
220
135
171
121
119
121
113
169
145
189
201
213
214
227
191
184
195
202
233
182
142
207
178
262
176
132
157
194
195
157
49
178
