87
453
432
161
428
309
310
310
310
310
331
310
339
434
335
338
434
437
434
433
433
433
307
433
335
485
306
307
205
431
431
345
326
327
338
432
305
304
341
304
326
304
431
213
304
304
205
485
259
178
375
406
232
324
250
216
26
304
134
120
321
427
150
272
304
356
325
361
232
55
161
47
158
193
253
164
44
153
397
42
188
134
396
485
372
178
261
228
180
123
192
229
85
54
75
64
43
207
30
262
85
151
166
24
101
43
64
75
54
151
184
196
72
166
136
190
113
154
156
175
165
181
133
123
113
141
244
186
205
144
152
256
190
175
58
224
190
169
121
184
148
170
137
119
176
215
188
227
207
188
263
223
147
196
188
227
194
203
119
113
200
193
182
101
178
171
176
187
178
160
46
157
200
209
196
452
432
161
428
309
310
309
310
310
330
310
339
434
335
337
434
436
434
433
433
433
307
434
334
485
305
307
205
430
430
344
325
326
337
431
305
304
341
303
325
303
430
213
304
303
205
485
258
178
374
406
232
324
250
215
26
303
133
119
320
426
150
272
303
355
324
360
232
55
161
46
157
192
253
164
43
153
397
42
188
134
396
485
372
177
260
228
179
123
192
238
84
54
74
63
43
206
30
262
84
151
166
24
101
43
64
74
54
151
183
195
72
166
135
190
113
154
156
175
165
181
132
123
113
141
243
185
204
143
152
255
189
175
58
224
190
169
120
184
148
170
137
119
175
214
188
226
212
188
262
222
147
195
188
227
194
203
118
113
200
193
182
101
178
170
175
187
178
159
46
157
199
209
196
