91
393
129
76
476
129
89
258
129
85
114
131
458
129
424
325
132
56
458
431
68
27
317
136
336
34
129
98
338
140
453
114
245
66
101
399
46
97
55
300
394
41
129
476
173
466
337
441
255
67
67
141
399
447
306
47
277
480
37
111
299
394
99
130
196
27
92
73
316
131
86
165
448
443
379
157
194
131
184
298
393
131
94
256
46
357
487
381
344
455
223
151
239
118
41
34
172
43
63
136
55
61
30
41
154
28
42
61
59
259
44
53
260
32
246
35
245
184
253
185
51
247
73
59
249
52
229
242
64
49
40
42
263
199
24
63
31
49
28
40
260
64
27
215
261
55
224
261
263
232
50
29
53
263
259
65
24
76
31
62
41
66
53
46
244
240
66
75
229
75
65
258
71
241
51
252
42
53
250
238
73
82
56
393
129
76
475
128
89
257
129
84
114
131
457
129
423
324
131
55
457
431
68
26
316
135
335
33
128
98
337
140
452
114
244
66
101
398
46
97
55
300
394
40
129
475
173
466
337
441
254
67
67
140
399
446
305
47
277
479
37
111
299
394
98
130
196
27
91
72
315
131
85
165
448
443
379
157
193
131
183
298
393
130
94
255
46
356
486
381
343
454
223
151
239
118
40
33
171
43
63
135
55
60
29
40
153
28
41
60
59
258
44
53
260
32
246
35
244
183
252
184
51
247
72
58
249
51
228
242
63
48
39
41
263
199
24
62
31
49
27
39
260
63
27
214
260
54
224
261
262
232
49
28
52
262
259
64
24
76
31
62
40
66
53
45
243
239
65
75
228
75
65
258
70
240
50
252
41
52
250
238
73
82
55
