95
452
432
161
309
310
434
310
310
339
434
310
338
425
332
427
331
434
435
434
437
434
307
396
433
433
335
205
341
307
306
485
431
342
369
431
477
326
338
305
214
432
417
425
354
326
304
304
259
304
205
406
328
485
375
232
304
184
216
150
134
26
120
250
378
331
42
304
321
397
356
272
359
325
341
178
158
161
231
54
164
194
304
153
254
462
361
372
44
134
487
244
318
486
212
42
180
124
192
85
67
183
54
43
262
85
30
166
262
156
232
207
24
194
48
101
37
154
196
64
74
196
190
145
136
166
72
154
155
202
113
184
175
181
117
146
135
186
207
207
186
259
244
224
205
175
121
263
61
169
184
190
191
136
188
215
119
188
170
183
144
122
176
227
174
147
263
196
196
135
201
113
204
227
192
182
200
220
178
193
181
186
157
101
178
34
238
211
49
158
176
452
432
160
309
310
434
310
310
339
434
310
338
425
332
427
331
434
435
434
437
434
307
395
433
433
335
205
341
307
306
484
431
342
369
431
477
326
337
305
214
432
417
425
354
326
304
304
259
304
205
406
328
484
375
232
304
184
216
149
133
26
120
250
378
331
42
304
320
396
356
272
359
324
341
177
158
161
231
54
164
193
304
153
254
462
361
372
44
134
487
244
318
486
212
41
180
124
192
85
67
182
54
43
262
85
30
165
262
156
232
207
24
194
48
101
37
154
196
64
74
196
190
145
136
166
71
153
155
201
113
183
175
180
117
145
135
186
207
207
186
259
244
224
205
175
121
263
61
169
184
190
190
135
187
214
118
188
170
182
144
122
176
226
170
147
263
196
196
135
201
113
203
226
191
181
199
220
178
193
181
186
157
100
178
34
238
210
48
158
176
