99
452
432
434
310
310
310
437
310
339
310
434
434
335
161
332
434
434
435
338
433
427
307
433
396
369
205
307
431
306
342
335
478
431
338
485
326
397
341
305
128
431
427
307
463
326
178
354
427
214
325
124
378
304
304
304
417
205
232
325
328
359
140
426
485
475
303
303
406
259
250
216
426
42
331
375
257
356
26
321
126
406
304
55
272
453
372
139
397
361
158
165
232
348
153
113
188
436
321
254
181
124
183
67
54
78
101
43
262
27
85
24
205
191
156
37
48
194
166
75
259
148
59
196
202
190
136
154
160
154
193
184
113
181
72
171
181
143
120
223
138
235
88
181
181
190
209
246
146
205
194
184
172
256
205
189
175
184
195
263
198
218
204
58
199
190
244
121
219
170
136
220
122
144
169
233
148
119
227
205
202
223
193
263
192
157
228
171
188
113
181
227
169
178
208
184
210
146
193
451
431
433
309
309
310
437
310
338
310
434
434
335
160
331
434
434
434
338
433
427
306
433
396
369
205
307
430
305
342
335
478
431
338
485
326
397
341
305
128
430
426
307
462
325
177
354
427
213
325
124
378
304
303
304
416
204
232
325
327
359
140
426
485
475
303
303
405
258
250
216
425
41
330
374
257
356
25
320
126
405
304
54
272
452
372
138
397
361
158
164
232
348
152
113
187
435
320
253
180
123
183
66
53
78
100
42
262
27
84
24
204
190
155
37
48
194
165
75
259
147
59
196
201
190
135
153
159
153
192
184
112
180
72
171
181
143
119
223
137
235
87
180
180
190
209
246
145
204
193
184
172
255
204
189
175
184
194
262
197
217
204
58
199
190
244
121
219
170
136
219
122
144
169
233
147
119
227
205
202
222
192
263
192
157
227
171
187
112
180
227
168
178
208
183
209
146
193
