39
316
431
183
414
31
372
412
411
133
226
37
373
411
419
189
442
191
486
209
456
256
487
486
433
24
443
201
467
183
223
456
246
334
41
344
319
333
157
472
84
37
205
77
40
60
63
46
262
70
79
74
215
36
53
73
101
57
83
51
75
47
67
52
94
51
72
74
229
59
63
58
52
40
50
67
86
38
62
315
430
183
412
29
370
411
410
130
225
36
372
410
417
187
443
190
485
208
453
255
486
485
432
24
442
199
465
182
222
455
245
332
38
343
318
331
154
471
78
31
208
71
33
54
59
40
261
66
73
68
211
30
47
64
95
51
77
48
69
41
61
48
85
45
68
68
231
53
57
52
46
34
44
61
80
28
56
