97
216
446
451
401
445
216
266
203
451
216
403
415
216
213
221
447
290
216
401
61
205
42
349
64
67
39
341
223
263
430
73
85
97
378
259
314
77
85
98
475
410
235
219
222
224
405
203
486
141
330
73
447
240
36
84
313
216
243
206
221
223
289
83
329
400
56
364
264
478
351
184
391
66
158
259
203
217
221
210
135
402
366
464
264
300
475
201
392
216
377
77
296
242
138
57
88
480
160
72
60
72
87
178
76
59
107
202
82
42
226
26
76
97
31
212
41
104
76
109
107
64
79
93
26
58
66
34
91
91
106
82
91
39
69
55
91
98
24
96
109
98
124
98
25
73
70
33
109
263
82
81
40
24
238
33
112
48
34
97
104
46
31
115
97
106
86
97
37
79
119
91
37
48
260
86
91
101
62
24
58
48
29
74
101
101
250
72
80
85
107
82
87
25
259
215
445
451
401
444
215
266
203
451
216
403
415
216
213
221
446
290
216
401
60
205
41
348
64
67
39
341
223
263
430
72
85
97
378
259
314
77
85
98
474
410
235
219
222
224
405
203
486
141
330
72
447
240
36
84
313
216
243
206
221
223
289
83
329
400
56
363
264
477
351
184
391
65
158
259
203
217
221
210
135
402
366
464
264
300
475
201
392
216
377
77
296
242
138
56
88
480
159
71
60
72
86
177
76
59
106
202
82
42
226
26
76
97
31
212
41
103
76
109
107
64
78
93
26
58
66
34
91
91
106
82
91
39
69
55
91
98
24
96
109
98
124
98
24
72
70
33
108
262
82
81
40
24
238
33
112
48
34
97
104
46
31
115
96
106
86
97
37
79
119
91
37
48
260
86
91
101
62
24
58
48
29
74
101
101
250
72
80
85
107
82
87
25
258
