50
455
437
435
334
438
341
164
313
437
441
348
307
339
329
430
312
371
436
430
435
480
345
307
308
307
307
306
465
329
164
207
358
181
49
161
229
275
58
409
400
116
264
137
258
191
256
121
223
362
127
165
165
106
190
179
151
175
57
67
85
141
98
178
150
243
67
186
96
217
139
168
260
244
108
187
229
262
166
171
188
163
190
175
104
98
172
249
177
102
162
189
194
200
262
173
175
167
131
133
178
454
436
433
333
437
340
163
311
436
439
347
305
338
328
428
310
370
435
430
433
478
343
305
306
306
306
305
464
328
163
205
357
179
48
160
228
273
57
408
398
115
263
136
257
190
255
120
222
361
126
164
164
105
189
179
150
174
57
67
85
141
97
177
149
239
66
185
95
207
138
173
259
237
108
190
228
261
165
171
187
163
189
174
104
97
172
251
177
101
158
188
194
199
262
173
175
167
130
133
177
