74
452
432
434
310
310
338
339
434
435
311
310
335
437
434
331
433
433
307
205
425
310
345
485
431
166
431
478
369
327
338
432
397
305
326
214
304
462
341
304
476
126
485
304
184
418
426
324
216
406
204
426
139
304
232
42
160
250
178
406
110
26
232
453
153
150
436
158
55
44
212
397
253
134
348
180
123
183
84
64
166
262
85
193
24
43
151
101
43
207
54
75
154
190
262
74
156
72
154
187
113
184
202
165
181
133
181
123
178
146
113
180
140
259
196
208
58
244
191
186
204
148
136
121
178
220
214
176
184
122
198
170
201
202
241
119
227
192
178
189
208
113
194
101
158
171
190
179
169
451
431
433
309
310
338
338
434
435
311
309
335
437
434
331
433
433
306
204
424
310
345
484
430
165
430
477
369
327
338
431
396
304
326
213
304
462
341
303
476
125
484
303
183
417
426
323
216
405
203
425
138
303
231
41
159
249
178
408
110
26
232
452
153
149
435
157
54
44
211
397
252
133
347
179
123
182
84
63
166
262
85
192
24
42
151
101
43
207
54
75
157
190
262
74
155
72
153
186
113
184
202
164
181
133
180
123
177
145
113
179
139
259
195
208
57
243
190
185
204
148
136
121
178
220
214
176
184
121
198
169
200
195
241
118
226
192
177
188
207
112
194
101
157
171
189
178
169
