89
452
432
310
434
161
310
310
339
338
434
311
310
434
335
435
437
434
335
425
396
434
307
434
369
205
307
336
307
431
478
338
431
485
326
397
306
149
305
427
326
341
427
432
304
327
354
462
304
304
417
345
326
259
304
485
304
426
205
213
216
184
476
324
26
406
378
361
325
427
232
361
226
250
178
47
161
406
321
158
375
304
348
272
55
153
453
253
250
244
180
124
54
183
192
34
67
262
166
85
24
78
34
151
194
101
48
205
262
196
70
148
58
202
190
160
193
136
154
184
182
113
72
171
181
88
189
117
235
183
141
246
135
259
161
207
180
244
172
190
156
193
224
205
61
190
204
175
152
136
191
199
148
119
121
184
188
204
223
227
147
190
170
201
119
204
202
227
112
169
220
166
263
193
178
190
190
132
238
451
431
310
433
161
309
310
339
338
434
311
310
434
335
435
436
434
334
424
396
434
307
434
369
204
307
335
307
431
477
337
430
484
325
397
306
149
304
426
325
341
426
432
303
327
353
462
303
304
416
345
326
258
303
485
303
425
204
213
215
183
476
323
25
405
378
361
324
426
231
361
226
249
178
46
159
406
320
158
374
304
348
271
54
153
453
253
250
244
180
123
53
182
191
33
67
262
166
84
24
77
33
150
194
101
47
205
261
195
69
147
57
201
189
159
193
135
153
184
182
113
72
171
181
87
188
117
235
183
141
246
135
258
160
207
179
244
171
190
155
193
224
204
61
189
204
175
151
136
191
198
147
118
121
183
188
204
222
227
147
190
170
201
119
206
201
226
111
168
219
166
262
193
178
189
189
131
238
