71
150
387
122
224
305
152
242
275
132
153
289
87
157
140
346
327
152
349
256
306
244
153
194
153
212
125
478
343
176
153
369
472
347
351
221
291
310
260
138
375
169
206
278
482
101
387
295
112
175
119
399
483
201
393
162
193
334
245
153
471
482
356
126
346
175
121
259
435
241
210
57
166
79
41
40
49
100
43
43
41
124
54
49
69
53
99
74
85
75
117
89
114
47
51
37
40
93
77
32
48
26
88
91
109
121
28
26
32
106
108
98
100
30
53
24
66
90
94
86
75
70
78
109
40
101
81
30
97
32
57
67
88
29
113
85
33
51
82
95
103
55
72
152
388
123
226
307
153
243
277
133
154
291
88
158
142
348
329
154
351
258
307
245
154
196
154
214
126
480
345
178
154
371
473
348
353
223
293
312
262
140
377
171
208
280
484
102
389
296
114
177
120
400
484
202
394
164
195
335
247
154
473
483
357
127
347
177
123
261
436
243
211
58
166
78
41
39
49
99
42
43
41
123
54
48
69
53
98
74
85
74
117
88
113
47
50
37
39
93
77
32
48
26
88
91
108
121
27
25
31
106
108
98
100
29
53
24
65
89
93
86
74
70
77
109
39
101
80
30
97
31
57
66
88
29
112
84
33
51
81
94
102
54
72
