99
216
446
401
451
445
266
216
203
403
216
401
216
447
216
213
221
415
216
290
70
42
451
60
205
67
64
349
39
341
223
263
430
73
85
97
85
259
378
77
314
410
235
224
222
475
405
220
203
141
486
330
240
36
84
216
243
313
264
444
289
329
66
223
364
400
206
221
184
477
82
351
56
391
203
259
158
210
217
402
201
366
221
264
464
300
475
377
135
392
447
446
77
294
217
242
368
138
57
88
160
72
72
60
87
76
178
59
82
202
41
226
99
190
26
76
42
212
31
102
109
109
104
76
79
64
107
93
26
58
66
34
91
55
106
91
91
82
69
39
24
96
125
98
97
98
109
25
70
73
33
82
81
40
238
33
24
106
236
97
46
119
34
97
31
112
48
37
86
104
97
115
79
48
37
91
91
260
62
102
24
86
48
58
29
74
72
101
101
263
251
80
87
250
107
111
82
87
25
216
446
400
451
445
266
216
203
403
216
401
216
447
216
213
221
415
216
290
69
42
451
60
205
66
64
349
39
341
223
263
430
73
85
96
85
259
378
76
314
410
234
224
221
475
405
219
203
140
486
330
239
36
84
216
243
313
263
444
289
329
66
223
364
400
205
221
184
477
82
351
56
390
203
259
158
209
217
402
201
366
220
264
464
300
475
377
134
392
447
446
76
294
217
241
368
137
56
88
160
72
72
60
87
76
178
59
82
202
40
226
99
190
26
76
41
212
31
102
108
109
103
76
78
64
107
92
26
58
66
33
90
55
105
90
91
82
69
39
24
95
125
98
96
98
109
25
70
72
33
81
81
40
238
33
24
105
236
97
46
118
34
97
31
112
48
37
85
103
97
115
79
48
37
90
91
259
61
102
24
85
48
58
29
73
72
101
101
262
251
79
87
250
107
111
81
87
25
