94
446
401
451
445
266
217
203
218
403
216
401
447
213
221
415
70
42
290
60
205
451
67
64
39
349
218
341
223
263
73
430
97
85
259
85
378
77
98
314
235
410
224
222
475
219
405
203
141
486
330
240
36
264
84
243
313
66
329
444
223
289
364
400
221
56
184
477
351
82
391
203
259
158
210
402
221
366
264
464
300
475
447
377
392
201
77
446
294
368
138
57
88
277
233
72
72
60
87
76
229
59
159
82
212
41
99
26
76
42
102
109
31
104
76
109
79
64
93
107
262
26
58
66
91
34
106
55
91
91
82
69
91
39
96
24
124
98
97
109
98
25
70
73
33
82
81
106
40
33
24
119
46
236
34
97
97
31
48
115
37
86
97
104
79
48
37
91
91
62
86
24
48
58
29
74
263
72
101
102
80
251
87
111
82
87
25
78
39
446
401
451
445
265
217
203
217
403
216
401
447
213
220
415
69
42
290
60
204
451
66
64
39
349
219
341
223
263
72
430
96
85
259
84
378
76
97
314
235
410
223
222
475
219
405
203
141
486
330
240
36
263
84
243
313
65
329
444
223
288
364
400
221
56
184
477
351
81
391
203
259
158
210
402
221
366
264
464
300
475
447
377
392
201
76
446
293
368
138
57
88
277
233
72
72
60
87
76
229
59
159
82
230
41
99
26
75
42
102
109
31
103
76
109
78
64
93
107
261
26
58
66
91
34
106
55
91
91
82
69
91
39
95
24
124
98
97
109
98
25
69
73
33
82
81
105
40
33
24
119
46
236
34
96
97
31
48
115
37
86
97
103
79
48
37
91
91
62
86
24
48
58
29
74
263
72
101
101
79
251
87
111
82
87
25
78
39
