95
452
432
309
434
310
310
338
310
434
339
311
434
435
310
437
335
434
434
434
396
311
335
205
433
427
307
345
431
166
306
122
431
369
485
335
478
338
327
431
305
399
427
326
341
354
214
427
476
126
304
463
178
304
304
304
328
259
378
485
153
426
418
325
324
325
160
426
204
216
406
359
139
232
406
304
250
375
178
232
42
453
397
362
150
26
356
436
158
304
91
304
188
487
53
372
180
123
85
183
54
64
166
75
85
262
24
24
193
34
101
151
37
48
70
196
44
205
190
59
259
151
156
154
187
166
190
113
202
72
193
184
181
165
138
120
184
235
178
140
209
146
246
196
209
205
181
190
256
190
244
263
224
183
60
179
204
186
195
148
205
198
223
178
136
121
196
214
184
202
176
170
168
200
227
122
192
174
186
189
119
148
208
112
226
197
216
184
34
189
157
452
432
309
433
310
310
338
310
434
339
310
434
434
309
437
335
434
434
434
396
311
335
204
433
426
307
345
430
165
306
121
431
369
485
334
477
337
326
431
305
399
426
325
341
353
213
426
475
125
304
462
177
304
304
304
327
259
378
485
153
426
418
324
323
325
159
425
203
216
406
358
139
232
405
304
250
375
177
232
41
452
397
362
150
26
355
435
158
304
91
304
188
486
53
372
179
123
85
182
54
64
166
75
85
262
24
24
192
34
101
151
37
48
70
196
43
205
189
59
259
150
156
154
187
165
190
113
202
72
193
183
181
165
138
119
183
234
178
139
208
146
245
196
208
204
180
189
255
189
243
262
224
183
59
178
204
186
195
147
204
197
222
177
135
120
195
214
184
202
176
169
168
200
226
122
192
174
186
188
119
147
208
112
225
196
215
183
33
188
156
