92
452
432
434
338
310
310
434
310
311
335
310
331
339
427
437
434
434
435
396
433
307
369
335
431
205
306
307
478
431
327
166
485
305
338
326
432
399
427
341
214
345
427
417
305
327
303
178
431
304
354
426
326
359
204
378
304
476
122
485
216
304
152
226
406
462
324
26
160
375
54
426
406
250
325
272
42
397
321
372
134
231
158
361
150
361
188
42
254
146
436
212
257
180
123
183
166
67
54
85
81
24
151
43
207
262
259
101
48
37
194
196
67
148
202
196
154
190
160
136
184
113
162
187
72
117
181
175
133
184
235
141
146
156
246
186
171
262
244
190
144
205
209
204
186
198
178
184
259
199
189
60
136
190
180
187
121
184
148
119
198
168
192
220
202
170
196
263
122
174
227
157
213
227
113
147
190
188
184
176
193
205
210
158
234
451
432
433
337
310
309
434
310
311
334
310
331
338
427
437
434
434
434
395
433
307
368
335
431
204
306
307
478
431
326
166
484
304
337
325
432
398
426
340
213
344
427
416
304
326
303
178
431
304
353
425
325
358
203
378
303
475
122
485
216
303
151
226
406
461
323
25
159
375
54
425
406
250
325
272
42
397
321
372
133
230
157
360
150
361
188
42
253
145
435
212
256
179
123
182
165
66
54
85
81
24
151
43
207
262
259
101
48
37
194
195
67
148
202
195
154
190
159
136
183
113
161
186
71
117
181
174
133
183
234
141
145
155
246
186
170
261
243
189
144
205
208
204
186
197
177
183
259
199
188
60
135
189
180
186
120
183
148
118
197
168
192
219
201
169
195
262
121
174
226
157
212
227
113
147
189
187
184
175
192
204
210
157
233
