91
451
266
216
446
402
445
209
294
404
216
414
222
214
217
400
207
217
452
217
64
406
73
71
141
264
447
240
350
43
431
223
220
36
79
97
203
330
210
85
224
259
314
235
406
487
379
341
464
61
217
206
475
100
221
66
157
221
84
222
308
222
396
266
245
82
364
478
403
218
293
262
217
385
286
330
175
352
266
377
278
57
139
89
414
477
56
372
296
482
367
391
61
76
160
71
72
86
59
29
82
175
42
77
26
205
41
76
185
107
220
61
98
91
102
70
66
96
82
107
112
37
58
109
79
69
106
25
33
91
55
34
91
39
96
27
73
82
26
58
104
232
109
97
91
44
119
88
123
104
98
28
87
31
106
25
79
97
86
62
257
39
42
244
100
95
46
25
97
56
72
79
88
82
25
88
74
114
111
85
257
24
80
450
265
216
445
402
444
208
294
403
215
413
221
213
217
400
206
216
451
217
64
405
72
70
141
263
446
239
349
42
430
223
220
36
78
96
203
329
209
84
223
258
314
234
405
486
379
341
463
60
216
205
474
99
220
65
157
220
83
222
307
221
396
265
244
82
363
478
403
218
293
261
216
385
285
330
174
351
265
377
277
57
138
89
413
476
55
372
295
482
366
390
60
76
160
70
72
85
58
29
81
174
41
76
25
205
40
76
185
107
219
60
98
90
101
69
65
96
81
107
111
37
57
109
78
68
106
24
33
91
55
33
90
39
96
27
73
81
25
58
104
231
109
96
91
44
118
88
123
104
98
27
86
31
106
25
78
96
85
61
256
38
42
243
99
94
45
25
97
56
72
79
88
82
24
88
73
114
111
84
257
24
80
