62
370
55
370
176
268
371
200
257
429
480
213
407
371
357
369
175
368
182
370
107
285
338
347
282
337
287
368
285
284
190
75
313
415
323
387
429
138
163
372
65
158
214
186
168
283
373
239
455
405
29
287
386
260
276
430
361
452
154
61
242
193
187
46
109
65
184
182
94
45
185
100
106
118
46
75
57
227
195
165
47
255
118
68
251
56
123
84
219
189
78
106
126
118
223
56
55
76
83
114
141
116
111
48
44
114
53
48
106
211
75
62
54
242
96
44
206
46
81
193
197
99
41
199
68
370
55
369
176
268
371
200
257
429
480
213
407
370
356
369
175
368
182
369
107
285
338
346
282
337
287
367
285
284
190
75
313
415
322
387
429
138
163
371
65
158
213
186
168
283
373
239
455
405
29
287
386
259
276
430
361
451
154
61
241
192
187
46
109
64
184
181
93
45
185
100
105
117
46
74
56
226
194
165
47
254
117
68
251
55
122
87
219
179
78
106
126
118
222
56
55
76
83
114
141
116
111
48
44
114
52
48
106
211
74
61
53
241
96
44
206
45
81
193
197
99
41
198
67
