36
450
208
454
450
416
222
227
267
243
268
352
434
296
469
229
455
90
96
206
245
213
404
137
296
408
375
289
224
270
245
303
258
281
61
74
417
76
63
64
101
45
163
77
68
89
78
108
42
31
61
126
111
43
25
28
107
94
44
104
41
66
112
96
259
57
39
99
86
82
93
107
81
450
208
454
450
418
220
226
267
244
268
353
436
297
468
228
454
89
96
208
246
212
406
137
297
407
375
290
222
269
247
302
259
282
62
74
417
75
63
64
100
44
163
77
67
88
77
107
41
30
60
125
110
42
25
24
106
90
43
97
40
66
112
95
259
56
38
98
85
82
92
106
80
