96
451
446
216
401
445
403
203
293
216
266
216
414
221
451
216
42
64
213
69
401
447
97
67
39
223
410
204
349
85
141
36
314
263
219
430
77
406
98
84
73
378
235
59
85
240
258
203
341
224
475
313
264
222
486
364
398
221
293
206
329
223
444
478
243
66
330
221
82
210
391
158
184
476
351
217
201
56
292
403
263
377
258
464
365
277
193
392
203
57
382
390
233
133
138
77
446
60
72
160
72
87
82
59
28
178
76
202
42
76
107
191
109
61
26
103
41
97
109
79
93
58
24
76
107
55
70
82
39
66
109
34
69
98
91
40
91
82
96
104
91
82
91
25
26
124
98
24
106
98
73
97
31
48
38
112
46
34
239
86
33
119
32
86
104
91
80
91
37
73
97
256
101
115
89
62
48
72
37
58
24
79
52
101
48
87
105
90
39
101
82
81
251
451
446
216
401
445
403
202
293
216
266
216
414
220
451
215
42
63
213
68
400
447
96
66
39
222
410
203
348
85
141
35
313
262
219
429
76
405
98
83
72
377
235
59
84
240
257
202
340
224
475
312
264
222
486
364
397
220
293
206
329
223
443
478
243
65
330
221
81
210
391
157
184
476
350
216
200
56
291
403
262
376
258
464
365
277
192
392
202
57
382
390
233
132
138
76
445
60
72
160
71
87
82
58
28
178
76
201
42
75
107
190
109
61
26
102
41
97
108
78
93
57
24
75
106
55
70
82
39
65
109
34
69
98
90
40
91
81
95
103
90
81
90
25
26
123
98
24
105
98
73
96
31
47
37
112
46
33
238
85
33
119
32
85
103
91
80
90
37
73
97
255
101
115
89
62
48
71
37
58
24
79
51
100
47
87
104
89
38
100
82
80
251
