90
451
446
401
445
403
203
293
266
414
221
42
213
451
64
61
401
447
39
410
67
349
204
223
85
141
263
97
36
430
314
219
98
73
84
77
406
218
235
378
240
85
258
444
341
222
203
486
313
364
475
264
221
398
478
329
293
224
223
71
243
83
221
330
210
391
184
56
158
476
263
66
292
351
403
365
201
377
258
464
447
277
193
392
203
133
57
390
138
233
382
60
72
72
87
82
59
28
76
42
76
109
26
107
61
104
41
97
93
24
79
107
76
58
55
70
66
109
82
34
39
109
91
91
40
69
98
254
96
82
82
91
91
236
26
98
25
73
24
97
98
106
48
31
86
46
38
124
34
102
33
104
86
32
91
80
37
115
91
73
48
119
89
97
62
24
101
72
37
58
262
79
52
101
48
101
87
90
82
39
105
451
446
400
444
403
202
293
265
414
220
41
213
450
63
60
400
446
39
410
67
348
204
223
85
141
263
97
35
429
313
219
98
73
83
76
405
217
235
377
240
84
257
443
340
222
202
486
312
364
474
263
220
397
477
328
293
224
223
71
243
82
221
330
210
390
184
55
157
476
263
65
291
351
403
365
201
376
258
464
446
277
192
392
202
133
56
389
138
233
381
60
72
72
86
82
58
28
76
42
75
108
26
106
61
103
41
97
92
24
78
106
75
57
55
69
66
108
82
34
39
108
90
90
40
69
98
254
96
82
81
91
90
236
26
98
25
73
24
96
98
106
48
31
86
46
37
123
33
102
33
103
86
32
90
80
37
114
90
73
48
118
89
97
62
24
100
71
37
58
262
79
51
100
47
101
87
90
81
38
105
