90
446
401
451
445
266
203
403
401
447
213
221
415
42
290
61
205
451
67
64
39
349
216
341
223
263
430
73
97
85
259
85
378
77
314
98
235
410
73
475
222
405
224
203
141
486
330
220
240
36
84
243
313
264
66
289
329
444
223
364
206
400
221
184
56
477
351
391
83
203
259
210
402
201
366
221
264
464
300
475
377
447
392
446
77
294
242
368
138
57
88
72
72
60
87
76
59
82
41
99
26
76
42
109
31
104
76
109
79
64
93
107
185
26
58
66
34
91
106
55
91
91
82
69
39
91
96
24
109
97
98
98
125
25
70
73
33
109
82
81
40
33
24
106
119
97
46
236
34
97
112
31
48
37
115
86
97
79
101
48
37
91
62
102
24
86
48
58
29
74
72
263
101
251
80
87
107
111
82
87
25
446
401
451
445
266
203
403
401
447
213
221
415
41
290
60
204
451
67
64
38
349
215
341
223
263
430
72
97
85
259
84
378
76
314
98
234
410
72
474
221
405
224
203
141
486
330
219
239
35
84
243
313
264
65
288
329
444
223
364
206
400
221
184
55
477
351
391
83
203
259
210
402
201
366
221
264
464
300
475
377
446
392
445
76
294
242
368
138
56
88
72
72
60
87
76
59
82
41
99
26
75
42
108
31
104
76
109
79
64
93
107
178
26
58
66
34
91
106
55
90
91
82
69
39
91
96
24
108
96
98
98
124
25
70
73
33
109
82
81
40
33
24
106
119
97
46
236
34
97
111
31
48
37
114
86
97
79
100
48
37
91
62
102
24
86
48
58
29
74
72
262
101
251
80
87
107
111
81
87
25
