76
452
432
434
310
309
310
437
339
434
332
310
335
434
435
345
434
396
433
433
427
431
205
337
368
160
341
484
431
124
305
214
477
431
354
136
128
428
418
328
475
304
462
325
231
378
205
178
304
426
321
406
216
304
259
371
325
331
250
158
54
47
26
406
178
188
150
452
232
272
305
341
258
153
372
157
487
180
124
183
75
85
64
101
262
85
156
31
205
24
193
157
37
196
75
61
259
154
190
168
201
189
145
72
113
194
120
146
184
138
207
247
223
238
186
263
199
205
181
205
184
184
175
190
263
204
227
121
135
243
224
168
195
144
170
113
192
119
119
202
200
184
188
190
227
263
110
135
234
178
157
203
31
452
432
434
310
309
309
436
339
434
332
309
335
433
434
344
434
395
432
433
426
430
204
336
367
160
340
483
430
123
305
214
476
430
354
136
127
427
418
328
475
303
462
325
231
377
205
178
304
426
321
406
215
303
259
371
325
331
250
157
54
47
26
405
177
188
149
451
231
272
304
341
257
152
372
156
486
180
123
183
75
84
63
100
262
85
156
30
204
24
193
157
30
196
75
64
258
154
190
167
200
188
145
71
112
193
120
146
183
138
207
246
217
238
185
262
198
205
181
204
183
184
175
190
262
204
227
121
134
242
224
168
195
143
169
113
192
118
119
202
199
184
188
189
227
262
109
135
233
178
156
203
30
