62
452
432
434
161
310
310
310
310
434
437
335
435
434
434
433
397
434
425
205
478
431
327
431
485
305
397
367
427
432
214
463
324
418
476
150
485
341
178
375
426
216
205
42
26
406
158
121
53
185
153
134
226
134
436
162
42
453
250
164
487
487
397
181
124
183
192
81
54
34
67
85
101
151
193
34
48
75
198
64
262
190
184
113
165
154
72
117
181
201
250
135
146
181
148
186
196
189
61
141
199
168
204
136
175
122
119
121
113
188
192
187
178
215
190
178
208
203
176
191
132
182
49
34
171
452
431
434
161
309
310
309
310
434
437
334
435
434
434
433
397
434
424
205
477
430
327
430
484
304
396
366
427
431
213
463
323
417
476
149
485
341
177
374
426
215
204
41
25
405
158
120
53
185
153
134
226
134
436
162
41
453
249
163
486
486
396
180
124
182
192
81
53
33
67
84
100
150
192
34
48
74
197
64
262
190
183
112
159
154
71
117
180
201
249
135
146
181
148
186
195
188
60
141
198
168
204
135
174
122
118
120
112
187
191
187
178
215
189
178
208
203
176
191
131
182
49
34
171
