91
452
432
434
310
310
338
310
339
434
435
311
310
335
437
434
396
331
433
433
433
205
425
307
310
335
345
307
485
431
478
307
431
369
327
338
305
432
305
397
166
326
427
427
462
214
354
304
304
341
304
304
326
431
485
324
328
304
178
418
426
476
426
216
124
378
406
178
232
375
361
42
250
272
453
303
325
26
406
356
160
232
304
436
153
158
55
321
189
44
194
212
180
123
183
84
54
166
64
262
85
193
24
43
151
101
43
196
207
64
54
75
190
262
157
74
196
156
136
72
154
184
147
113
202
165
181
169
133
123
181
187
175
246
235
180
146
209
113
205
140
190
256
186
144
58
148
263
244
190
186
217
196
204
136
194
183
121
200
184
169
190
122
170
263
191
180
196
119
202
147
198
227
223
208
178
113
193
227
184
101
203
158
452
432
433
310
309
337
309
339
433
434
311
309
335
437
434
395
330
433
433
433
205
424
307
310
334
345
307
485
430
477
306
431
369
326
338
305
432
304
396
165
325
426
426
461
214
353
304
303
341
304
303
325
430
485
324
327
304
177
417
425
475
426
215
123
377
406
177
231
374
360
41
249
271
452
303
324
26
406
356
159
231
303
436
152
158
55
320
188
43
193
211
180
123
182
83
53
165
63
262
85
192
24
42
150
101
43
195
207
64
54
75
189
262
157
73
196
155
136
72
154
183
147
113
202
164
180
168
132
123
180
187
174
246
235
180
145
209
113
204
139
189
255
186
143
58
147
262
243
190
186
217
196
203
135
193
183
120
199
184
168
189
121
169
262
190
180
196
119
201
146
197
227
223
207
178
113
193
227
184
101
202
157
