96
453
431
161
310
310
310
331
434
311
434
310
437
332
338
435
434
434
434
311
340
307
396
434
427
434
335
307
205
478
431
368
342
338
307
305
327
341
485
305
399
432
214
427
427
354
304
431
432
184
304
417
327
358
150
303
485
426
258
205
304
121
406
375
476
177
331
378
426
26
232
463
250
42
325
304
397
163
158
216
356
453
406
321
134
162
303
361
364
244
153
372
487
229
270
231
44
180
121
192
81
54
67
207
183
24
85
34
101
156
166
193
48
24
34
44
262
157
196
70
259
58
196
136
190
184
154
201
154
181
147
169
168
144
72
117
184
133
146
232
246
207
259
144
111
191
244
189
262
196
188
190
60
204
224
175
205
188
121
168
196
201
144
184
220
119
184
181
170
122
195
220
174
182
112
136
147
190
202
227
215
203
180
186
211
196
178
157
46
196
221
227
101
452
430
160
309
309
309
330
433
311
433
309
437
332
337
434
434
434
434
311
339
307
395
433
427
433
334
306
204
477
430
367
342
338
306
305
326
340
485
305
398
431
214
426
427
353
304
430
432
184
304
416
327
358
150
302
485
426
257
205
304
121
406
374
476
176
330
378
425
26
231
463
250
42
325
304
396
162
158
216
355
452
405
321
134
161
302
360
363
244
152
371
486
228
269
231
44
180
120
191
80
53
66
206
182
24
85
34
101
155
165
192
48
24
34
44
262
156
195
70
259
58
195
135
189
184
153
201
153
181
146
169
168
143
72
116
183
132
146
232
246
207
258
143
111
190
244
189
262
196
187
189
59
204
224
174
205
188
120
167
195
200
144
183
220
119
183
180
170
121
194
220
173
182
111
136
146
190
202
227
215
202
180
186
211
196
178
156
45
195
221
227
100
