94
452
432
161
310
434
310
339
311
338
434
310
434
335
434
435
437
434
335
425
396
434
307
434
369
205
307
336
307
431
478
338
431
485
397
326
306
305
149
427
326
341
427
432
327
304
354
462
304
304
417
345
326
259
304
485
205
426
304
328
184
213
216
476
324
26
378
406
325
361
427
232
361
226
47
250
55
178
406
161
321
375
304
158
348
272
453
253
164
250
153
244
487
397
487
180
124
192
54
183
67
262
24
166
85
78
34
151
24
194
101
48
205
262
196
70
148
58
202
190
160
193
136
154
184
182
113
72
181
171
88
117
189
235
183
141
246
135
161
259
207
180
244
172
190
156
193
224
205
61
175
204
190
263
191
152
136
199
148
119
184
121
204
188
223
227
147
190
119
170
193
201
202
204
227
169
220
112
166
263
190
190
182
132
178
238
34
171
49
452
432
160
309
434
309
339
311
337
433
309
434
335
434
435
437
434
335
424
395
433
307
433
369
204
307
336
306
430
477
337
431
485
396
325
305
305
149
427
325
341
427
432
327
304
353
461
304
304
416
344
325
259
304
485
205
425
304
328
184
213
216
475
324
26
378
406
324
361
427
231
361
226
47
250
55
178
406
160
320
375
304
157
348
272
453
252
163
250
152
243
487
396
487
179
124
191
54
183
66
262
24
165
85
78
34
151
24
193
100
48
204
261
195
70
148
58
201
189
160
192
136
154
184
181
112
71
180
171
87
116
189
235
183
141
246
134
161
259
206
179
244
172
189
156
192
223
204
60
175
203
190
263
190
152
135
199
148
119
184
120
203
187
222
226
146
189
118
169
193
201
201
206
226
169
219
112
165
262
190
190
181
132
177
237
34
170
49
