96
216
446
451
401
445
266
216
203
451
403
415
216
213
221
447
290
216
401
61
205
42
349
64
67
39
341
223
263
430
73
85
97
378
259
314
77
85
98
475
235
410
219
222
224
405
486
203
141
330
73
240
36
84
313
216
243
206
221
223
289
83
329
364
56
478
264
400
184
391
351
66
158
259
203
217
221
210
135
402
366
464
264
300
475
201
392
216
377
77
296
242
57
138
88
233
175
160
72
60
72
87
76
178
59
107
82
42
226
26
76
97
31
212
41
104
76
109
107
64
79
93
26
58
66
34
91
91
106
82
91
39
69
55
91
98
96
24
109
98
124
98
73
25
70
33
109
82
81
40
24
238
33
112
48
34
97
104
46
97
115
86
106
31
37
79
97
119
91
37
48
260
86
91
101
62
24
58
48
29
74
101
101
250
72
80
85
107
87
82
25
39
25
216
445
451
401
444
266
216
203
451
403
415
216
213
221
447
290
215
400
61
205
41
348
63
67
39
341
223
263
430
73
85
97
377
259
314
77
85
98
475
235
410
219
222
224
404
486
203
141
330
72
240
35
84
313
216
243
206
221
223
289
83
329
364
56
478
264
399
184
391
350
66
158
259
203
217
221
210
135
402
366
464
264
299
475
201
392
216
376
77
296
242
56
138
88
233
175
160
72
60
71
87
76
178
59
107
82
41
226
26
76
96
31
212
41
103
76
109
106
64
78
92
26
58
66
34
90
91
106
82
91
39
69
55
91
98
96
24
109
98
124
98
73
25
70
33
109
82
81
40
24
238
33
112
48
34
97
104
46
96
114
85
106
31
36
79
97
118
91
37
48
259
86
91
101
62
24
58
48
29
73
101
101
249
71
80
85
107
87
82
25
39
25
