58
153
226
277
98
152
389
292
155
244
310
348
259
159
154
307
215
345
372
115
348
247
202
481
127
223
312
178
277
378
484
294
389
353
473
156
336
103
357
484
401
451
297
395
389
171
347
71
261
247
115
197
164
371
202
441
257
261
217
165
40
43
47
232
79
53
124
43
53
107
117
69
85
90
40
32
88
37
95
113
39
77
93
28
32
75
53
99
109
24
90
121
67
44
97
66
29
24
80
92
94
101
68
100
84
25
106
32
68
26
81
56
104
98
49
82
52
153
227
278
99
154
390
293
156
245
311
349
260
160
155
309
217
346
373
117
349
248
203
482
129
224
313
179
278
379
486
295
390
354
475
157
337
105
358
485
403
452
298
396
390
172
348
72
262
248
117
198
165
373
203
442
259
262
218
164
39
43
46
232
78
52
124
43
53
107
117
69
85
89
39
32
88
37
94
113
39
76
93
27
34
75
53
99
109
24
90
120
67
43
96
66
28
24
80
89
93
101
67
100
83
25
105
32
68
26
80
55
104
98
49
82
52
