93
452
432
434
161
338
310
310
434
335
310
311
310
331
434
435
437
427
339
434
434
396
433
307
369
205
335
431
307
478
307
431
327
485
338
305
326
427
432
399
345
341
427
214
327
305
303
356
204
417
304
326
431
304
259
426
304
378
485
216
476
150
406
463
184
226
26
304
397
427
324
250
163
325
375
359
272
47
321
372
406
158
361
253
231
42
153
436
212
452
348
485
244
261
180
123
183
192
166
67
54
85
151
81
24
43
207
24
194
101
259
262
48
37
196
67
148
202
190
196
154
160
184
136
113
162
72
182
117
175
235
133
184
156
141
246
146
262
171
244
205
178
186
205
186
144
256
224
204
190
184
60
136
199
188
121
181
191
187
119
220
174
223
148
170
182
196
168
195
263
119
227
157
202
113
147
190
227
176
178
210
158
192
169
49
238
209
452
432
434
161
338
310
310
434
335
310
311
310
331
434
435
437
427
339
434
434
396
433
307
369
204
334
431
307
478
307
431
327
485
337
305
325
426
432
399
345
341
426
213
327
305
303
356
203
417
304
325
431
303
258
426
303
378
485
216
475
149
406
463
183
226
26
304
397
427
324
250
162
324
375
359
271
47
321
372
406
157
361
252
230
42
153
436
211
452
347
485
243
260
180
123
183
192
166
67
54
85
151
81
24
43
206
24
194
101
259
262
48
37
196
67
148
202
189
196
154
160
184
136
113
162
72
181
117
175
234
133
184
156
141
245
146
262
171
244
205
177
186
205
185
144
256
224
204
189
184
60
136
199
187
121
180
191
187
119
220
174
223
148
169
181
196
168
195
262
118
227
157
202
112
147
190
227
175
177
210
158
192
169
49
238
209
