95
216
446
401
451
445
266
216
203
403
401
216
447
213
221
415
290
216
61
42
205
451
67
64
349
39
341
223
263
430
73
85
85
259
378
77
314
98
410
235
224
73
475
222
405
220
203
141
486
330
240
36
84
216
243
313
264
444
289
329
66
223
364
206
400
221
184
477
351
83
56
391
203
259
158
210
402
217
221
201
366
264
464
300
475
377
392
446
242
77
294
368
217
138
57
88
160
72
72
60
87
76
178
59
82
41
226
99
26
76
42
31
212
104
109
76
109
79
64
107
93
26
58
66
34
91
55
91
91
82
69
39
91
24
96
125
109
97
98
98
109
25
70
73
33
82
81
40
238
33
24
106
236
97
46
119
34
97
112
31
48
37
86
97
104
115
79
48
37
91
91
62
260
86
102
24
48
58
29
74
72
101
251
107
80
87
111
250
82
87
25
215
446
401
451
444
266
215
203
403
401
216
446
213
221
415
290
215
60
41
205
451
66
64
349
39
341
223
263
430
72
85
85
259
378
77
314
97
410
235
224
72
475
222
405
220
203
141
486
330
240
36
84
215
243
313
264
443
289
329
65
223
364
206
400
221
184
477
351
83
56
391
203
259
158
210
402
216
221
201
366
264
464
300
475
377
392
445
242
77
294
368
216
138
56
88
160
72
72
60
86
76
177
59
82
41
225
99
26
76
42
31
211
103
109
76
108
79
64
107
93
26
58
66
34
91
55
91
91
82
69
39
91
24
96
125
108
97
98
98
109
25
69
72
33
82
81
40
237
33
24
106
236
97
46
119
34
97
112
31
48
37
85
97
103
115
79
48
37
90
91
62
260
86
102
24
48
58
29
74
72
101
250
107
80
87
111
250
81
87
25
