99
216
446
401
451
445
266
216
203
216
403
216
415
447
216
213
221
290
216
401
61
205
451
42
67
349
64
341
39
223
263
430
73
97
85
85
259
378
77
314
98
235
411
444
224
222
405
220
203
141
73
486
330
240
475
36
84
216
243
313
264
329
223
289
364
206
221
400
55
184
477
351
83
65
391
158
203
259
210
446
217
402
366
221
201
264
464
300
475
135
392
377
77
294
217
368
242
138
57
88
160
72
72
60
87
76
178
59
202
82
226
42
99
190
26
76
31
212
41
104
76
109
109
79
107
64
26
93
58
66
34
91
106
55
91
91
82
69
39
91
96
24
239
125
98
98
109
25
70
109
73
33
82
97
81
40
238
33
24
106
46
34
97
97
112
48
31
115
37
86
97
104
119
79
91
48
37
91
251
260
62
24
86
102
48
58
29
74
101
101
72
80
87
250
111
107
82
87
25
216
446
401
451
445
266
216
203
216
403
216
415
447
216
213
221
290
216
401
60
205
451
42
67
348
64
341
39
223
263
430
73
97
85
85
259
378
77
314
98
234
411
443
224
222
404
220
203
141
73
486
330
239
474
36
84
216
243
313
264
329
223
289
363
206
221
400
54
184
476
351
83
65
391
158
203
259
210
445
217
402
366
221
201
264
464
300
475
135
391
377
76
294
217
368
241
138
56
88
160
72
72
60
87
76
178
59
202
82
226
42
99
190
26
76
31
212
41
103
76
108
109
78
106
64
26
92
58
66
34
90
105
55
90
91
81
69
39
90
96
24
238
124
98
98
109
25
70
108
72
33
82
97
81
40
238
33
24
105
46
34
96
97
112
48
31
114
37
86
96
103
118
78
91
48
37
91
250
260
62
24
86
102
48
58
29
73
101
101
71
79
87
250
110
106
82
87
25
