50
132
129
131
476
459
129
393
135
316
34
401
56
459
425
466
89
432
47
449
398
256
339
130
442
99
131
174
41
189
407
166
337
322
139
245
386
412
111
397
142
393
296
394
444
189
226
374
157
356
344
30
143
175
34
42
156
238
248
34
248
248
52
261
28
32
41
46
242
46
227
41
185
218
29
67
229
66
263
61
45
54
51
53
83
59
31
58
51
34
30
261
30
55
263
37
77
206
69
26
238
130
128
129
474
457
127
391
134
314
33
399
54
457
423
463
87
431
45
447
396
255
338
129
441
97
130
172
40
187
406
165
335
320
137
243
384
409
110
395
140
391
294
393
443
187
224
372
156
355
342
30
133
165
33
41
165
237
247
33
248
248
55
260
27
28
40
45
241
45
224
38
184
215
28
66
231
65
262
60
44
53
51
52
82
58
30
55
51
33
29
260
29
54
262
36
74
205
68
25
238
