65
431
451
309
307
309
309
433
432
330
306
436
423
432
335
331
476
329
367
462
304
205
336
430
394
304
484
395
324
430
324
339
485
324
426
165
426
164
302
302
302
353
270
414
302
226
361
258
53
203
425
341
406
334
397
474
41
323
25
149
404
487
253
450
214
257
124
180
72
85
40
61
183
37
156
148
101
260
70
196
167
183
207
202
181
117
193
184
113
175
171
72
163
178
154
262
262
61
193
235
186
246
196
259
244
205
210
263
186
190
193
190
221
192
178
207
166
199
146
186
199
122
146
119
259
119
184
193
192
136
231
430
450
308
306
308
309
432
432
329
305
435
422
431
334
330
475
328
366
462
303
205
336
429
393
304
483
395
323
429
323
338
484
323
425
164
425
164
302
302
302
352
269
413
302
226
360
256
52
202
424
340
405
333
396
473
40
322
25
151
404
486
252
449
213
256
124
179
71
84
46
51
183
27
156
148
100
260
78
195
167
182
206
201
180
117
195
180
112
175
170
72
163
178
153
262
262
61
193
234
186
246
195
259
244
204
210
262
186
183
193
190
230
192
177
206
165
198
146
185
199
122
146
119
259
119
183
193
192
135
234
