97
216
446
451
401
445
266
216
203
216
403
447
415
221
216
213
290
216
401
64
61
451
67
205
223
39
34
349
263
341
430
73
85
97
314
259
85
235
98
77
405
222
486
475
224
219
410
313
378
203
141
73
330
36
240
84
47
216
243
206
223
444
221
83
400
184
58
478
289
391
351
364
265
329
259
158
203
133
221
217
366
210
402
264
300
293
201
392
464
216
77
138
57
475
88
233
377
277
160
72
60
72
87
76
178
59
202
82
99
42
76
226
26
31
212
41
64
104
109
79
76
58
93
104
107
66
26
34
91
91
106
39
91
55
96
91
69
98
98
73
98
124
109
24
24
82
25
70
109
33
81
82
40
107
238
33
112
34
233
48
104
31
37
114
86
97
79
97
97
106
46
37
91
48
101
86
260
24
91
62
48
29
87
101
101
58
250
80
82
87
74
25
39
72
79
216
445
451
400
444
266
216
203
216
403
446
415
221
216
213
289
216
401
63
61
451
67
205
223
39
34
348
263
341
430
72
85
97
314
259
84
235
98
76
405
222
486
474
224
219
410
312
378
203
141
73
329
36
240
83
47
216
243
206
223
443
221
83
400
183
58
478
289
390
351
364
265
328
259
158
203
133
220
217
366
209
402
264
299
293
200
391
464
216
77
138
57
474
88
233
377
277
160
72
60
72
87
76
178
58
201
81
98
42
76
226
25
31
212
41
64
104
108
78
75
58
93
104
106
66
26
34
90
90
106
39
91
55
96
90
69
97
97
72
98
124
108
24
24
81
24
70
109
32
81
82
39
107
238
33
112
34
233
48
104
31
36
114
85
97
78
97
96
106
45
37
91
48
101
85
260
24
90
62
47
28
87
100
100
58
250
80
82
87
73
25
38
72
79
