95
452
432
161
310
310
310
434
310
434
434
434
339
335
338
437
434
435
335
396
434
307
434
425
306
205
307
478
367
431
431
327
336
397
485
306
338
326
305
417
427
341
304
432
304
326
462
345
304
259
354
476
205
304
210
485
426
426
216
26
324
184
361
232
150
326
360
122
386
406
321
406
250
46
232
134
325
178
304
161
378
158
74
272
164
304
348
303
250
134
253
397
244
153
487
372
180
124
192
54
34
67
85
78
24
183
34
262
151
166
101
48
194
205
196
70
148
58
262
166
190
136
184
202
113
154
162
193
181
72
88
182
175
117
186
246
141
244
135
205
195
180
156
256
224
207
199
175
190
149
61
220
204
136
119
148
191
147
184
189
185
188
188
190
121
227
199
170
119
227
215
205
201
176
204
180
112
242
263
182
216
166
226
132
178
190
171
238
178
34
157
451
432
161
309
309
309
433
309
434
434
434
338
335
337
437
434
435
335
395
433
307
433
424
306
205
306
477
367
431
430
326
336
396
485
305
337
326
305
417
426
341
304
431
304
325
462
344
303
259
353
476
205
304
209
485
426
426
216
26
324
183
361
231
149
326
360
122
386
406
320
406
250
46
231
134
324
178
304
161
378
157
74
272
163
303
348
302
250
134
252
396
243
153
487
372
179
123
192
54
34
66
85
78
24
183
34
262
151
165
101
48
193
205
196
70
148
58
261
166
190
136
183
201
112
153
162
192
181
71
87
181
175
116
185
245
141
244
134
204
195
180
155
255
223
206
199
175
190
148
60
220
203
135
118
148
190
147
184
189
184
187
188
189
120
227
199
170
118
226
214
205
201
176
204
179
112
247
262
182
216
165
225
131
178
190
171
238
178
34
157
