56
167
322
292
139
122
260
344
211
307
169
241
222
362
142
360
362
274
302
416
393
142
142
363
366
184
212
195
102
192
211
116
89
407
28
262
402
227
175
178
372
260
258
271
276
228
456
282
471
313
314
68
292
387
272
403
136
168
53
46
38
47
44
78
54
51
126
41
34
99
93
32
88
117
28
80
98
48
115
111
76
97
38
51
34
78
27
67
28
101
222
116
71
58
71
84
31
33
106
24
107
44
98
40
88
26
102
95
56
85
51
91
73
173
328
298
144
127
265
350
217
313
175
247
227
368
148
366
367
280
307
421
398
147
148
369
371
189
218
200
107
198
217
121
94
412
26
267
408
233
181
183
377
266
264
277
281
234
461
288
476
318
320
74
298
393
278
409
141
167
52
45
37
46
44
77
54
50
126
40
34
98
93
32
87
116
28
80
98
48
115
111
76
97
37
50
33
78
27
67
28
100
215
116
70
57
71
84
31
33
106
24
107
44
98
40
87
26
102
91
56
84
51
90
72
