70
452
432
310
434
310
161
310
434
311
310
434
332
435
437
434
425
434
434
205
339
307
478
341
431
431
342
485
306
305
427
427
432
303
462
205
210
485
426
150
216
184
476
331
26
406
232
122
178
361
250
232
426
47
134
161
158
164
436
54
452
153
321
250
244
134
487
487
258
42
161
180
124
54
183
34
192
67
85
24
78
34
156
194
101
48
262
70
58
190
262
136
184
145
154
113
156
72
88
117
232
246
135
261
180
175
149
61
204
189
136
191
199
144
119
121
184
188
201
147
170
227
220
119
215
204
112
182
208
192
190
178
146
132
238
178
34
49
234
176
255
451
431
310
434
309
161
310
434
311
310
434
331
434
436
434
425
434
434
204
338
307
478
341
431
430
342
484
306
304
426
426
432
303
462
204
210
485
425
150
215
184
476
330
25
405
231
121
178
361
249
232
425
47
133
161
158
163
435
54
452
153
320
249
243
134
487
487
258
42
161
180
124
53
182
33
191
67
84
24
77
33
156
194
101
47
261
69
57
189
261
135
184
144
154
113
155
72
87
117
232
245
135
261
179
174
149
61
203
189
136
190
198
144
118
121
183
188
201
147
169
227
220
118
214
203
111
181
207
191
189
178
145
132
238
177
33
49
234
176
254
