90
452
432
434
338
310
310
434
310
335
311
331
310
434
435
339
437
427
434
434
396
433
307
369
205
335
431
307
478
307
431
327
485
338
305
326
427
399
432
121
345
341
427
327
214
303
431
304
417
304
326
354
204
54
259
426
359
304
485
378
476
178
216
226
406
463
324
26
397
304
427
250
325
375
272
42
321
372
406
158
113
361
253
231
42
212
436
188
452
348
485
180
123
183
166
67
54
85
81
151
24
207
43
24
194
262
101
259
48
37
196
67
148
202
190
196
154
160
184
136
113
162
72
182
117
175
235
184
133
189
156
141
246
262
146
244
144
256
186
205
186
209
178
193
224
204
198
190
60
184
196
190
136
187
121
181
148
119
174
220
223
170
196
168
263
122
227
157
202
113
232
147
190
227
176
158
210
187
192
169
49
452
431
433
337
310
310
434
310
334
311
331
310
434
435
339
437
426
434
434
395
433
306
368
205
335
430
307
477
306
431
326
485
337
304
326
427
399
431
121
344
341
426
327
213
302
430
303
417
303
325
354
204
52
259
426
358
304
485
377
476
178
215
225
406
462
324
25
397
303
427
249
325
374
272
42
320
371
406
158
113
360
253
231
41
211
436
188
452
347
485
180
122
182
166
67
54
85
81
150
24
207
43
24
193
262
101
259
48
37
196
67
147
201
189
195
153
160
183
135
113
162
72
182
117
175
234
183
132
188
156
141
245
262
145
244
144
255
185
204
186
209
177
189
224
203
198
190
60
184
195
189
136
186
121
180
148
118
174
220
223
170
195
168
262
122
227
157
201
113
229
147
190
226
176
158
210
186
192
169
49
