89
451
446
401
445
403
203
293
266
414
221
69
451
213
64
42
401
447
97
67
217
349
39
410
204
223
85
141
263
36
219
314
430
77
84
73
406
59
235
378
98
85
240
258
444
341
203
313
217
364
475
222
264
486
224
398
221
329
293
223
66
477
243
83
221
330
210
391
476
184
56
351
263
201
292
403
365
377
258
464
447
277
193
383
393
203
57
390
138
233
60
72
72
87
82
59
28
76
42
76
103
107
26
61
109
41
97
109
79
238
107
93
24
76
58
55
70
66
82
109
39
34
69
40
91
98
104
96
82
91
91
82
91
236
26
25
24
249
97
98
98
106
73
124
31
48
46
38
34
119
86
33
104
86
32
91
80
73
37
115
97
48
101
89
62
24
72
37
58
262
79
52
105
101
48
87
90
82
39
451
446
401
444
403
202
293
265
414
220
68
450
213
63
42
400
446
97
66
217
348
39
410
203
223
85
140
263
35
218
313
429
76
83
72
405
58
234
377
97
84
240
258
443
340
202
312
217
363
475
222
263
485
223
397
220
328
293
223
65
476
243
82
221
330
209
391
475
184
55
351
263
200
291
403
365
376
258
464
446
276
192
382
392
202
56
390
137
233
60
72
72
86
82
58
28
76
42
75
102
106
26
61
108
41
97
108
78
238
106
92
24
76
57
55
69
66
82
108
39
34
69
40
91
98
103
96
81
90
91
81
91
236
26
25
24
254
96
98
98
106
72
123
31
48
46
37
33
119
85
33
103
85
32
91
80
73
37
114
96
48
101
89
62
24
71
37
57
262
78
51
104
100
47
87
90
82
38
