87
452
432
434
338
310
310
339
434
435
310
434
335
437
434
396
331
433
433
433
425
205
307
310
335
307
345
431
485
478
431
307
369
327
305
166
338
432
305
397
326
427
462
427
124
214
128
354
304
304
341
304
304
326
136
431
324
485
418
304
476
426
426
216
406
232
375
178
42
250
453
325
406
26
178
232
160
304
356
153
123
436
55
158
188
44
150
212
180
123
183
166
84
64
262
85
193
43
24
151
101
43
196
207
64
54
75
262
190
157
74
196
136
156
154
72
184
113
147
202
165
169
187
181
133
123
181
175
246
180
235
194
146
220
209
113
205
140
256
190
186
247
144
148
58
186
244
196
217
204
136
121
184
169
190
122
170
192
196
202
119
200
227
198
223
147
178
205
208
193
113
184
101
189
158
451
431
433
337
309
310
338
434
434
309
433
335
436
433
395
331
433
432
432
424
205
306
310
335
307
345
431
485
478
430
306
369
326
304
166
338
432
304
397
325
427
461
427
123
214
127
354
303
303
341
304
304
325
135
431
323
485
417
304
476
426
425
216
405
231
375
178
42
250
452
325
405
25
178
231
160
304
356
152
122
436
54
158
187
44
149
211
180
122
182
165
84
64
261
84
192
43
24
151
101
42
195
206
63
53
74
261
190
157
74
196
135
155
154
71
183
112
146
201
164
165
186
180
133
123
181
174
246
179
234
193
146
219
208
112
205
140
256
190
186
247
144
148
57
186
244
196
217
203
136
121
183
169
190
122
170
191
196
202
118
200
226
197
223
146
178
205
208
193
113
184
100
189
157
