96
452
161
432
309
310
310
434
310
434
339
310
428
335
338
331
434
425
427
437
396
433
306
433
335
308
205
306
485
369
431
431
477
327
326
345
305
338
399
341
417
214
432
425
354
326
304
304
324
328
259
304
205
406
485
375
232
216
184
304
150
134
250
26
121
406
42
325
304
397
378
356
272
359
178
158
161
231
164
54
153
321
304
194
254
134
462
372
44
487
244
212
486
362
42
318
396
180
192
124
85
67
54
183
43
85
262
30
232
151
166
207
48
262
243
101
196
64
154
74
196
136
190
166
72
202
154
113
184
162
175
156
117
181
184
140
186
146
135
201
207
186
244
259
148
263
224
205
175
121
61
169
184
136
191
190
188
215
170
119
188
202
122
196
176
174
183
147
263
196
201
113
204
227
182
192
178
227
220
200
193
178
180
157
101
34
238
158
49
186
176
211
160
452
161
432
308
310
310
433
310
434
339
310
428
334
337
331
434
425
427
437
395
432
306
432
335
307
204
306
485
368
431
431
476
326
326
345
305
338
399
340
417
213
432
425
353
325
304
303
323
327
259
304
204
405
485
374
231
215
184
304
150
133
249
25
121
406
41
325
304
397
378
356
272
358
178
158
161
231
163
54
152
321
304
194
254
134
462
371
43
487
243
211
486
361
42
318
396
180
191
123
85
67
54
183
43
85
262
30
232
151
166
206
47
262
243
101
195
64
154
74
195
136
189
166
72
201
153
112
183
161
175
156
116
181
184
140
186
146
134
201
206
186
244
258
148
262
224
204
174
121
60
168
184
136
191
189
187
214
170
118
188
201
122
196
176
174
182
146
262
195
200
113
203
227
182
191
178
227
219
200
193
177
180
157
100
34
237
158
49
186
175
210
160
