89
452
431
161
310
310
310
331
434
434
437
338
332
435
434
311
340
307
396
433
434
427
335
307
205
478
368
431
340
338
327
307
342
485
305
399
214
432
427
326
427
354
304
184
431
432
304
417
358
150
327
303
177
485
258
426
462
205
303
375
121
406
476
426
158
26
250
42
378
325
272
232
330
163
397
216
356
453
321
406
134
162
365
153
244
372
254
229
485
270
180
121
192
81
54
67
207
85
183
101
166
156
193
48
44
262
157
196
75
61
259
196
136
190
184
201
154
145
181
168
147
156
72
117
184
146
133
232
178
246
207
259
191
144
111
244
189
196
188
262
190
201
60
224
204
180
175
205
168
188
121
196
220
113
119
170
122
184
195
263
184
144
182
174
136
147
190
227
202
215
203
211
178
196
157
193
196
46
221
452
431
161
310
310
310
330
434
434
437
338
331
435
434
311
339
307
395
433
434
427
335
307
204
477
368
431
340
337
326
307
342
485
304
398
214
432
427
325
427
354
303
184
431
432
303
417
357
149
326
302
176
484
258
426
461
204
303
374
120
405
475
426
158
25
250
42
378
324
272
232
330
163
397
215
356
452
320
406
133
161
365
152
243
371
253
229
484
269
180
120
191
81
53
67
207
85
182
101
166
156
192
48
43
261
156
195
74
61
259
196
136
189
183
200
154
145
180
168
147
156
72
117
183
145
132
231
178
246
207
259
190
144
111
244
189
195
187
261
189
201
60
224
204
179
175
204
168
188
120
195
220
112
118
169
121
183
195
262
183
144
181
174
135
146
190
227
201
215
203
211
178
195
156
192
195
46
220
