94
370
367
59
370
367
200
175
369
106
288
186
58
429
306
288
371
220
283
317
367
370
367
368
283
367
367
152
370
356
314
167
213
60
282
257
283
337
250
395
407
346
321
327
294
285
253
165
414
285
190
454
478
75
284
274
286
190
175
284
325
200
45
297
212
232
77
385
263
339
452
369
480
356
286
385
157
173
133
260
200
335
285
487
342
257
103
286
138
210
164
371
186
104
454
46
141
111
26
123
47
186
65
118
35
117
121
101
125
24
96
199
128
82
179
36
168
257
47
156
209
115
75
57
56
53
118
101
106
33
146
84
191
142
46
55
126
86
213
68
131
141
56
165
128
88
116
118
95
208
187
45
199
84
56
121
39
194
47
199
90
77
190
233
193
246
106
100
225
96
48
129
172
173
211
127
198
206
245
50
179
261
114
197
82
106
68
73
76
370
367
58
369
367
200
175
369
105
287
185
58
429
306
287
371
220
283
317
367
369
367
367
282
366
367
152
370
356
313
167
212
60
282
257
283
336
249
394
406
345
320
327
293
284
253
164
413
284
189
453
477
75
283
273
286
190
174
283
324
199
45
296
211
231
76
384
263
338
451
368
479
356
286
384
157
172
132
260
200
335
284
486
342
256
102
286
138
210
163
371
185
103
453
46
140
111
26
123
47
185
64
117
34
116
120
101
124
24
95
198
128
81
178
36
167
257
46
155
208
115
74
57
56
53
117
100
105
32
146
83
190
141
46
54
125
85
212
67
131
141
55
164
128
87
116
117
94
207
187
45
198
83
55
120
39
194
47
199
90
77
190
233
193
246
105
99
225
95
47
129
172
173
211
127
198
206
244
49
179
261
114
197
81
105
67
72
76
