89
452
432
310
434
310
310
339
434
311
338
310
434
335
435
437
434
335
425
396
434
307
434
369
205
336
307
307
161
478
431
338
431
485
326
397
306
305
427
326
341
427
432
327
304
354
304
304
462
417
345
326
259
304
485
304
426
205
328
213
216
324
476
406
26
360
325
361
378
226
178
232
250
47
426
406
150
321
158
375
304
348
54
131
153
436
250
253
453
150
180
124
54
183
34
67
262
85
24
166
78
34
151
194
101
48
205
262
196
70
148
58
202
190
193
160
136
191
184
154
182
113
72
171
181
88
117
232
183
141
246
135
161
259
207
244
172
180
190
156
193
224
205
61
190
204
175
263
152
136
148
199
121
119
188
204
147
184
190
200
227
170
119
220
202
189
227
112
169
220
166
192
184
178
208
132
190
190
199
451
431
310
434
309
310
338
434
311
338
310
434
335
435
436
434
334
425
396
434
307
434
369
204
335
307
307
161
478
431
338
430
484
325
397
306
304
426
325
341
426
432
327
304
353
304
304
462
416
345
326
258
304
485
303
426
204
327
213
215
323
475
405
25
360
324
361
377
226
178
232
249
46
425
406
149
320
158
375
304
348
54
130
153
435
250
253
452
149
180
123
53
182
33
67
262
84
24
166
77
33
150
194
101
47
205
262
196
69
147
57
201
189
193
159
135
191
183
153
182
113
72
170
181
87
117
231
182
140
245
135
160
258
207
244
172
179
190
155
193
223
205
61
189
204
175
262
151
136
147
198
121
118
188
204
146
184
189
200
227
170
119
219
202
188
227
111
169
220
166
192
186
177
208
131
190
189
199
