67
393
476
86
258
114
325
132
132
425
454
76
89
245
132
337
394
459
114
319
463
59
432
339
101
299
174
256
97
441
306
299
380
398
403
104
196
93
111
164
394
487
443
337
276
193
317
412
382
313
465
86
392
136
298
78
188
420
157
456
132
357
344
142
385
480
356
151
238
34
55
63
60
42
28
61
28
43
41
41
60
42
35
42
261
70
32
33
44
44
188
52
40
63
41
64
28
55
29
240
227
247
74
65
76
50
54
53
70
41
50
261
75
62
34
250
260
44
66
261
81
65
25
37
63
68
73
71
37
238
29
32
263
25
57
392
476
86
258
113
325
131
132
425
454
76
89
244
132
337
393
459
114
319
462
59
432
339
101
299
174
255
97
440
305
299
380
398
403
104
196
92
111
164
394
486
443
337
276
193
317
412
381
313
464
86
391
136
297
77
188
419
157
455
132
357
344
142
385
479
355
150
238
33
54
63
60
41
27
61
27
43
40
40
60
42
35
41
261
70
32
33
47
43
188
52
40
63
40
63
28
55
28
239
226
246
74
65
75
49
53
53
69
41
50
261
74
61
34
249
259
44
65
261
80
64
25
37
62
67
72
70
37
237
28
32
262
25
57
