37
356
357
352
132
179
260
78
152
111
43
189
471
289
125
434
305
480
420
402
367
387
325
414
354
474
461
275
359
429
89
211
275
339
146
409
362
287
44
60
34
35
31
58
232
65
60
59
40
252
44
232
43
41
44
233
44
64
33
38
44
199
262
43
34
242
32
226
43
66
43
255
55
34
33
342
344
338
119
165
247
63
139
98
31
175
457
276
112
421
292
468
406
389
353
374
311
401
341
461
448
262
346
416
76
198
262
325
124
396
349
274
43
59
33
34
31
57
235
64
53
64
39
249
43
231
42
40
43
238
43
63
32
38
41
198
262
40
33
241
31
216
42
65
42
243
54
33
32
