96
452
432
434
310
310
434
310
335
331
437
338
311
434
339
310
426
435
434
434
309
396
433
307
205
431
166
369
307
335
306
478
125
338
431
484
327
305
326
327
399
427
345
431
341
427
303
214
304
204
259
326
304
418
359
354
426
304
378
476
216
178
406
226
485
462
26
321
125
397
160
324
427
325
47
250
304
304
119
375
139
150
55
406
158
486
253
212
452
372
361
271
231
41
361
153
305
180
124
183
54
64
85
75
151
207
101
166
24
24
262
42
262
194
37
48
85
196
67
151
190
154
187
202
136
196
166
184
194
182
113
72
165
120
175
262
184
246
156
141
141
234
244
146
256
178
224
186
205
186
198
208
204
190
184
196
136
192
121
187
60
184
119
227
206
174
198
148
223
196
119
170
220
176
184
168
213
188
194
202
113
49
190
158
192
157
147
263
227
175
188
178
110
452
431
433
310
310
434
310
334
331
437
338
311
434
339
310
426
434
434
434
309
395
433
307
204
431
166
368
307
335
305
477
125
337
430
484
326
305
325
326
399
427
345
431
340
427
302
213
303
203
258
325
303
417
358
353
425
303
377
476
215
178
405
225
485
462
26
320
125
397
159
323
427
325
46
249
303
303
118
374
138
150
54
406
157
486
253
211
452
371
360
271
231
41
360
153
305
180
124
182
54
64
85
75
151
206
101
166
24
24
261
42
262
193
37
48
85
195
67
151
190
153
186
201
136
195
166
183
194
182
112
72
164
120
175
262
183
246
156
141
141
234
243
146
255
178
223
186
204
185
198
207
203
189
183
195
136
191
120
187
60
184
118
227
206
174
198
148
222
196
118
170
220
175
184
168
212
187
194
202
113
49
190
158
191
157
147
262
227
174
188
178
109
