40
357
172
223
403
402
97
360
196
305
362
215
124
158
435
222
177
476
177
235
172
400
405
372
190
248
402
334
433
468
198
467
359
321
352
384
404
350
322
422
299
36
190
40
63
37
34
46
47
69
62
55
241
39
50
30
40
37
87
45
217
203
235
40
60
53
215
36
37
262
71
233
26
37
262
49
247
65
75
40
246
346
160
211
391
391
86
349
184
294
351
204
111
147
423
211
166
465
166
224
160
388
393
361
179
237
390
322
423
456
186
455
348
310
340
372
392
339
311
410
288
35
186
39
60
36
28
45
46
68
62
55
244
44
49
29
39
36
86
45
223
202
235
40
59
52
217
33
36
262
70
232
25
36
262
48
249
64
74
40
245
