90
451
446
401
217
445
403
203
293
266
414
221
69
451
213
64
42
401
447
349
97
67
39
204
223
85
141
36
263
219
430
314
77
84
73
406
59
235
378
98
444
85
240
258
341
203
224
364
475
222
264
221
398
486
206
329
293
223
477
66
243
83
221
330
210
217
391
158
184
476
56
351
201
403
292
263
377
258
464
447
277
193
383
393
203
57
133
390
138
233
77
60
72
72
160
87
82
59
28
76
42
76
103
107
26
61
109
41
97
107
109
79
93
76
58
55
70
82
66
109
34
39
69
40
91
98
104
96
82
91
236
91
82
91
26
25
124
97
98
98
106
48
31
73
112
46
38
34
86
119
33
104
86
32
91
259
80
91
37
73
115
97
101
62
89
48
72
37
58
262
79
52
105
101
48
87
101
90
82
39
81
450
446
400
216
445
403
203
292
265
413
220
68
451
212
63
42
401
447
349
97
67
38
204
223
85
141
35
262
219
430
314
76
83
72
405
58
234
378
98
443
85
240
258
341
203
223
363
474
222
264
221
398
485
205
329
292
222
477
65
242
83
221
330
209
216
391
158
184
476
56
351
201
403
291
262
376
257
464
447
276
193
382
393
203
56
132
389
137
233
77
60
72
72
160
87
81
58
28
76
41
75
102
107
25
61
108
40
96
106
108
78
93
76
58
55
70
82
65
108
34
38
69
39
91
97
104
96
81
90
235
91
82
90
25
24
124
97
97
97
105
48
30
73
111
45
37
34
85
118
32
103
85
31
90
258
80
90
37
73
115
97
100
62
89
48
71
36
58
261
78
52
105
100
48
87
100
89
81
39
80
