90
393
129
476
76
89
258
85
129
131
114
458
129
424
129
325
132
458
56
431
69
27
317
136
336
34
140
129
98
245
114
101
66
66
46
97
300
55
394
41
476
466
173
129
441
255
337
67
400
399
306
141
447
399
298
130
196
47
338
111
130
394
313
46
92
276
73
131
345
36
157
316
194
407
448
379
130
341
165
298
184
151
131
393
256
381
357
322
344
223
94
238
118
34
41
43
63
58
172
30
61
41
148
28
158
42
61
259
59
44
52
260
32
246
35
245
51
184
253
59
73
52
249
62
239
64
40
49
42
263
24
31
63
199
28
40
49
260
248
228
55
27
261
215
28
211
65
224
185
50
259
53
255
250
76
261
31
41
226
235
66
62
75
258
46
240
229
209
53
65
75
56
71
258
51
250
42
52
238
82
241
393
128
476
76
88
257
85
129
130
113
458
129
424
129
325
132
457
56
430
69
27
317
136
336
33
140
129
97
244
114
100
65
66
45
97
300
55
394
41
476
466
173
128
440
254
337
66
400
399
306
141
447
399
297
129
196
47
338
110
129
393
313
46
92
275
73
131
344
35
156
315
194
407
447
379
129
340
164
298
184
151
131
393
256
381
356
322
343
222
93
237
117
34
40
43
63
58
171
29
61
40
147
28
158
41
61
259
59
43
52
259
32
246
34
245
51
183
253
58
72
51
249
61
239
64
40
48
42
262
24
30
63
199
28
39
48
260
248
228
54
26
260
214
27
210
65
223
185
50
259
52
254
250
75
261
31
41
226
235
66
62
74
258
45
239
229
208
53
64
75
56
71
258
51
249
41
51
238
81
241
