98
216
446
451
401
445
266
216
203
216
403
447
290
216
415
221
216
213
216
401
64
70
451
67
205
60
223
447
39
34
349
263
341
430
73
85
97
314
259
85
98
235
77
405
222
486
410
224
219
378
203
475
141
313
36
240
84
47
444
216
243
206
331
223
82
58
221
400
478
184
289
391
351
364
265
329
259
158
203
133
221
217
351
293
402
210
300
264
201
464
392
216
77
138
57
475
88
233
277
160
72
60
72
87
76
178
59
202
82
99
31
226
42
76
190
26
212
41
64
102
109
79
76
104
58
260
93
104
107
66
26
34
91
91
106
39
91
55
91
96
69
98
98
73
24
124
109
82
25
97
70
24
81
82
40
107
236
238
33
112
32
34
104
114
48
31
86
37
97
79
97
97
106
46
37
91
48
101
86
260
222
87
62
91
29
48
101
58
101
250
80
82
87
74
25
39
79
216
446
451
400
445
266
216
203
216
403
447
289
216
415
221
216
213
216
401
63
70
451
67
204
60
223
447
38
33
348
263
341
430
73
85
97
313
259
85
98
235
76
405
222
486
410
223
218
378
202
474
141
312
35
240
83
46
444
216
243
205
330
223
82
58
221
400
477
184
289
391
350
363
265
329
259
158
203
133
221
217
354
293
401
210
299
264
200
464
392
216
76
138
57
474
88
233
277
159
72
60
71
87
76
178
59
201
82
99
31
226
42
75
189
26
212
41
64
102
108
79
76
104
58
260
92
104
106
65
25
34
91
91
106
39
91
55
91
96
69
98
98
73
24
123
108
82
25
97
70
24
81
82
40
106
235
238
32
112
32
34
104
114
48
30
86
37
97
79
97
96
106
45
37
91
48
101
86
259
221
87
61
91
28
48
101
58
101
250
79
82
87
74
24
38
78
