95
452
432
310
161
310
310
434
310
434
434
339
434
335
338
435
437
434
335
396
434
307
434
425
306
205
307
477
431
431
367
327
336
397
485
306
338
326
305
417
427
427
341
304
432
304
326
345
304
354
259
462
205
304
210
485
426
216
426
26
324
378
184
232
150
361
360
326
122
406
321
406
250
46
232
134
325
304
178
161
158
272
164
304
348
303
371
250
397
153
253
436
244
134
372
487
180
124
54
192
34
67
85
78
24
34
262
183
151
166
194
101
48
205
196
70
148
58
262
166
190
136
184
113
154
202
162
193
181
72
88
182
175
117
186
232
246
141
244
135
205
195
156
256
207
224
180
175
190
149
61
220
136
204
119
148
184
191
184
189
147
188
185
188
121
227
199
170
119
227
215
205
176
201
204
112
263
182
216
166
226
171
132
171
178
190
210
238
176
157
34
452
432
309
161
309
309
433
309
434
434
338
434
335
337
435
437
434
335
395
433
307
433
425
306
205
306
477
431
430
367
326
336
396
485
305
337
326
305
417
427
427
341
304
431
304
325
344
303
353
259
462
205
304
209
485
426
216
426
26
324
377
183
231
149
361
360
326
122
406
320
406
250
46
231
133
324
304
178
161
157
272
163
303
348
302
370
250
397
152
252
436
243
133
372
487
180
124
54
191
34
66
85
78
24
34
262
183
151
165
193
101
48
205
196
70
148
58
261
166
190
136
183
112
154
201
162
192
180
71
87
181
175
116
186
231
246
141
244
134
204
194
155
255
206
223
180
175
190
148
60
220
135
203
119
148
184
190
184
188
146
187
184
187
120
227
199
170
118
226
215
205
176
201
204
112
262
181
216
165
225
171
131
170
178
190
210
238
176
156
34
