40
263
448
215
444
412
260
219
289
442
428
68
347
444
40
404
221
402
311
232
58
327
82
461
219
220
448
238
392
487
340
390
348
181
87
231
479
364
474
377
276
76
61
160
73
42
66
76
31
86
37
103
108
99
109
29
58
85
42
98
104
33
94
59
48
125
109
85
82
86
29
101
98
37
25
39
259
76
75
41
81
260
445
212
441
408
256
215
286
438
424
65
344
440
36
400
217
398
307
229
55
324
78
458
216
216
444
234
388
484
337
386
344
182
83
227
475
360
470
373
273
73
58
159
70
39
63
73
28
83
34
100
105
96
106
26
55
82
39
95
104
30
84
56
45
122
106
82
79
83
26
98
97
42
24
36
258
73
72
38
78
