93
450
446
216
401
207
290
221
266
42
451
64
213
404
401
223
415
217
445
67
486
447
70
73
39
85
204
406
349
406
342
36
97
219
263
430
98
478
84
444
314
78
85
141
475
221
225
235
203
217
379
258
240
60
243
329
83
66
221
377
200
364
300
351
158
393
292
259
366
403
223
57
329
209
203
233
390
193
181
265
222
133
396
476
446
56
242
365
256
205
382
447
263
383
61
72
160
72
56
31
77
76
109
107
64
26
82
41
58
42
226
87
79
73
97
102
91
94
55
76
27
107
98
27
81
109
109
66
34
91
86
40
236
39
69
91
70
98
123
98
96
25
238
83
91
82
104
33
33
104
119
44
73
101
97
29
97
91
101
90
37
24
62
34
87
46
90
46
39
80
52
34
106
87
101
30
73
251
114
107
108
80
111
36
263
48
105
449
445
215
400
206
289
220
266
41
451
63
212
403
400
222
415
216
445
66
486
447
69
72
38
85
204
405
348
405
342
36
96
218
262
430
97
477
84
444
313
77
84
141
474
221
225
235
202
217
379
257
240
59
242
328
83
66
221
376
199
364
299
351
158
393
291
258
365
402
223
56
328
209
202
232
389
193
181
265
221
132
395
476
446
55
242
364
256
205
381
446
262
383
61
72
160
72
55
30
76
76
108
106
64
25
81
41
58
42
225
86
79
72
97
102
91
94
55
76
27
106
98
26
81
109
109
65
34
91
86
39
235
39
69
90
70
98
123
98
96
24
237
82
91
81
104
33
33
103
119
43
73
101
97
29
96
90
100
90
37
24
61
33
87
45
90
45
39
80
51
33
106
87
100
29
73
251
114
106
108
79
111
35
262
47
104
