100
452
432
434
310
310
338
310
434
437
309
339
434
311
435
310
335
434
434
433
396
335
307
427
205
434
166
307
369
431
306
431
336
338
122
478
345
484
305
326
399
427
304
327
427
431
327
326
341
354
476
213
378
326
304
304
462
485
126
304
204
184
259
325
426
324
417
406
226
26
359
426
216
79
139
360
250
110
73
397
231
47
406
304
153
321
453
54
160
272
304
178
150
375
372
356
305
127
436
158
117
180
124
183
54
64
166
75
85
101
85
262
24
24
193
43
151
37
48
73
196
205
151
259
190
61
187
136
202
154
166
113
193
182
190
184
156
72
120
171
184
235
256
161
246
141
262
183
141
209
196
152
184
193
244
205
180
61
210
190
178
191
224
204
204
148
186
121
190
119
198
220
136
249
214
188
170
241
233
174
227
119
202
176
178
226
192
192
198
263
226
201
189
168
157
147
110
223
210
112
180
452
432
434
310
310
338
310
434
437
308
338
434
311
434
310
335
434
434
433
396
335
307
427
205
434
166
307
369
431
306
431
336
338
122
478
345
484
305
325
399
427
303
327
427
431
327
325
341
354
476
212
377
326
303
303
462
485
125
303
204
184
258
324
425
324
417
406
226
25
358
425
216
79
139
360
250
109
73
397
231
46
406
304
153
320
453
54
160
272
304
177
149
374
371
356
304
126
436
158
117
179
124
183
54
64
165
75
85
101
85
261
24
24
192
43
151
37
48
73
196
205
151
259
189
61
186
135
202
154
166
113
192
181
190
183
156
72
119
170
184
234
255
160
246
141
261
182
141
209
195
151
184
192
244
205
180
61
209
190
177
190
224
203
203
148
185
121
190
118
197
219
136
248
213
188
170
241
232
174
227
119
201
176
177
225
191
191
198
262
225
201
188
168
157
147
109
222
209
112
179
