93
401
451
446
216
266
290
445
403
216
207
415
64
400
447
216
221
214
205
70
223
42
349
216
263
67
452
38
216
36
97
85
141
487
430
60
444
235
265
341
407
219
313
203
73
377
405
475
84
240
225
79
329
478
210
258
216
222
313
300
220
224
292
377
184
205
244
391
364
135
77
464
397
221
277
196
158
403
200
351
216
393
329
259
447
264
476
185
57
175
88
383
418
217
72
61
72
160
76
31
87
82
178
59
41
64
41
99
226
76
26
76
102
58
109
108
193
66
79
109
94
216
81
109
55
70
73
37
104
239
96
106
26
27
109
42
25
91
83
98
98
40
82
33
69
33
86
91
91
238
98
24
29
47
124
90
73
37
109
25
79
97
101
81
60
31
87
78
55
91
62
99
97
253
101
46
37
263
48
74
50
87
25
25
105
77
263
400
451
445
216
266
289
444
402
215
206
415
63
399
446
216
220
214
205
69
222
42
348
215
263
66
451
38
215
36
96
84
141
486
429
60
444
234
264
340
407
218
313
203
73
377
405
474
83
240
224
78
328
477
209
258
215
221
312
299
220
223
292
377
183
204
244
391
363
135
76
464
397
220
277
196
157
402
200
350
216
393
329
259
447
263
475
184
57
175
87
382
417
217
72
61
71
160
76
31
87
81
177
59
40
64
40
98
225
76
25
75
102
58
108
107
193
65
79
108
93
215
81
109
55
69
72
37
103
238
96
106
26
27
109
41
25
91
82
98
98
40
82
32
69
32
86
90
90
237
98
24
28
46
123
90
72
36
109
24
79
97
100
81
60
31
86
77
54
90
62
98
96
252
101
45
36
262
48
73
49
87
24
24
104
77
262
