80
452
432
434
310
338
435
310
434
339
311
335
437
434
396
433
335
433
433
425
310
166
307
485
431
338
431
478
307
335
367
462
305
397
432
327
326
427
427
214
304
341
304
304
324
431
178
485
417
426
150
325
476
304
216
378
406
375
121
250
453
232
42
325
272
361
406
54
26
436
153
178
356
321
158
44
134
156
151
487
253
180
123
183
84
166
193
64
85
262
24
151
101
43
196
64
205
54
75
262
74
187
136
72
154
181
113
184
147
193
202
180
123
181
133
165
175
246
232
146
113
141
256
205
148
144
190
58
186
204
188
204
196
244
136
183
121
168
188
170
191
184
122
192
263
190
202
192
119
208
178
200
147
227
113
101
178
256
203
34
190
451
431
434
309
338
435
309
434
339
311
335
437
433
396
433
334
432
432
424
310
166
306
484
431
338
430
478
306
334
367
461
304
396
432
327
325
426
427
214
303
341
303
304
324
431
177
485
417
426
150
325
476
303
216
378
405
374
120
250
453
231
42
324
272
360
406
54
25
436
153
177
356
321
158
44
133
142
135
487
252
180
123
182
84
165
192
64
85
261
24
150
101
43
195
63
205
54
75
261
74
187
136
71
153
180
112
183
146
192
202
179
123
180
133
165
174
246
231
146
112
140
255
204
147
144
190
57
186
203
188
203
196
243
135
183
121
167
187
170
190
184
122
191
262
189
202
192
118
208
177
200
147
227
113
101
177
259
196
33
190
