46
57
371
372
106
408
284
232
369
283
354
176
368
370
369
393
252
285
189
385
296
386
175
218
454
344
282
260
455
47
152
319
235
196
429
126
163
238
321
116
334
470
262
451
160
275
233
112
27
61
117
43
106
202
224
44
55
183
162
255
203
139
190
72
118
75
178
95
195
41
91
53
62
40
77
36
112
55
213
44
83
120
141
192
209
120
53
256
198
193
201
205
67
58
370
371
106
407
284
232
368
283
352
176
367
369
369
393
252
284
190
385
294
386
174
216
454
342
282
258
454
44
152
316
235
195
429
126
163
237
321
117
331
470
262
452
160
275
234
112
26
61
117
42
106
205
224
44
54
183
161
255
200
139
190
74
117
75
177
97
195
41
91
53
64
40
76
32
112
55
212
44
85
117
141
194
209
122
53
256
198
195
201
205
66
