81
453
431
161
310
310
310
331
434
310
437
332
434
338
434
311
340
307
433
434
335
306
205
368
431
434
342
327
338
214
485
341
305
432
326
304
304
432
431
361
304
184
485
121
205
406
150
375
177
331
26
304
232
250
163
378
42
325
397
216
321
356
406
158
162
134
272
54
364
253
372
257
270
487
231
463
134
153
229
44
219
396
179
121
192
81
54
67
207
85
34
101
156
48
166
34
44
262
154
75
61
196
166
190
201
154
183
154
168
181
146
72
144
117
133
178
259
244
111
144
190
190
191
60
188
175
121
188
168
201
144
119
176
184
170
182
184
122
195
174
135
227
147
202
112
203
215
263
192
211
190
157
233
221
46
227
181
178
178
196
101
161
160
452
431
160
309
309
309
330
434
309
437
331
434
337
434
311
339
307
433
434
334
306
205
367
430
432
341
326
338
213
484
341
305
431
325
304
304
432
430
361
304
184
485
121
204
406
150
374
176
330
26
303
231
250
162
377
41
324
396
215
321
356
407
157
161
134
272
53
364
253
371
256
270
486
231
463
134
152
228
44
218
396
178
120
192
80
53
66
207
84
33
101
156
47
165
33
43
262
153
74
60
195
166
190
201
154
183
153
168
180
145
72
143
117
132
178
258
244
110
143
190
190
191
59
188
175
120
187
167
201
143
118
176
184
169
182
183
121
194
173
134
226
147
199
112
203
215
262
192
210
189
156
233
221
45
227
180
178
178
196
100
160
159
