92
216
446
401
451
445
266
203
403
401
447
213
221
415
42
290
61
205
451
67
39
64
349
341
223
263
430
73
85
97
85
259
378
77
314
98
410
235
475
73
222
224
405
220
203
141
486
330
240
36
84
243
313
264
289
329
444
223
206
364
400
221
66
184
477
351
56
391
83
158
203
259
210
402
217
221
366
201
264
464
300
475
377
392
447
446
242
77
294
368
138
57
88
160
72
72
60
87
76
59
82
41
99
26
76
42
109
31
104
76
109
79
93
64
107
26
58
66
34
91
55
106
91
91
82
69
39
91
24
96
97
109
98
125
98
109
25
70
73
33
82
81
40
33
24
106
97
46
236
34
112
97
31
48
119
37
86
97
115
79
104
91
48
37
91
62
259
86
24
102
48
58
29
74
72
101
263
251
107
80
87
111
82
87
25
215
446
401
451
445
266
203
403
401
447
213
221
415
42
290
61
205
451
67
39
64
349
341
223
263
430
73
85
97
84
259
378
76
314
97
410
235
475
72
222
224
405
220
203
140
486
330
240
36
84
243
313
264
289
329
443
223
206
364
400
221
65
184
477
351
56
391
82
158
203
259
210
402
216
221
366
201
264
464
300
475
377
392
446
445
242
76
294
368
137
56
88
160
72
72
60
87
76
59
82
41
99
26
76
42
108
31
103
75
109
78
92
64
107
26
58
66
34
90
55
106
91
91
82
69
39
91
24
96
97
108
97
124
98
108
25
70
73
33
82
80
40
33
24
106
97
46
235
34
112
97
31
48
119
37
86
97
115
79
104
91
48
37
90
62
259
86
24
101
48
58
29
74
72
101
262
250
106
79
87
111
81
87
25
