79
129
393
109
86
258
454
476
132
425
71
325
394
56
85
132
132
337
459
58
68
294
245
463
319
105
401
256
101
174
306
306
398
41
431
339
441
394
344
338
97
70
196
142
443
136
186
321
115
296
157
487
412
93
393
407
300
407
304
75
309
465
115
356
164
91
455
86
359
379
341
487
478
132
314
316
385
151
189
448
118
238
61
55
63
43
33
61
28
44
42
42
59
40
31
42
35
261
44
55
38
59
33
32
73
248
41
51
63
24
55
227
263
44
185
28
53
226
49
63
65
65
28
41
81
70
53
47
28
68
70
32
76
261
43
68
258
43
34
237
44
71
26
54
254
73
66
43
241
209
53
254
71
42
63
29
57
36
247
128
392
109
85
258
454
476
131
424
70
325
394
55
84
131
131
337
458
57
67
293
245
462
319
104
401
256
101
173
305
305
397
40
430
339
440
393
345
338
96
69
196
142
442
136
185
321
115
295
156
486
411
92
392
407
299
407
304
74
273
464
115
355
163
91
455
85
358
379
340
486
477
131
314
315
384
151
188
448
118
238
61
55
63
42
33
61
27
44
41
41
58
39
31
42
34
260
43
55
37
59
32
32
73
248
41
50
62
24
54
227
262
44
185
28
52
231
48
63
64
65
27
41
80
70
53
46
27
67
70
32
75
260
42
68
257
43
34
254
43
71
25
54
257
73
66
42
240
208
53
254
70
41
63
28
57
35
246
