37
366
271
322
328
334
185
369
143
180
188
371
164
334
408
85
301
201
475
284
431
434
473
441
370
289
217
299
422
192
365
272
404
404
190
372
296
388
43
66
33
59
49
26
58
35
52
37
232
65
39
34
256
44
43
67
58
244
259
44
32
245
37
51
34
56
67
196
56
76
250
48
256
252
260
354
259
310
316
322
173
357
131
168
177
359
152
321
397
75
289
189
463
272
419
422
461
430
361
278
206
286
409
181
353
260
392
392
177
360
277
377
42
63
32
58
48
25
57
34
49
34
228
64
39
31
246
44
40
66
57
235
258
41
31
247
36
50
33
55
66
195
55
73
247
45
255
240
259
