96
452
432
434
310
338
310
437
434
310
435
311
335
434
310
161
332
434
339
434
433
396
307
205
427
433
335
307
306
431
369
338
478
431
326
485
305
345
396
327
431
214
427
341
427
304
304
378
304
476
204
354
327
426
417
462
487
325
160
187
321
359
405
27
226
324
216
427
194
250
361
304
304
406
120
453
372
55
153
487
436
361
375
231
272
47
305
172
250
253
212
42
150
134
348
158
304
180
124
183
54
166
67
101
85
81
193
24
151
24
43
191
207
37
262
48
73
196
151
190
259
62
196
136
166
154
202
182
184
113
171
72
120
156
178
161
141
146
246
141
235
244
205
184
256
196
178
209
263
204
186
180
62
195
203
184
226
198
119
119
187
148
136
223
203
170
188
220
176
202
188
191
157
193
178
52
210
147
168
227
263
119
110
199
132
190
158
176
188
178
169
112
234
451
431
433
310
338
310
437
434
310
435
311
335
434
310
160
332
434
339
434
433
395
307
204
427
432
335
306
306
431
369
338
478
431
326
484
304
345
395
326
431
213
427
341
426
304
304
378
304
476
204
354
327
426
416
462
487
325
161
187
320
359
404
27
226
323
216
426
194
249
361
304
304
405
120
453
371
55
152
487
435
361
374
231
271
46
304
172
249
253
211
42
149
134
347
157
303
180
124
182
54
165
67
100
84
81
192
24
151
24
43
191
207
37
262
48
73
196
151
187
259
62
195
136
165
154
202
181
184
113
170
71
120
156
177
161
141
146
246
141
235
243
204
184
256
196
175
209
262
204
186
180
62
194
202
181
225
198
119
119
186
148
135
223
202
169
188
219
175
201
188
190
156
193
178
52
210
146
167
229
262
118
109
199
131
190
158
176
187
178
169
111
234
