86
401
451
446
266
290
445
403
415
447
204
42
64
221
61
400
205
213
223
451
67
349
263
38
36
97
84
141
341
430
83
410
444
313
478
475
99
329
219
406
85
203
378
264
78
292
223
235
73
210
102
259
240
222
220
364
200
83
400
77
277
184
243
224
73
377
300
55
365
158
402
329
390
393
351
65
477
205
447
221
194
259
264
175
184
60
383
72
61
72
76
31
87
82
41
99
59
109
64
76
104
41
76
26
58
109
79
108
66
94
81
109
55
70
26
37
40
24
236
42
86
98
88
33
109
98
91
25
82
106
69
90
34
96
91
91
98
91
82
98
47
97
101
104
31
81
78
37
33
124
109
72
29
115
24
91
62
46
79
101
97
119
73
111
262
86
52
37
48
25
50
54
105
401
451
446
265
289
445
403
415
447
203
42
64
221
61
400
204
213
223
451
67
349
263
38
36
96
84
141
340
430
83
410
443
313
478
474
98
329
218
406
84
203
377
264
78
291
223
234
73
210
101
259
240
221
220
363
200
82
400
77
276
184
243
223
73
377
299
54
365
158
402
328
390
392
351
64
477
205
446
221
194
259
264
175
183
60
382
72
61
71
76
31
86
82
41
98
58
108
63
75
103
41
76
25
57
108
79
108
65
94
80
108
54
69
26
37
39
24
235
41
85
97
88
32
108
98
90
24
82
106
69
90
33
95
90
90
97
90
82
98
46
96
101
104
31
81
78
36
32
123
108
72
28
115
24
91
62
45
79
101
97
118
73
110
261
85
52
37
48
24
49
53
105
