99
216
446
451
401
447
445
266
216
203
216
447
403
415
216
216
213
221
290
216
401
445
61
205
451
349
64
67
39
341
223
42
263
430
73
85
97
378
259
314
77
85
98
235
444
405
222
219
475
224
203
486
141
330
73
240
36
84
313
216
243
206
221
223
289
83
329
400
364
265
391
184
478
56
351
66
158
259
203
217
221
210
135
366
402
464
264
300
475
392
201
216
377
77
296
406
57
138
242
175
160
72
60
72
260
87
76
178
59
202
99
82
42
190
226
26
76
31
212
41
248
104
76
109
107
64
79
93
26
58
109
66
34
91
91
106
82
91
39
69
55
91
96
236
98
98
109
98
124
25
73
70
33
109
82
81
40
24
238
33
112
48
34
97
104
46
31
97
106
79
37
86
115
97
119
91
37
48
260
86
91
101
24
62
58
48
29
74
101
101
250
72
80
85
216
87
82
107
25
216
446
451
401
446
444
266
216
203
216
446
403
414
216
216
213
221
289
216
400
444
61
205
450
349
63
67
39
341
223
42
263
430
72
84
97
378
259
313
76
85
98
235
443
404
222
219
474
224
203
485
141
330
72
239
35
84
312
216
242
206
221
223
288
82
329
399
364
264
391
183
478
56
351
65
158
259
203
217
221
210
134
366
402
464
264
299
475
391
201
216
377
77
295
408
56
137
242
174
160
72
60
71
260
87
76
178
59
201
98
81
42
189
226
26
76
31
212
41
247
104
76
108
106
64
78
92
25
58
109
66
33
91
91
106
81
90
38
69
55
91
96
235
97
98
109
98
124
24
73
70
33
108
81
81
40
24
237
33
112
48
34
96
104
46
30
96
105
78
36
85
114
96
118
91
36
48
259
86
91
100
24
61
58
47
28
73
100
101
249
71
80
85
216
87
82
106
24
