100
401
451
216
446
445
403
203
415
216
266
216
293
221
451
42
216
216
213
69
64
216
401
447
263
447
97
223
349
67
410
204
313
85
37
141
84
445
219
73
430
98
234
405
36
240
378
59
77
85
258
203
341
224
313
221
486
475
264
222
364
399
329
216
223
478
329
221
206
66
243
293
158
82
210
391
184
353
293
403
201
56
351
476
365
217
258
264
277
464
392
444
193
418
57
377
203
390
138
233
135
72
60
160
72
87
82
59
42
178
76
205
28
76
107
109
191
226
26
103
64
215
41
97
66
260
109
58
107
79
24
76
39
55
85
70
40
245
109
91
34
91
96
101
97
82
82
104
69
91
91
25
26
124
24
48
73
98
106
98
97
31
33
238
34
86
46
86
112
119
33
38
91
104
91
80
37
221
90
62
101
115
97
73
24
256
37
48
79
60
101
233
52
77
87
72
48
90
82
39
101
401
451
216
446
444
403
202
414
216
266
216
293
221
450
42
216
215
213
69
63
216
401
446
263
446
96
222
349
66
410
204
313
84
36
140
83
444
219
72
430
97
234
404
35
239
377
59
76
84
257
202
340
224
312
220
486
474
263
222
364
399
328
215
223
477
329
221
206
66
243
293
157
82
210
390
184
349
293
403
200
56
351
475
364
217
258
263
277
464
391
444
193
418
57
377
202
389
137
233
134
71
60
160
71
87
82
58
41
178
76
205
28
75
107
108
191
225
26
103
64
214
41
97
65
260
109
58
106
79
24
75
39
55
85
70
40
242
109
90
33
90
95
100
97
81
82
104
69
90
90
25
25
123
24
47
73
97
106
98
97
31
32
237
34
86
46
85
112
119
32
37
90
104
91
80
37
221
90
61
101
115
97
73
24
256
37
47
79
59
100
232
51
77
87
71
48
90
82
38
100
