80
370
368
58
367
370
106
176
330
369
257
372
200
357
288
59
371
288
329
370
347
370
367
75
213
186
429
368
152
326
318
61
285
367
337
480
369
394
286
274
165
415
227
234
335
478
285
478
313
287
385
257
167
191
190
258
354
175
267
386
173
454
104
78
455
40
284
186
372
78
407
29
285
395
242
455
132
244
138
452
212
47
141
111
129
27
118
184
138
65
187
118
47
56
29
121
37
41
128
93
56
75
168
118
118
116
101
224
114
56
84
101
68
156
86
107
257
139
255
174
141
55
197
211
236
96
78
117
55
179
77
31
53
129
47
41
92
198
187
96
127
88
73
90
75
37
106
68
106
76
43
54
155
149
177
98
172
129
114
190
42
370
368
57
366
369
105
176
327
368
257
371
200
356
287
58
371
287
326
369
346
369
367
74
212
186
429
367
152
325
317
60
285
367
337
479
368
393
285
273
164
414
226
233
333
477
285
477
312
287
385
257
166
190
189
258
354
174
266
386
173
454
103
78
455
40
283
185
371
78
406
29
285
394
241
455
132
243
137
451
212
47
141
110
129
26
118
183
132
64
186
117
47
55
29
121
36
41
127
92
55
74
167
118
117
115
101
223
113
56
84
100
67
156
86
107
256
138
254
174
141
55
196
210
227
95
77
116
54
179
76
30
52
129
47
40
92
197
186
95
126
88
73
89
75
36
106
67
106
75
43
54
155
148
176
97
172
128
114
190
42
