88
451
215
446
401
445
403
293
203
266
414
221
64
213
451
42
61
401
37
447
204
410
67
349
97
223
263
85
141
314
430
219
73
84
36
406
77
378
235
240
444
341
364
258
203
313
222
486
475
224
264
398
221
478
293
223
329
73
243
83
210
330
221
184
158
391
476
65
292
55
263
205
351
377
403
464
447
201
259
277
193
392
203
133
57
390
138
233
382
60
160
72
72
87
82
28
59
76
42
76
61
26
107
109
104
41
85
97
76
24
79
107
109
58
66
55
70
39
34
109
91
40
97
98
69
82
96
82
236
26
97
91
25
24
98
73
98
124
106
31
48
86
38
34
46
109
33
104
91
32
86
37
91
80
73
119
89
115
48
112
97
72
62
58
263
101
37
79
52
101
48
101
87
90
82
39
105
450
214
445
401
445
402
292
202
265
413
220
63
212
451
41
60
401
36
447
203
410
66
348
97
222
262
84
141
314
429
218
73
83
35
405
76
377
234
240
443
341
363
258
202
312
222
486
474
224
263
398
220
478
293
222
329
73
242
83
209
330
221
184
158
391
475
65
291
54
263
205
351
376
402
464
447
201
258
276
192
392
203
132
56
389
137
232
382
59
159
71
72
87
81
28
58
76
41
75
61
25
106
108
103
40
84
97
76
24
79
106
108
57
65
55
70
38
33
108
91
39
96
98
68
82
96
82
236
25
97
91
25
24
98
72
98
124
105
31
48
85
37
33
46
109
32
103
90
31
85
36
91
80
72
118
89
114
48
112
97
71
61
57
262
101
36
78
51
100
48
101
86
89
82
39
105
