90
452
432
309
434
310
310
338
310
339
434
311
310
435
335
437
434
434
434
396
311
335
205
433
425
307
345
307
166
431
431
369
485
335
307
478
338
305
431
327
305
399
326
214
354
341
427
304
476
462
304
304
304
259
178
485
378
426
418
328
325
324
160
204
272
216
406
42
150
361
178
232
406
375
325
250
232
453
90
397
356
158
27
303
436
304
53
372
305
253
188
180
123
85
183
54
64
166
75
262
85
24
34
193
151
101
37
48
70
196
44
205
190
59
262
157
156
136
187
154
113
202
72
193
147
184
181
169
138
165
120
184
175
146
209
140
250
205
196
180
256
190
244
224
190
60
183
204
186
263
204
148
198
178
263
136
121
122
187
190
200
184
202
168
194
170
227
192
197
174
148
113
119
179
208
216
189
157
110
190
184
451
432
309
433
309
309
337
310
339
433
311
310
435
335
437
434
434
434
396
311
335
204
432
425
306
344
307
166
430
431
368
485
334
306
477
338
304
430
327
304
398
325
214
354
340
427
303
476
461
303
303
303
258
178
485
377
426
418
327
324
324
160
203
272
215
406
42
150
361
178
232
406
374
325
250
231
452
89
397
356
158
27
303
436
303
52
372
305
253
187
180
122
85
183
54
63
165
75
261
85
24
33
192
151
100
37
48
69
195
43
204
189
59
261
157
156
136
186
154
113
202
72
193
147
183
180
169
137
165
120
184
174
146
208
139
250
205
196
180
256
190
243
224
190
59
183
203
186
262
203
148
197
177
262
136
121
121
186
190
199
183
201
168
193
170
227
192
196
174
148
112
118
179
207
216
189
157
110
190
183
