66
432
161
309
434
339
331
332
452
338
425
437
434
396
307
433
307
335
342
485
205
431
431
341
326
305
434
478
214
304
304
304
205
328
406
304
232
178
216
375
331
134
250
42
26
178
120
321
325
272
150
232
158
161
164
193
55
305
254
188
153
303
44
372
42
261
212
124
192
85
85
262
207
156
178
166
262
101
48
198
154
75
136
196
154
72
190
154
113
142
175
120
183
184
146
205
244
259
175
263
121
190
184
190
136
169
144
215
170
122
119
200
188
227
196
263
188
227
113
203
182
200
194
110
193
187
178
226
101
157
176
209
158
431
160
308
433
338
331
332
451
337
424
436
434
395
307
432
307
334
342
484
204
431
430
340
326
305
433
478
214
304
303
303
204
328
405
303
231
178
216
375
331
134
249
41
26
178
120
320
324
272
150
232
158
161
164
193
55
305
254
187
152
302
44
372
41
260
212
124
192
84
85
262
206
155
177
166
261
100
50
197
154
75
136
195
154
72
189
153
113
142
180
119
182
183
146
204
243
258
175
262
121
190
183
190
136
169
144
214
169
122
119
199
188
227
195
262
187
227
112
202
182
199
193
110
193
186
178
226
100
156
176
209
157
