97
401
450
446
266
216
290
445
403
208
216
415
447
64
400
221
214
205
70
350
216
67
39
263
42
452
223
36
85
97
141
487
430
60
235
407
73
98
264
219
313
377
341
203
475
240
406
84
85
444
225
329
210
478
313
217
79
222
220
66
258
224
300
292
184
377
83
205
56
244
397
221
364
77
196
200
277
158
366
464
133
391
403
351
217
259
264
393
447
329
476
57
185
88
383
175
390
365
72
61
72
76
160
31
87
82
59
178
41
99
64
41
77
26
76
102
108
193
79
93
66
109
109
58
81
55
109
70
73
37
104
96
27
91
91
106
109
42
83
26
25
98
82
98
40
91
239
33
33
91
86
24
238
69
98
46
119
91
124
29
90
37
73
104
109
115
25
31
87
97
81
55
99
78
91
24
60
101
79
62
97
256
37
48
101
263
46
74
87
50
25
105
25
90
108
401
450
446
266
216
290
445
403
208
215
415
447
64
400
221
214
205
70
350
216
66
39
263
42
451
223
36
85
97
141
487
430
60
235
407
73
98
264
219
313
377
340
203
474
239
406
84
85
444
225
328
210
477
313
216
79
222
220
66
258
224
300
292
184
377
83
205
55
244
397
221
363
76
196
200
277
158
365
464
133
391
403
351
216
259
264
393
446
328
476
56
185
88
383
175
390
364
72
61
72
76
160
31
87
82
59
177
41
99
64
41
77
26
76
102
108
201
79
93
66
109
108
58
81
55
109
70
73
37
104
95
27
90
91
105
109
42
83
26
25
97
81
98
40
91
238
33
32
91
86
24
238
69
98
46
119
91
124
29
90
37
73
104
109
114
25
31
87
96
80
55
99
78
91
24
60
101
79
62
97
255
37
48
101
262
46
74
87
50
25
105
25
90
108
