80
129
393
476
109
258
86
71
132
454
424
129
326
132
394
85
56
132
459
337
68
245
294
401
130
105
256
130
463
174
136
316
398
101
394
445
339
431
97
142
306
70
131
196
337
193
131
443
115
156
393
276
300
407
321
412
304
356
136
465
407
75
74
379
93
115
86
164
132
151
358
455
189
78
341
385
444
244
316
246
340
118
238
33
61
63
55
44
61
43
28
165
40
28
42
40
59
43
261
35
55
59
38
248
187
73
41
205
33
63
246
34
227
51
53
33
185
44
63
28
55
65
256
65
50
75
236
44
47
68
261
261
68
43
53
32
43
26
81
44
258
34
187
241
76
71
66
54
71
57
43
73
37
24
209
29
263
42
63
258
197
129
392
475
109
257
85
71
131
453
424
128
325
131
393
85
56
131
459
337
68
245
293
400
130
104
256
130
463
173
136
316
398
100
393
445
339
430
97
141
305
69
131
195
336
193
131
443
115
155
393
276
299
407
320
412
303
355
136
465
406
75
43
379
92
114
85
163
131
150
357
455
188
78
340
384
444
244
316
245
339
118
237
33
60
62
55
44
60
42
28
167
40
28
41
39
58
42
261
34
55
59
38
248
187
72
41
204
33
63
245
34
226
50
53
32
184
43
63
27
54
65
256
65
50
75
235
43
46
68
261
261
67
42
53
32
43
25
80
43
258
34
190
240
76
70
66
54
71
56
43
72
37
24
208
28
262
42
62
258
196
