97
401
451
446
266
216
445
403
208
290
415
216
447
64
221
214
400
216
70
350
205
36
67
263
42
216
97
39
452
85
223
486
141
73
235
60
430
203
341
220
98
406
410
313
264
378
85
475
240
84
444
329
224
478
210
224
79
222
217
313
220
262
300
400
83
292
205
244
66
56
135
221
184
464
364
366
159
377
196
78
403
277
200
351
217
264
259
329
175
419
390
476
393
185
339
256
88
447
72
61
72
76
160
87
82
59
31
41
175
99
64
76
26
41
226
102
108
76
81
79
66
109
216
109
93
109
55
58
73
70
91
96
104
37
25
26
109
91
98
24
42
106
83
91
98
82
40
239
33
124
86
91
34
69
98
238
24
46
94
29
31
104
90
109
25
119
115
101
87
37
60
97
24
91
73
55
81
62
78
99
97
260
48
37
46
25
77
79
74
101
50
49
83
25
262
401
451
445
265
215
444
403
208
290
415
215
446
64
220
214
400
216
69
350
205
36
67
263
42
215
97
39
451
85
223
486
141
72
234
60
430
203
341
219
97
405
410
313
264
377
84
474
240
84
443
329
223
477
209
224
78
222
216
313
220
261
300
400
82
291
204
244
66
56
135
220
184
463
364
366
159
377
196
77
403
276
200
351
217
264
259
329
175
419
389
476
392
185
339
256
88
447
72
61
71
76
159
86
81
59
31
41
174
99
64
75
26
41
225
102
108
75
81
78
65
109
215
108
92
108
55
58
72
70
91
96
104
37
25
26
109
91
97
24
42
105
83
91
98
81
40
239
33
123
86
91
34
69
98
237
24
46
94
29
31
104
90
109
25
118
114
101
86
37
60
96
24
91
73
55
81
62
78
99
97
260
48
37
46
25
77
79
73
101
50
49
83
25
261
