98
453
432
434
310
310
310
437
339
310
310
434
434
434
332
335
434
435
396
427
433
307
342
433
205
368
307
306
431
162
337
335
431
478
485
397
306
341
338
135
326
305
427
463
124
432
354
128
427
214
325
418
304
304
178
139
231
426
485
325
475
205
303
378
303
406
139
375
331
250
259
46
426
125
216
26
304
272
321
406
150
55
356
158
452
178
358
165
325
188
232
257
372
436
487
364
347
341
121
180
124
183
67
78
54
101
262
43
27
85
24
37
156
205
48
194
196
259
75
148
157
59
190
201
136
160
154
191
168
193
113
184
72
181
88
145
181
250
175
120
235
181
194
135
209
223
246
146
205
186
205
256
190
214
184
204
58
195
199
175
190
184
244
121
226
169
144
170
224
119
220
205
135
119
223
263
227
202
187
193
147
113
190
200
196
181
185
184
227
234
157
210
34
211
169
135
184
453
432
433
310
310
310
437
339
310
310
434
434
434
332
334
434
435
395
427
433
306
342
432
204
368
307
305
431
161
336
334
431
478
485
396
306
341
338
134
325
305
426
463
124
432
354
127
427
214
324
418
304
304
178
138
230
426
485
324
474
204
303
378
303
406
138
374
331
250
259
46
426
125
216
26
304
272
320
406
149
54
356
157
452
177
357
164
324
187
231
257
371
435
487
363
346
341
120
179
124
182
67
78
54
101
262
42
26
84
24
37
156
205
48
194
195
259
74
147
156
59
190
200
136
159
153
191
167
193
113
184
72
180
88
145
180
250
174
120
235
181
193
135
208
223
246
146
205
186
204
256
189
214
183
203
58
195
199
175
190
183
244
121
225
168
144
170
224
119
219
204
135
119
223
263
227
201
186
192
147
113
190
199
195
180
185
183
227
233
156
209
34
211
169
135
183
