93
453
161
431
310
310
310
437
434
310
331
310
338
332
427
434
339
434
434
307
433
433
434
426
335
369
306
307
205
431
342
327
478
359
214
338
485
341
396
305
432
326
304
431
304
432
327
401
378
184
259
205
304
485
304
406
121
163
150
331
304
375
463
232
250
26
325
42
54
216
177
356
321
397
162
304
158
134
272
361
270
257
253
372
379
231
229
487
245
304
219
44
153
396
179
192
121
81
54
67
101
85
30
207
43
166
156
195
48
262
24
34
154
184
75
61
262
196
202
166
136
190
154
154
168
184
196
146
181
72
144
178
117
133
178
244
144
259
111
262
198
183
191
221
175
190
60
205
121
188
182
188
144
176
169
183
184
170
119
195
122
192
136
201
147
227
188
203
220
112
215
263
186
222
233
190
157
211
227
196
46
238
234
161
101
178
160
452
160
430
309
309
309
437
434
309
331
309
337
331
426
434
338
433
433
307
432
433
434
425
335
369
306
307
205
431
341
327
477
358
214
338
485
340
395
305
432
325
304
431
303
432
327
400
377
184
258
204
303
485
303
406
120
162
149
330
303
374
462
232
250
26
325
42
53
216
176
356
321
397
161
303
157
134
272
360
270
256
253
371
378
230
229
486
244
303
219
44
153
395
178
192
121
80
53
66
101
84
30
206
43
165
155
195
47
262
24
33
153
184
74
60
261
196
201
166
135
189
154
154
167
183
195
146
180
72
143
178
116
133
178
244
144
258
111
262
198
183
190
220
175
189
59
204
121
188
182
187
144
175
168
182
183
169
119
195
122
191
136
201
147
227
188
202
219
111
214
262
185
222
233
189
156
210
227
196
45
238
234
161
100
178
159
