90
451
446
266
216
207
401
451
404
221
445
415
293
401
42
64
447
212
204
67
222
70
36
60
235
350
73
97
263
341
39
486
259
314
98
478
84
430
141
224
219
85
222
406
240
77
475
378
84
444
217
243
220
66
158
329
364
400
331
223
351
201
264
259
83
210
222
135
203
393
193
138
292
292
56
264
464
57
377
403
202
181
446
205
391
233
447
383
277
365
256
60
72
76
160
56
72
107
82
76
87
42
29
41
109
64
97
26
76
79
58
102
81
104
96
107
91
109
66
26
94
73
91
39
91
86
55
34
70
124
109
91
98
98
82
69
98
82
40
236
235
33
46
119
91
46
97
31
32
34
97
102
106
37
104
91
86
101
46
101
52
82
39
90
115
48
58
87
72
62
25
34
251
112
80
39
263
103
79
108
81
450
445
266
215
207
401
450
404
220
444
414
293
401
42
63
447
212
204
66
221
69
36
60
234
349
72
97
262
341
38
486
259
314
98
478
83
430
141
224
218
84
222
406
239
76
474
377
84
443
217
243
219
65
158
328
363
400
330
222
350
201
263
259
82
210
222
134
203
393
192
138
291
292
55
264
463
56
377
403
202
180
446
205
391
233
446
383
276
364
256
59
72
76
160
55
72
107
81
75
86
41
29
41
108
64
97
25
76
79
58
102
80
104
95
106
91
108
65
26
94
72
91
39
91
85
55
33
70
123
109
91
98
97
81
69
97
82
40
235
237
32
45
118
91
46
97
30
31
33
96
102
105
37
104
90
85
100
46
101
52
81
39
90
114
48
58
87
71
61
24
33
251
112
80
38
262
102
79
107
81
