86
452
432
310
434
310
161
310
434
338
339
310
434
335
434
435
437
434
335
425
396
434
307
434
369
307
307
478
431
338
431
485
326
306
399
305
427
326
341
427
432
327
304
462
417
345
326
213
485
304
426
216
184
205
150
324
476
26
360
406
325
272
121
361
378
397
426
250
178
46
226
161
321
406
134
304
158
375
304
348
54
164
153
436
452
250
372
180
124
54
183
34
192
67
85
166
262
78
34
151
24
194
101
48
205
262
196
70
148
58
202
160
136
184
154
182
113
72
171
88
184
117
232
183
141
246
135
161
172
180
190
156
193
152
61
190
204
136
191
175
188
148
199
119
188
121
204
263
188
147
184
174
220
170
201
119
190
204
227
202
215
223
112
169
253
166
192
182
178
208
190
132
157
451
432
309
433
309
160
309
433
337
338
309
434
335
434
434
437
434
335
424
396
433
307
433
369
307
307
478
430
337
431
485
326
305
398
305
426
325
341
426
431
327
304
461
416
344
326
213
485
304
425
215
184
204
149
324
476
26
360
406
325
271
121
361
377
396
426
250
177
46
224
160
320
405
134
304
157
375
303
348
54
163
152
435
451
250
372
179
124
54
182
34
192
66
85
165
262
78
34
151
24
194
100
48
205
262
196
70
148
58
202
160
136
184
153
181
112
71
171
87
183
116
231
182
141
245
134
161
172
179
190
156
192
152
60
189
203
135
191
175
187
148
199
119
188
120
204
262
187
146
183
173
220
169
200
118
195
203
224
202
214
216
112
169
253
165
191
182
178
208
190
132
156
