88
452
432
310
161
310
310
434
310
434
434
335
339
338
437
434
434
396
335
434
307
434
425
205
306
307
431
431
336
397
327
367
485
306
338
326
305
432
304
341
304
345
326
354
304
259
205
328
304
210
485
216
462
26
324
360
232
150
184
326
122
406
321
361
250
46
232
134
325
304
178
161
158
272
164
371
54
304
348
303
250
153
397
245
375
244
134
487
487
180
124
54
192
34
67
85
78
24
34
151
262
166
101
48
183
196
205
70
148
58
262
190
166
136
113
154
193
181
162
202
72
88
182
175
117
135
205
141
244
156
195
207
256
224
175
263
190
149
61
136
180
119
148
188
184
189
191
185
188
121
227
147
170
119
227
215
205
176
201
204
112
263
182
171
192
216
166
226
132
178
171
196
181
238
178
34
49
452
432
309
161
309
309
433
309
434
434
335
338
337
437
434
434
396
335
433
307
433
425
205
306
306
431
431
336
397
326
366
485
305
338
326
305
431
304
340
304
345
325
353
304
259
205
327
304
209
485
216
462
25
324
360
232
149
183
326
122
406
320
361
250
46
232
133
324
304
178
161
157
272
163
370
54
303
347
302
250
152
397
245
374
243
134
487
487
179
124
54
191
34
66
85
78
24
34
150
262
165
100
48
182
195
205
70
148
58
261
190
166
136
112
154
192
180
162
202
72
87
181
175
116
134
204
141
244
156
194
206
255
223
175
262
190
148
60
135
179
119
148
187
184
188
190
184
188
120
227
146
170
118
226
215
205
176
200
204
112
262
181
171
192
216
166
225
131
178
171
196
180
237
178
34
49
