42
100
329
282
228
122
325
105
140
487
288
294
149
330
339
406
99
244
435
437
452
105
280
104
359
360
161
126
289
396
360
335
374
388
179
245
327
312
363
247
232
220
94
118
60
31
62
44
33
34
49
39
48
32
34
45
62
41
241
55
49
64
43
80
260
44
56
32
40
65
58
253
45
34
42
43
40
70
196
247
73
34
50
72
49
88
316
269
214
127
312
93
127
473
275
281
136
317
326
392
87
230
422
424
438
93
267
92
346
347
147
114
276
385
347
321
361
374
165
232
315
300
348
233
218
207
82
118
60
31
62
40
32
33
48
42
48
31
33
44
61
40
237
54
49
63
43
79
259
44
56
31
39
64
57
253
44
33
41
43
40
70
195
246
73
34
49
71
48
