99
452
432
161
309
310
310
310
339
434
310
425
434
338
332
331
434
434
435
437
434
396
433
307
433
335
427
341
205
307
306
485
431
369
342
431
427
326
477
338
399
305
214
432
417
354
326
304
304
304
205
259
406
328
485
304
375
232
426
184
216
150
26
250
406
378
42
304
134
331
120
321
356
272
397
325
359
178
341
463
158
164
231
161
55
304
194
153
254
361
134
372
44
487
244
486
212
321
318
41
180
124
192
85
67
54
43
262
85
30
262
183
166
156
207
24
48
197
101
37
196
64
154
74
196
232
145
190
136
166
72
154
202
155
113
243
175
184
181
184
117
146
135
189
207
186
259
244
205
175
224
121
263
61
190
169
184
207
191
136
188
119
170
202
183
122
176
215
144
188
227
147
263
174
196
197
201
135
183
113
182
227
203
193
220
200
178
193
186
178
157
101
34
238
49
158
146
211
175
452
431
160
309
310
310
310
338
434
310
424
434
338
331
331
434
434
435
437
434
395
433
307
433
335
427
341
205
306
305
485
431
369
342
431
427
325
477
338
399
304
213
432
416
353
325
304
304
304
204
259
406
328
485
303
374
231
426
183
215
149
26
249
406
378
41
304
134
331
119
321
356
272
397
325
359
177
341
462
158
163
231
160
54
303
193
153
254
360
133
371
44
487
244
486
211
320
318
40
179
124
192
85
67
54
43
261
85
30
262
183
165
156
206
24
48
197
101
37
195
64
153
74
196
231
145
190
135
165
72
154
201
155
113
242
175
183
181
183
116
146
134
188
206
186
259
244
205
175
224
120
263
60
189
169
184
206
191
136
187
119
170
202
183
122
176
214
144
187
226
146
263
174
195
197
201
135
182
113
182
227
202
192
220
200
178
193
186
177
157
100
34
238
49
157
145
210
175
