84
452
432
162
434
310
338
434
331
310
311
335
426
437
434
339
435
396
205
431
369
335
478
338
431
327
485
122
305
326
399
427
432
345
341
327
427
303
214
304
356
304
204
259
326
418
426
304
378
476
178
216
226
462
406
26
397
321
426
154
324
325
304
139
47
250
375
359
53
406
232
153
158
272
372
253
361
135
452
188
125
212
436
258
164
180
124
191
183
67
166
85
207
81
24
151
262
101
24
262
194
196
190
154
202
196
184
182
113
162
72
189
117
175
184
235
135
156
141
262
246
244
146
256
205
205
178
224
186
186
204
190
184
196
192
136
187
184
121
119
174
226
223
201
148
196
220
213
119
170
168
195
189
202
228
178
113
263
157
190
147
182
192
184
208
158
210
234
181
452
431
162
433
309
338
434
331
309
311
335
425
436
433
339
434
395
205
431
368
335
478
337
430
327
484
122
305
325
398
427
431
345
340
327
427
303
214
304
356
304
203
259
326
417
425
304
378
475
178
215
225
462
405
25
396
320
426
154
323
325
304
139
46
250
374
359
53
406
232
153
157
271
371
252
360
137
451
188
125
211
435
258
164
180
123
190
182
67
166
84
207
80
24
150
262
100
24
262
193
195
190
153
202
196
184
181
112
161
71
188
117
174
183
235
134
155
140
262
246
244
145
256
205
204
177
223
186
186
203
189
183
195
192
135
187
184
121
118
173
226
222
200
147
196
219
212
119
170
167
195
189
202
227
177
113
262
156
189
147
181
192
184
208
157
210
233
181
