91
452
432
434
338
310
310
434
339
310
311
310
335
434
427
331
437
434
434
435
433
396
307
369
166
335
431
205
307
306
478
431
327
485
305
338
326
128
432
399
427
427
341
178
345
214
417
327
139
303
431
304
326
426
359
354
378
476
122
304
153
485
216
304
406
226
462
160
324
26
375
426
250
325
304
42
134
321
54
397
372
153
158
361
232
361
254
42
110
212
188
178
180
123
183
166
67
54
85
262
81
24
43
151
24
259
207
101
48
37
194
75
196
151
202
187
196
154
190
136
166
184
113
162
72
117
181
175
223
133
184
246
235
141
190
156
146
186
262
214
244
144
205
186
204
198
209
184
199
189
259
188
60
136
190
121
187
184
198
148
119
168
220
170
196
176
122
179
227
192
174
157
178
113
147
227
188
193
176
256
158
184
200
452
431
434
338
309
309
433
338
309
311
310
334
434
427
331
437
434
434
435
432
395
306
369
165
335
430
205
307
306
477
430
326
485
304
338
325
127
431
398
427
426
340
177
345
213
417
327
139
303
431
303
325
426
358
354
378
476
122
304
152
485
215
303
405
226
461
160
323
25
374
426
249
324
304
41
134
321
54
396
371
153
158
361
231
361
254
41
109
211
188
178
180
123
183
166
67
53
85
262
80
24
43
151
24
258
206
101
47
37
193
75
196
151
202
186
195
153
190
136
166
183
113
162
71
117
181
175
217
133
183
246
235
141
189
156
145
185
261
214
243
144
204
186
203
197
208
183
199
189
258
187
60
136
189
120
187
183
198
147
118
168
220
170
195
176
121
179
226
191
173
157
177
112
147
226
187
193
175
256
158
184
199
