93
216
446
451
401
447
445
266
216
203
216
447
403
415
216
213
221
290
216
401
61
205
64
446
349
451
67
341
34
39
223
263
430
73
97
314
259
85
444
235
77
486
405
378
222
219
475
224
203
141
73
330
36
240
84
47
216
243
206
478
221
223
289
400
364
265
184
351
391
57
329
259
158
203
217
221
210
135
464
402
264
392
300
475
201
216
77
294
57
138
242
377
402
88
160
72
60
72
260
87
76
178
59
202
99
82
42
226
26
76
31
212
41
104
76
64
248
107
109
79
26
104
93
58
66
34
91
106
39
91
55
236
96
69
73
98
82
98
109
98
124
25
70
109
33
81
82
40
107
238
33
112
86
48
34
97
31
97
106
37
97
79
115
46
37
91
48
260
86
91
101
58
62
48
101
29
74
101
250
80
87
87
82
107
72
216
25
215
446
450
401
446
445
265
215
203
216
447
403
415
216
213
221
290
216
401
60
205
63
445
348
451
66
340
33
39
223
262
430
72
97
314
258
85
443
234
76
486
404
378
222
219
474
224
203
141
73
330
36
239
83
46
216
242
206
477
221
223
289
399
364
264
183
351
390
56
329
258
158
203
217
221
210
135
463
401
263
391
299
474
201
216
76
293
56
138
242
377
405
87
159
72
60
72
259
86
75
177
59
202
99
81
41
226
26
76
31
212
40
104
76
64
245
106
108
78
25
104
93
58
65
33
91
106
39
91
55
236
96
69
73
98
81
98
109
98
124
25
70
109
32
81
81
40
106
238
33
112
85
48
34
96
31
96
106
36
96
78
114
45
36
91
48
260
86
91
101
58
62
47
100
29
74
101
250
79
86
87
82
106
71
216
25
