93
452
432
434
338
310
310
434
310
311
335
310
434
339
331
427
437
434
434
435
396
433
307
369
335
431
306
307
478
431
327
166
485
305
338
326
432
399
427
341
345
427
214
305
178
417
303
327
431
326
304
426
354
359
259
124
378
304
476
485
304
216
406
160
226
462
324
26
156
375
426
54
250
325
304
406
42
397
136
272
321
372
119
158
361
231
188
139
361
212
42
436
452
485
180
123
183
166
67
54
85
81
24
151
43
24
262
207
259
101
48
37
194
196
67
148
202
196
154
160
136
184
113
162
187
72
117
181
175
133
184
235
141
156
246
146
171
190
186
244
262
144
186
205
204
209
198
224
194
184
259
199
60
190
136
121
198
187
184
148
119
181
168
220
192
170
196
220
202
122
174
244
263
227
157
184
113
147
227
184
213
188
158
176
210
192
49
452
431
434
338
310
310
434
310
311
335
310
434
339
331
426
437
434
434
434
395
433
306
368
335
430
305
306
477
431
327
165
485
305
338
325
431
398
427
340
345
426
213
304
178
416
303
326
430
325
304
425
354
358
259
124
377
303
476
485
304
215
406
159
226
462
323
26
155
374
426
54
250
325
304
405
42
396
135
271
320
371
118
158
361
231
187
138
361
211
42
435
451
485
180
122
183
165
67
54
85
81
24
150
43
24
262
206
259
101
48
37
194
196
67
148
202
196
154
160
135
184
113
161
186
72
117
180
174
132
184
234
140
155
245
146
171
189
185
243
262
144
186
205
204
209
198
223
194
184
258
199
60
190
136
121
197
187
184
147
119
181
168
220
191
170
196
219
202
122
173
244
262
227
157
183
112
147
226
183
210
187
158
176
210
192
49
