92
129
393
476
129
109
129
71
258
86
132
454
130
424
325
129
132
394
62
85
459
132
337
318
245
59
401
130
105
300
463
99
256
72
130
305
394
136
174
101
398
344
67
445
339
431
131
142
306
97
337
196
130
131
193
276
393
312
115
443
412
66
300
157
136
317
487
72
75
379
407
27
465
356
86
313
115
93
164
444
359
455
78
189
407
152
132
478
341
244
313
322
385
118
238
33
157
61
136
44
63
55
61
43
175
28
42
146
28
42
64
40
261
43
35
32
59
45
248
187
73
40
33
256
41
55
205
24
53
246
63
51
227
226
262
33
185
44
256
28
55
63
50
65
218
236
75
261
261
263
47
44
34
251
68
68
82
62
70
65
34
241
258
24
44
26
66
252
71
76
54
263
43
73
24
37
44
57
71
254
209
42
42
52
29
129
393
475
129
108
129
70
258
86
132
453
129
424
325
129
132
393
62
84
459
132
337
318
244
59
401
129
104
300
462
98
256
71
129
305
393
135
173
100
398
344
66
445
339
431
130
142
306
96
337
196
130
130
193
276
393
312
114
442
412
66
300
157
136
317
487
72
74
379
407
27
464
356
86
313
114
92
164
444
359
455
78
189
407
152
132
478
341
243
313
322
385
118
238
32
156
60
136
43
62
55
61
42
174
28
42
146
28
42
63
39
261
43
35
32
59
44
248
186
72
39
33
256
41
55
204
24
52
245
63
50
227
226
262
32
185
43
255
28
55
63
50
64
217
236
75
261
261
263
46
44
34
250
68
68
82
62
69
65
34
241
258
24
44
26
66
252
71
75
54
263
43
72
24
37
43
57
71
254
209
41
42
52
29
