34
441
333
447
448
442
441
326
441
440
354
446
321
447
466
250
342
230
326
254
455
468
270
101
437
468
323
324
333
266
233
372
320
322
273
186
70
90
118
198
233
119
246
262
260
101
142
145
110
139
230
137
129
124
129
133
242
159
111
88
71
96
80
229
150
77
61
162
129
415
307
421
422
417
416
300
415
414
371
421
295
422
439
224
359
204
300
257
429
441
279
74
411
441
297
299
307
273
206
386
294
295
275
180
69
90
117
198
236
119
245
262
250
101
142
145
110
139
234
137
128
139
128
133
248
158
110
87
71
95
79
235
150
77
61
162
137
