64
452
432
434
310
310
434
437
332
435
434
335
340
433
427
205
478
307
368
305
431
431
485
305
214
304
338
354
432
341
325
304
417
304
462
184
476
485
322
426
356
204
216
303
42
375
178
406
232
26
158
406
453
427
250
303
163
325
365
378
232
55
253
153
436
180
124
183
81
67
85
101
156
193
24
205
262
75
259
190
184
145
201
169
113
154
72
117
146
259
181
207
135
144
205
244
189
190
180
191
196
60
148
204
147
178
136
205
122
168
201
121
184
119
113
202
190
220
170
180
182
195
211
178
227
194
190
178
208
452
432
434
309
310
434
437
332
435
433
334
340
433
427
204
477
307
367
305
430
430
485
304
213
304
337
353
431
341
324
304
417
303
461
184
476
485
321
426
355
203
215
303
42
375
177
406
231
25
157
405
453
427
250
302
162
325
365
378
232
54
253
152
436
179
124
182
81
67
84
101
156
193
24
205
262
75
258
190
184
145
200
168
113
154
72
116
145
259
183
206
135
143
205
243
189
189
179
190
195
60
147
203
146
177
136
204
121
168
200
121
184
118
112
201
189
219
169
179
182
195
211
177
227
193
190
177
207
