96
129
393
476
109
129
71
132
132
258
86
424
130
454
326
129
85
394
62
337
459
140
34
27
55
245
300
99
130
105
401
46
316
463
255
432
37
72
130
136
174
41
398
394
48
130
101
441
50
339
345
40
97
306
336
60
142
131
28
131
193
443
115
196
69
131
94
276
412
393
312
136
300
321
74
157
72
487
359
164
407
379
465
86
316
313
356
341
189
115
455
132
340
93
385
132
478
118
238
33
61
157
44
28
61
63
55
28
175
42
40
147
40
42
64
35
261
51
248
260
49
59
40
256
187
73
248
248
31
32
41
44
238
55
205
246
63
263
227
53
238
48
51
28
224
185
226
226
63
55
50
263
29
236
24
256
75
41
47
65
253
223
244
261
34
261
263
82
68
53
31
66
65
70
43
54
258
241
44
66
63
252
26
209
37
71
73
38
197
76
29
71
254
128
393
475
108
129
71
132
131
258
86
424
130
454
325
128
85
394
62
336
458
140
34
27
55
245
300
99
130
104
400
46
316
463
255
432
37
72
130
135
174
41
397
394
47
130
101
441
49
339
345
40
97
306
335
60
142
131
28
130
193
443
115
196
69
131
94
276
412
392
312
135
300
320
74
157
72
487
359
164
407
379
465
86
316
313
355
341
189
114
455
132
340
93
385
131
477
118
237
33
60
157
44
28
60
63
55
28
175
42
39
147
40
42
64
35
261
51
248
259
49
59
40
256
187
72
248
247
31
31
41
44
237
55
205
245
63
263
226
53
238
48
51
28
224
185
225
225
63
55
50
263
29
235
24
255
75
41
47
65
253
222
244
261
34
260
263
82
68
53
31
66
65
70
43
54
258
240
44
66
63
251
25
209
37
70
73
38
197
76
29
70
253
