85
452
432
434
310
310
310
310
434
437
435
335
434
434
340
434
338
335
433
307
434
427
396
205
478
368
307
431
335
431
485
327
338
307
305
162
397
326
214
154
324
304
427
432
427
345
354
417
304
358
325
327
476
485
155
426
356
462
372
341
303
258
204
216
26
406
42
386
406
158
361
427
453
250
325
54
232
364
253
231
436
270
272
372
118
378
180
124
183
54
81
34
67
85
101
193
151
24
34
262
48
166
205
75
157
64
259
196
190
184
201
145
113
193
154
72
165
181
133
117
187
181
178
146
203
148
259
232
135
243
156
207
189
244
196
205
262
196
60
213
204
147
180
168
141
205
224
178
136
119
121
122
189
202
113
186
220
190
170
195
192
184
211
190
227
208
222
263
157
184
178
452
432
433
309
309
309
309
433
436
434
335
434
434
339
434
338
335
432
307
433
426
395
205
478
368
307
430
335
430
485
327
338
306
305
161
396
325
214
153
323
303
426
431
426
345
354
416
304
358
325
327
476
485
155
426
356
462
371
340
303
257
203
216
26
406
42
386
405
158
360
426
453
249
325
53
232
363
253
231
436
269
271
371
117
378
180
124
182
54
80
34
66
84
101
192
150
24
34
262
48
165
204
75
157
64
259
195
189
184
201
145
113
193
153
72
164
180
133
116
187
180
177
146
206
147
258
231
134
243
155
207
188
243
195
204
262
196
60
221
204
147
179
167
140
205
224
180
135
119
121
121
189
202
113
185
219
190
170
195
191
183
210
190
227
207
221
262
157
181
177
