94
452
432
161
434
338
310
310
434
335
310
311
310
426
331
434
435
339
437
434
434
396
433
307
369
205
335
431
307
478
307
431
327
485
338
305
326
427
432
399
345
341
214
427
327
303
305
356
326
417
204
431
304
304
259
426
304
485
378
476
216
184
463
406
226
26
304
397
427
324
250
161
163
321
325
375
150
359
272
130
153
47
372
406
232
158
361
253
136
44
436
212
452
348
125
180
123
192
183
166
67
54
85
151
81
24
43
262
207
24
194
262
101
48
37
196
67
148
202
190
196
154
160
184
136
113
162
72
182
117
175
235
133
184
156
141
146
246
262
244
171
205
186
186
178
144
259
205
224
204
190
60
184
196
136
191
181
121
187
119
220
174
223
148
170
204
182
227
196
168
188
195
263
223
178
119
157
202
228
113
147
190
262
176
210
158
192
169
206
452
432
161
434
338
310
310
434
335
310
311
310
426
331
434
435
339
437
434
434
395
433
307
369
204
335
431
307
478
307
431
327
485
337
305
326
426
432
399
345
341
213
426
327
303
305
355
326
417
203
431
304
304
259
425
304
485
377
476
216
184
463
406
226
26
304
397
426
324
250
160
162
321
325
374
149
358
271
129
152
47
372
406
232
158
361
252
136
43
435
211
452
348
124
180
123
191
183
165
67
54
85
151
81
24
43
262
207
24
194
262
101
48
37
196
67
148
202
190
196
154
160
184
136
113
162
72
181
117
175
235
133
184
156
141
146
245
262
243
171
205
186
186
177
144
259
205
224
203
190
60
184
196
136
190
181
121
186
119
219
174
222
148
169
204
181
227
196
168
188
195
263
217
178
118
157
202
228
113
147
189
252
175
210
158
192
168
206
