96
401
451
446
216
266
290
445
403
216
415
64
207
400
447
216
221
216
214
42
205
70
223
349
216
67
216
263
36
38
60
452
97
84
141
430
410
341
219
98
203
264
85
444
235
83
73
313
329
475
377
405
79
478
225
210
102
240
258
220
56
83
222
377
66
300
400
216
224
277
184
205
313
292
244
364
77
196
221
391
158
403
351
464
200
216
447
329
259
477
383
393
264
175
185
365
57
72
61
72
160
76
31
87
82
178
41
64
56
41
99
226
76
205
26
109
76
102
58
108
190
79
216
66
81
94
104
109
109
55
70
37
24
26
109
88
25
106
91
236
96
40
91
42
33
98
83
98
69
86
33
91
98
82
91
47
115
104
98
73
119
29
31
238
124
78
37
109
24
90
25
97
81
55
87
79
91
62
97
60
99
253
263
46
37
73
106
101
48
25
50
108
87
401
451
445
216
266
290
444
403
216
415
64
206
400
446
216
221
215
213
41
204
70
223
348
216
66
215
263
35
37
59
451
96
84
140
430
410
341
219
98
202
264
85
444
235
83
72
313
329
474
376
405
78
477
225
210
102
240
258
220
55
83
222
377
65
300
400
216
224
277
184
205
313
292
244
364
77
196
220
391
158
403
350
463
199
216
447
329
259
476
383
393
264
175
184
364
56
72
61
71
159
76
31
86
82
177
41
64
55
41
99
226
75
204
26
108
76
101
57
107
201
79
216
66
81
94
103
109
108
55
69
37
24
26
108
87
25
106
90
235
96
39
91
42
33
97
82
98
69
86
32
91
97
82
91
47
114
103
98
73
118
29
31
238
124
78
37
108
24
90
25
97
81
55
87
79
90
62
96
60
99
253
262
46
37
73
106
101
48
25
50
107
87
