92
219
401
451
446
266
290
445
403
415
447
204
42
64
221
216
400
61
213
205
223
451
67
349
263
38
36
97
84
141
341
430
83
410
444
313
478
475
98
203
329
219
406
85
378
264
487
78
292
223
235
73
210
102
259
240
222
220
364
83
400
200
277
77
184
313
243
224
73
377
300
55
365
158
402
135
390
329
393
65
351
477
447
205
221
194
259
264
175
184
60
383
57
159
72
61
72
76
31
87
82
41
99
59
109
64
76
226
41
104
26
76
58
109
79
108
66
94
81
109
55
70
26
37
40
24
236
42
86
98
88
25
33
109
98
91
82
106
73
69
90
34
96
91
91
98
91
82
98
47
97
104
31
101
78
81
37
24
33
124
109
72
29
115
24
91
62
101
79
46
101
119
97
73
262
111
86
52
37
48
25
50
54
105
87
219
401
450
445
266
290
444
403
415
446
204
42
63
220
215
400
60
212
205
222
450
66
348
262
37
35
96
83
141
341
430
82
410
444
312
478
475
98
202
328
218
406
85
378
264
486
77
292
222
234
72
210
102
259
239
222
219
363
83
400
200
277
77
184
312
242
223
72
377
300
55
365
157
402
134
390
329
393
65
350
476
447
205
220
194
258
263
175
184
60
383
56
159
72
61
72
76
30
86
82
41
99
58
108
64
75
226
41
103
25
75
58
108
79
107
65
94
81
108
54
70
26
37
39
24
236
42
86
98
88
25
33
108
97
91
81
106
73
69
90
34
96
91
91
97
91
81
98
47
97
103
31
101
77
81
36
24
33
124
108
72
29
114
24
90
62
100
79
45
100
119
96
72
262
110
86
52
36
47
24
50
53
104
87
