93
451
446
216
401
445
403
203
293
266
414
216
221
451
42
64
213
69
401
447
97
67
39
349
204
223
85
141
36
314
263
219
430
77
406
98
84
73
378
235
59
85
240
258
203
444
341
475
224
216
264
222
486
364
221
398
293
329
206
223
478
243
66
221
82
330
217
210
391
158
184
476
351
201
56
292
403
263
377
258
464
277
392
193
447
203
57
390
382
233
133
138
446
77
60
72
160
72
87
82
59
28
76
42
202
76
107
109
61
26
103
41
97
109
79
93
107
76
58
55
70
82
39
66
109
34
69
98
91
40
91
82
96
104
91
82
91
25
236
26
98
124
238
106
98
73
97
48
31
38
46
112
34
86
33
119
86
104
32
256
91
80
91
37
73
97
101
115
89
62
48
72
37
58
79
101
52
262
48
87
90
105
39
101
82
251
81
451
446
216
401
445
403
203
292
265
413
216
221
450
41
64
212
69
401
446
97
66
38
348
204
223
84
141
36
314
262
218
430
76
406
98
83
73
378
234
58
85
239
258
203
443
341
474
223
216
263
221
486
363
221
398
293
328
205
222
477
242
66
220
82
329
217
209
391
158
184
475
350
201
56
291
403
263
377
258
464
277
392
193
446
203
56
390
382
232
133
138
445
77
60
72
160
72
87
81
58
28
76
41
204
75
106
108
60
25
103
40
97
109
79
92
106
76
57
54
69
82
38
65
108
34
69
97
91
39
91
82
95
104
91
82
90
24
235
25
97
124
238
105
98
72
96
48
30
37
45
111
34
86
32
119
85
104
31
256
90
80
91
37
73
96
100
115
89
62
47
71
36
58
79
100
52
262
48
87
89
104
39
101
82
251
81
