98
217
446
451
401
445
266
216
207
216
447
403
216
221
415
213
216
401
288
64
451
70
447
67
444
60
39
223
34
205
263
349
430
341
73
235
85
97
258
314
77
84
98
405
298
224
219
222
410
141
378
486
203
84
475
240
216
36
313
47
243
400
223
82
58
331
206
478
221
364
351
391
329
265
184
259
292
158
222
133
196
217
210
402
366
392
464
264
201
89
216
138
57
77
475
343
233
377
277
160
72
60
72
87
76
178
56
202
99
82
226
76
42
26
212
41
31
64
109
102
260
79
239
104
93
58
104
76
66
107
34
26
91
96
91
106
91
39
69
55
91
98
28
124
109
98
24
70
82
73
25
40
97
82
238
81
24
107
33
31
34
104
114
32
112
86
48
97
97
79
46
106
37
37
89
91
86
101
55
260
91
62
24
101
58
48
101
25
250
82
87
80
74
222
39
72
79
217
446
451
401
445
266
216
207
216
447
403
216
221
415
213
216
401
288
64
451
70
446
67
443
60
39
223
34
205
263
348
430
341
73
235
85
97
258
314
77
84
98
405
298
224
219
222
410
141
378
486
203
84
475
240
216
36
313
47
243
400
223
82
58
331
206
478
221
364
350
391
329
265
184
259
292
158
222
133
196
217
210
402
366
392
464
264
201
89
216
138
57
77
475
344
233
377
277
160
72
60
72
87
76
178
56
201
98
82
226
76
42
26
212
41
31
64
108
102
260
79
238
104
93
58
104
76
66
106
34
26
91
96
91
106
91
39
69
55
91
98
28
124
109
98
24
70
82
73
25
40
97
82
238
81
24
107
33
31
34
104
114
32
112
86
48
96
96
79
46
106
37
37
89
91
86
101
55
260
91
62
24
101
58
48
101
25
250
82
87
80
74
221
39
72
79
