93
451
446
216
266
207
401
451
404
221
445
216
415
293
42
64
447
401
212
67
222
204
70
36
60
235
350
73
97
341
263
39
486
314
98
478
430
259
84
141
411
219
224
85
222
406
240
77
475
378
313
84
444
243
220
66
158
329
364
400
331
223
351
259
83
210
201
264
222
217
135
203
393
216
264
138
292
292
56
464
229
193
57
202
205
377
403
181
391
446
233
383
277
365
60
72
160
76
56
72
107
82
76
87
199
42
29
109
64
97
41
26
79
58
76
102
81
104
96
107
91
109
26
66
94
73
39
91
86
34
91
55
70
24
109
124
91
98
98
82
69
98
82
24
40
236
33
46
119
91
46
97
31
32
34
97
37
104
91
102
106
86
260
101
46
101
247
48
82
39
90
115
58
205
52
87
25
112
72
62
34
80
251
39
103
79
108
451
446
216
266
207
401
451
404
220
445
216
415
292
41
64
447
400
212
67
221
203
69
36
60
234
349
72
97
341
263
38
486
314
98
478
430
259
84
140
411
218
223
84
221
406
239
77
474
378
312
83
444
243
220
66
158
329
363
400
331
223
350
259
82
209
201
263
222
217
134
203
393
213
264
137
291
292
56
464
230
193
56
202
204
377
402
181
391
446
233
383
276
365
60
72
160
76
56
72
106
81
75
86
202
42
29
109
63
97
41
25
78
58
75
102
81
103
95
107
91
109
26
66
94
73
38
91
85
34
91
54
70
24
108
124
91
97
98
82
69
97
81
24
40
236
32
45
119
91
45
96
30
31
33
96
37
103
90
101
105
85
259
101
45
101
241
47
82
39
90
115
58
204
51
87
24
111
71
62
33
80
250
39
103
79
108
