98
393
129
476
109
129
71
129
132
132
258
86
424
130
454
326
129
85
394
62
459
337
140
34
27
55
245
300
402
99
130
105
316
463
255
46
432
72
398
48
130
135
174
41
394
130
37
101
441
339
49
97
345
306
337
60
142
131
193
443
28
116
196
130
69
94
131
412
393
130
276
300
321
136
74
487
157
72
407
379
359
444
164
465
86
313
316
356
341
189
115
456
132
340
93
385
132
487
478
238
118
33
61
157
44
136
28
61
63
55
28
175
42
40
147
40
42
64
261
35
51
245
259
49
59
40
248
256
187
73
31
32
41
248
44
55
227
238
205
248
63
263
53
48
235
51
28
185
224
63
226
55
50
263
29
236
75
41
24
47
65
259
253
244
226
34
261
215
261
68
53
82
31
70
66
65
258
241
43
263
54
44
66
252
63
26
209
37
71
76
38
197
76
29
71
58
254
393
128
476
109
129
71
129
132
132
258
86
424
130
454
326
128
85
394
62
459
337
140
33
26
55
245
300
401
99
130
105
316
463
255
45
432
72
398
47
130
135
174
40
394
130
36
101
441
339
48
97
344
306
337
60
142
131
193
443
28
116
196
130
69
94
131
412
392
130
276
299
321
136
74
487
157
72
406
378
359
443
164
465
86
312
316
356
340
189
115
456
132
339
93
385
132
487
478
238
117
33
61
157
44
135
28
61
63
55
28
175
42
40
147
40
42
64
261
34
51
244
259
49
59
40
248
256
187
73
31
32
41
248
44
55
226
238
204
248
63
263
53
48
235
51
28
185
224
63
223
55
50
263
29
236
75
41
24
47
65
259
253
244
226
34
260
214
261
67
53
82
31
70
66
65
257
241
43
262
54
44
66
252
63
26
208
37
71
76
38
197
76
29
71
58
254
