39
445
396
260
441
344
32
425
289
235
256
441
401
438
68
216
215
217
409
229
256
127
445
458
439
219
302
379
372
337
260
256
274
252
471
361
52
289
236
374
61
69
73
72
105
92
34
28
82
63
96
27
83
91
98
74
58
42
95
93
98
106
56
236
33
27
103
72
27
52
103
79
83
73
73
87
38
105
34
440
391
255
436
339
27
420
284
230
251
436
396
433
63
211
210
212
404
224
251
122
441
453
434
214
297
373
367
332
255
250
269
247
466
356
47
283
231
369
61
68
72
71
104
92
33
27
81
62
95
26
82
90
95
73
58
41
95
93
98
105
55
235
33
27
105
69
26
51
100
79
82
72
72
86
37
104
34
