98
452
432
161
309
310
434
310
310
339
434
310
338
427
332
434
435
331
425
434
437
434
396
307
433
433
335
205
341
307
306
485
431
342
427
369
431
477
326
338
305
399
214
432
425
417
354
326
304
304
259
304
205
406
328
485
375
232
304
184
216
134
120
26
250
378
150
331
406
42
304
325
359
356
397
272
341
158
178
161
232
164
55
304
153
194
254
462
420
372
361
44
134
487
244
486
212
42
318
180
124
192
85
67
183
54
43
262
85
30
166
232
156
24
194
207
262
48
101
37
196
154
64
74
196
190
145
136
166
72
154
155
243
202
113
184
175
181
117
184
146
135
207
186
207
186
259
244
224
205
175
121
263
61
169
184
190
191
136
215
188
119
170
183
188
144
202
122
176
196
196
147
174
263
135
113
201
204
227
182
193
220
178
200
193
181
196
157
186
101
178
34
238
49
158
176
211
452
431
160
309
310
433
310
310
338
434
310
337
427
332
434
434
331
424
434
437
434
396
306
433
433
334
204
341
306
305
485
431
342
426
369
430
476
325
338
305
398
213
431
425
416
353
326
304
304
259
303
205
406
328
485
374
232
303
184
216
133
120
26
250
378
149
331
406
42
304
324
358
356
396
272
341
158
177
160
232
163
54
303
152
194
254
461
420
371
360
44
134
487
244
486
211
42
317
180
124
192
85
67
182
54
43
262
84
30
165
231
156
24
193
207
262
48
101
37
196
154
64
74
195
189
145
135
165
71
154
154
243
201
112
183
174
180
116
184
146
134
207
186
206
186
258
244
224
205
174
120
263
60
168
184
190
191
136
214
188
119
170
182
187
144
201
121
175
196
195
147
173
262
135
113
200
204
227
182
192
220
178
200
193
181
195
156
185
100
177
34
238
49
158
175
211
