96
452
432
434
310
309
310
338
434
310
434
339
437
435
310
335
434
434
427
396
433
335
205
434
307
307
166
431
369
307
338
431
336
478
345
485
122
326
305
399
432
327
427
427
304
214
354
327
326
476
341
462
304
378
304
326
77
431
304
259
485
204
184
324
434
417
216
325
232
359
139
272
406
426
123
360
232
250
110
178
150
397
47
26
406
361
153
453
158
55
375
372
305
160
321
419
304
180
123
183
61
85
75
166
85
51
24
262
101
193
34
151
37
48
259
196
70
205
190
58
148
136
187
154
202
160
182
113
193
184
156
72
190
171
120
184
133
161
235
246
259
146
209
262
183
196
140
180
205
184
172
193
247
144
244
224
61
178
191
148
208
186
136
204
184
198
214
263
121
220
213
188
227
170
241
201
188
174
119
119
202
147
178
192
112
193
168
157
110
198
226
196
216
452
432
434
310
309
310
338
434
309
434
339
437
435
309
335
433
434
426
395
433
335
205
434
306
306
165
431
369
307
338
431
336
478
345
485
122
326
304
399
432
327
426
427
303
214
354
326
325
476
341
462
304
377
304
325
76
431
303
258
484
203
184
323
434
416
216
325
232
359
138
271
405
425
122
360
231
249
110
177
149
397
46
26
405
361
153
453
158
54
374
371
305
159
321
418
303
179
122
183
60
85
75
165
85
50
24
262
100
192
33
150
37
48
258
196
70
204
190
58
147
135
186
154
202
159
182
112
192
183
155
72
190
171
120
183
133
160
234
245
259
146
209
261
183
196
139
179
204
183
172
193
244
144
243
224
61
178
191
147
207
186
136
203
184
198
214
262
120
219
212
188
226
170
240
201
187
174
118
118
202
146
178
192
111
193
168
157
110
198
226
195
216
