32
307
310
160
432
395
436
433
432
434
204
339
367
340
302
325
302
226
368
258
203
242
404
474
52
214
41
153
177
253
28
118
150
85
37
189
48
193
100
85
110
183
190
262
200
136
262
262
241
190
171
221
178
239
118
199
189
135
119
177
199
193
119
190
188
307
311
161
433
396
437
434
433
435
207
340
369
342
303
326
304
228
369
260
204
244
406
475
53
215
42
154
178
254
29
119
151
84
27
189
41
190
99
84
109
182
192
262
197
136
261
261
241
189
171
215
177
241
118
198
188
135
119
177
198
192
118
190
188
