90
452
432
434
338
310
310
310
339
434
311
310
335
437
427
435
434
434
331
433
160
307
433
396
335
431
368
307
306
478
431
485
327
345
305
326
397
338
432
427
427
341
214
417
354
259
327
431
304
178
426
139
303
476
304
378
485
406
304
216
150
123
324
226
462
375
26
426
250
406
361
47
325
321
304
55
158
155
232
134
372
305
253
361
153
364
188
164
178
452
258
181
123
183
166
54
70
81
262
85
24
43
151
101
259
193
48
37
207
75
191
151
64
198
196
154
201
136
166
184
113
72
165
156
120
175
181
181
133
246
235
140
146
186
207
224
262
144
205
190
204
214
244
199
259
184
60
121
190
136
189
213
148
190
184
168
119
223
170
202
190
119
196
227
220
193
113
201
227
179
157
110
190
147
178
211
184
181
200
192
234
452
432
433
338
310
310
310
339
434
311
310
335
437
426
434
434
434
330
433
160
307
433
395
334
431
368
306
305
478
430
484
327
344
305
326
397
337
432
426
427
341
214
416
353
259
327
431
304
177
426
138
302
476
303
378
485
405
303
215
149
123
324
226
461
375
26
426
249
406
360
47
324
320
304
55
158
154
232
133
372
305
252
361
152
364
187
164
177
452
257
180
123
183
166
54
70
81
262
85
24
43
151
101
258
193
48
37
206
75
190
150
64
197
195
153
201
135
166
183
113
71
165
156
119
175
181
180
133
245
234
140
145
186
206
224
262
143
204
190
204
213
243
199
259
184
60
121
190
136
189
212
148
189
183
167
118
222
169
202
189
119
195
227
219
192
113
200
226
178
157
110
189
147
178
210
184
181
199
191
234
