41
412
412
37
389
216
417
217
369
360
280
165
381
413
422
472
347
370
265
240
316
41
211
266
139
461
439
376
395
293
217
331
373
110
416
449
301
216
76
81
392
236
100
88
95
74
121
73
70
93
56
44
66
54
110
30
84
53
48
54
79
115
105
259
106
26
104
97
35
98
37
131
109
103
110
124
70
112
80
123
103
84
94
422
422
48
397
224
428
224
378
372
291
175
393
423
432
484
359
382
258
249
328
51
218
276
149
471
449
386
404
302
224
343
383
119
427
457
313
223
84
89
399
246
99
87
95
73
117
70
69
92
55
43
65
53
110
29
83
52
46
51
78
114
111
258
106
25
103
96
31
97
33
130
109
102
109
124
66
111
79
122
114
83
93
