42
208
204
403
403
182
360
460
204
406
301
367
381
254
403
447
155
34
404
204
304
231
212
184
209
268
226
140
130
400
320
172
57
349
281
338
439
290
453
259
415
72
350
124
223
98
88
41
96
84
235
76
43
54
77
54
108
97
66
98
124
262
116
79
134
112
70
44
97
31
26
32
109
84
52
95
28
56
65
112
107
104
126
103
105
216
211
412
412
194
370
472
211
415
312
378
389
246
412
456
164
44
414
211
315
240
220
194
216
278
235
149
139
409
331
180
63
358
292
349
446
301
462
268
427
80
360
120
225
97
87
46
95
83
234
75
40
53
76
50
105
96
65
97
123
261
115
78
133
111
69
43
93
30
25
29
108
83
57
92
27
55
62
111
106
103
126
103
111
