76
393
130
85
59
70
423
256
114
395
324
131
85
475
458
26
135
314
97
59
400
69
130
431
338
99
112
66
441
464
337
38
129
41
297
173
448
140
255
27
458
294
130
244
337
188
45
357
396
89
75
276
69
394
93
316
165
384
342
70
157
193
305
100
86
151
110
312
304
413
136
406
298
379
95
131
314
238
31
55
154
44
28
59
63
45
42
61
39
34
41
260
248
31
64
45
248
55
43
43
182
256
73
253
28
31
35
232
238
262
28
63
46
27
41
24
261
39
259
59
49
61
252
43
227
257
33
261
65
34
76
62
53
29
235
126
68
75
55
52
66
56
52
263
45
28
81
258
68
239
42
71
42
393
129
85
62
69
423
256
114
395
324
131
85
475
458
25
135
314
96
59
400
68
130
430
337
98
112
65
441
464
337
37
129
41
297
173
448
140
255
27
458
294
130
244
337
187
44
357
396
89
75
276
68
394
92
315
165
384
342
73
157
193
305
100
85
151
109
311
303
413
136
406
297
379
94
131
314
238
31
55
157
43
28
59
62
44
41
60
38
33
41
260
248
31
63
44
247
55
43
43
181
255
73
253
28
30
34
234
237
261
27
62
46
26
41
24
261
39
259
59
48
60
251
42
226
257
33
260
65
34
75
61
52
28
234
126
67
74
55
52
66
56
52
262
45
28
81
257
67
239
42
70
41
