83
452
432
310
434
310
310
339
434
338
310
434
335
434
435
437
434
335
425
396
434
307
434
369
336
307
307
478
431
338
431
485
326
397
306
305
427
326
341
427
432
327
304
354
304
462
304
417
345
326
304
485
426
304
205
213
216
324
476
26
360
406
325
226
361
378
426
47
250
406
321
172
158
304
375
348
54
436
195
134
250
253
453
372
180
124
54
183
34
67
262
85
166
78
34
151
24
194
101
48
205
262
196
70
148
58
202
193
160
136
184
154
182
113
72
171
181
88
117
232
183
141
246
135
161
259
207
244
180
172
190
156
193
205
61
204
190
175
152
136
148
199
119
188
121
204
190
147
184
220
119
170
202
227
199
112
220
169
166
192
208
203
178
132
190
190
157
451
432
309
433
309
309
339
433
337
309
434
334
434
434
437
434
335
424
395
433
307
433
369
336
307
306
478
430
337
431
485
325
396
305
305
427
325
341
427
432
327
304
353
304
462
304
416
344
325
304
485
425
304
204
213
216
324
475
26
360
406
324
226
361
378
426
47
250
406
320
172
157
304
375
348
54
435
195
133
250
252
453
372
180
124
54
182
34
66
262
85
165
78
34
151
24
193
100
48
204
261
195
70
148
58
201
192
160
136
183
154
181
112
71
171
180
87
116
232
183
141
246
134
161
259
206
243
179
172
189
156
192
204
60
203
190
178
152
135
148
198
119
187
120
203
189
146
184
220
118
169
201
226
199
112
219
169
165
191
207
203
180
132
189
189
157
