66
452
432
310
434
310
162
310
434
311
310
434
335
435
437
434
425
396
434
434
205
306
307
478
431
431
485
306
399
305
427
302
427
432
341
345
462
417
205
213
485
426
150
216
184
324
476
26
406
232
121
378
178
397
426
47
134
161
158
406
375
54
436
153
452
250
372
180
124
54
183
34
191
67
85
24
78
34
151
194
101
48
262
196
70
58
190
166
136
184
154
113
72
88
184
117
232
244
246
135
141
156
180
190
175
152
61
204
189
136
191
148
199
119
121
184
188
184
201
174
220
119
215
204
112
202
169
192
208
178
190
132
157
451
431
310
434
309
161
310
434
311
310
434
334
435
436
434
425
395
434
434
204
305
307
478
431
430
484
306
398
304
427
302
426
432
340
345
462
416
204
212
485
425
150
216
184
323
476
25
405
232
120
377
178
396
425
46
133
161
158
406
375
53
435
152
451
250
371
180
124
53
182
33
191
67
84
24
77
33
150
194
101
47
262
196
69
57
189
157
136
184
154
113
72
87
183
116
231
243
245
135
140
155
180
189
174
151
61
203
189
136
191
147
199
118
121
184
188
183
201
173
219
119
214
203
111
202
168
191
208
178
189
132
157
