94
452
432
434
161
338
310
310
434
335
310
311
310
426
331
434
435
437
339
434
434
396
433
307
369
205
335
431
307
478
307
431
327
485
338
305
326
427
432
399
345
341
214
427
327
303
305
356
204
417
304
326
304
431
259
426
304
378
485
216
476
406
463
226
184
44
26
139
397
427
324
250
304
161
163
375
321
325
359
47
372
406
158
231
361
253
42
153
436
212
452
150
348
178
485
180
123
183
192
166
67
54
85
151
81
24
43
262
207
24
194
101
262
48
37
196
67
148
202
190
196
154
160
184
136
113
162
72
182
117
175
235
133
184
156
141
146
246
262
244
171
205
178
186
259
186
205
144
224
204
190
184
60
136
199
121
181
187
191
204
119
213
174
223
148
170
220
204
182
168
227
196
195
119
157
202
113
227
147
190
176
178
210
158
192
188
169
201
49
452
432
433
161
338
310
310
434
334
310
311
310
425
330
434
434
437
338
434
434
395
433
307
368
204
334
431
307
478
307
431
327
484
337
305
326
427
432
399
345
341
213
427
326
302
304
355
203
416
303
326
304
431
258
425
303
377
485
215
475
406
462
226
184
36
25
133
396
426
323
250
304
161
162
374
320
325
358
46
371
406
157
231
361
253
41
153
435
212
451
149
347
177
485
179
123
182
192
166
67
54
85
151
81
24
43
261
206
24
193
101
262
48
37
196
67
147
201
190
195
154
159
183
136
113
161
71
181
117
174
235
133
184
156
141
146
245
262
244
170
204
178
186
259
185
205
144
224
204
189
184
60
136
199
120
180
186
190
206
118
209
173
223
148
170
219
203
181
167
226
195
195
118
157
202
112
226
147
190
176
177
210
158
191
187
169
200
49
