74
370
58
369
370
367
288
106
174
58
152
367
300
367
370
60
370
317
356
313
200
434
258
316
212
370
283
256
186
331
332
284
285
255
284
386
406
75
282
257
226
284
175
180
346
133
414
302
285
166
245
453
76
383
172
478
185
45
189
214
116
451
454
302
232
478
241
77
196
157
104
208
261
258
371
46
111
65
26
129
35
118
186
121
114
257
216
119
36
101
94
84
56
122
47
97
44
56
118
75
47
185
117
59
86
68
240
196
95
76
46
118
106
31
196
78
201
44
56
172
56
205
255
51
188
88
93
96
127
114
68
39
129
43
118
193
77
120
82
97
41
76
81
203
73
208
175
132
106
370
58
369
370
367
288
106
174
58
152
368
299
367
370
60
370
317
356
312
200
434
258
316
212
370
283
256
186
331
332
284
285
255
284
386
406
75
283
257
226
284
175
180
346
133
414
302
286
166
245
453
76
383
172
478
185
45
189
214
116
451
454
301
232
478
241
77
196
157
104
208
261
258
371
45
111
64
26
129
35
117
186
120
113
257
212
119
36
101
94
84
55
121
46
96
44
56
117
74
47
184
117
59
86
67
239
195
94
76
46
117
105
31
196
77
201
43
56
172
55
204
255
50
187
88
93
95
127
114
67
39
128
42
117
192
77
119
82
97
40
75
81
202
72
207
174
132
105
