93
451
446
216
401
445
403
203
293
216
266
414
216
221
451
42
64
213
69
216
401
447
97
67
39
349
204
223
85
141
36
314
263
219
430
77
406
98
84
73
378
235
59
85
240
258
203
341
475
224
264
222
486
364
221
398
293
329
206
223
444
478
243
66
221
82
330
210
391
158
184
476
217
351
201
56
292
403
263
377
258
464
277
193
392
203
446
57
390
233
382
133
138
77
60
72
160
72
87
82
59
28
178
76
42
226
76
107
109
61
26
103
212
41
97
109
79
93
107
76
58
55
70
82
39
66
109
34
69
98
91
40
91
82
96
104
91
82
91
25
26
98
124
106
98
73
97
48
31
38
46
112
34
239
86
33
119
86
104
32
91
80
91
37
73
256
97
101
115
89
62
48
72
37
58
79
52
101
48
251
87
90
39
105
101
82
81
451
446
216
400
444
403
203
292
216
265
413
215
221
450
41
64
212
69
216
401
446
97
66
38
349
204
223
84
141
36
314
262
218
430
76
405
98
83
73
378
234
58
85
239
257
203
341
474
223
263
221
486
363
221
398
293
328
205
222
443
477
242
66
220
82
329
209
391
158
184
475
217
351
201
56
291
403
263
377
258
464
276
193
392
203
446
56
390
232
381
133
138
77
60
72
160
72
86
82
58
28
178
76
41
225
75
106
108
60
25
103
212
40
97
109
79
92
106
76
57
54
69
82
38
65
108
34
69
97
91
39
91
82
95
104
91
82
91
24
25
97
124
106
98
72
97
48
30
37
45
111
34
239
86
32
119
85
104
31
90
80
91
37
73
256
97
100
115
89
62
47
71
36
58
79
52
101
48
253
87
89
39
104
101
82
81
