96
216
446
451
401
445
266
216
203
216
447
403
290
415
221
216
213
216
401
64
61
67
451
205
223
39
34
349
263
341
430
73
85
97
314
259
85
98
235
77
405
222
486
224
410
219
378
203
141
475
313
36
240
73
84
47
444
216
243
206
331
223
221
83
58
400
478
289
184
391
351
364
265
329
259
158
203
133
221
217
210
402
264
300
296
201
464
392
216
77
138
57
475
88
233
377
277
160
72
60
72
87
76
178
59
202
99
82
31
42
76
226
26
212
41
64
104
79
109
76
58
93
104
107
66
26
34
91
91
106
39
91
55
91
96
69
98
98
73
124
24
109
82
25
70
98
24
81
82
109
40
107
236
238
33
112
32
34
48
104
114
31
86
97
37
79
97
97
106
46
37
91
48
101
86
260
91
62
48
29
85
101
58
101
250
80
82
87
74
25
39
72
79
215
445
451
400
445
266
215
203
216
447
402
289
415
221
215
213
216
401
64
60
67
451
205
223
39
33
349
263
341
430
72
85
97
313
259
85
98
234
77
404
222
486
223
410
218
378
203
141
475
313
36
239
72
84
47
444
215
243
205
330
223
221
83
58
400
478
288
184
390
351
364
265
328
259
158
203
133
220
217
209
402
264
300
295
200
464
392
215
77
138
56
474
88
233
377
276
159
71
60
72
86
76
177
59
201
98
81
30
42
75
225
26
211
41
64
104
78
109
76
58
92
103
106
66
26
34
91
90
105
39
91
55
91
96
69
97
98
72
123
24
109
81
25
70
97
24
81
81
109
40
107
236
237
33
112
31
34
48
103
113
31
85
96
37
78
96
96
105
45
37
91
48
101
85
260
91
62
48
29
85
101
58
101
249
80
82
87
74
25
39
71
78
