85
452
432
161
310
434
310
310
339
434
338
310
434
335
434
435
437
434
335
425
396
434
434
307
369
307
336
307
478
431
338
431
485
326
397
306
305
427
326
341
427
432
327
354
304
304
150
304
462
417
345
304
326
205
485
426
304
216
213
324
476
26
121
360
406
325
361
378
426
250
47
161
406
172
321
195
158
375
348
153
164
54
436
452
250
372
180
124
192
54
183
34
67
262
85
166
78
34
151
24
194
101
48
205
262
196
70
58
148
202
160
193
136
184
154
182
113
72
171
181
88
117
232
183
141
246
135
161
207
259
244
189
172
180
190
156
205
193
175
61
204
190
136
152
148
199
119
188
188
121
204
147
184
220
170
119
204
202
199
227
203
112
169
166
178
182
192
208
190
132
157
452
432
161
309
434
309
309
339
433
337
309
434
334
434
435
437
434
335
424
395
433
433
307
369
307
336
306
478
430
337
431
485
325
396
305
305
427
325
341
427
432
327
353
303
303
150
303
461
416
344
303
325
204
485
425
303
216
212
324
476
26
121
360
406
325
361
378
426
250
47
161
406
172
320
194
157
375
348
152
163
53
436
452
250
372
179
124
192
54
183
34
66
261
85
165
78
34
151
24
193
100
48
204
261
195
70
58
148
201
160
192
136
184
154
181
112
71
171
180
87
116
232
183
141
246
134
161
206
259
243
189
172
179
189
156
205
192
177
60
203
189
136
151
148
199
119
188
187
120
204
146
184
220
169
118
203
201
198
227
202
112
169
165
178
182
191
207
190
131
157
