96
452
432
434
310
434
310
331
310
338
335
437
426
311
434
339
434
310
435
434
309
307
396
433
166
205
431
369
335
306
307
478
338
431
484
327
305
326
136
399
427
432
345
341
427
327
303
214
356
139
304
205
304
326
259
418
426
150
378
178
304
139
476
216
485
226
462
26
125
406
321
397
122
304
324
325
47
155
250
375
304
53
359
406
158
232
486
272
452
372
253
305
212
361
188
42
436
180
124
183
54
85
64
207
75
166
151
101
262
24
24
262
37
40
194
48
85
151
196
67
187
190
154
202
196
166
136
184
182
113
72
165
120
175
250
184
235
135
156
141
246
262
244
146
205
214
256
175
205
186
224
186
204
187
184
192
190
226
196
136
60
187
184
119
205
121
226
174
189
220
148
196
119
200
170
168
176
189
195
202
113
228
49
263
192
157
190
110
158
147
187
175
210
452
431
434
310
434
309
331
310
337
334
436
425
311
434
339
434
310
435
434
309
307
396
433
165
204
431
369
335
306
307
478
337
430
483
326
305
326
135
399
426
432
344
340
426
327
303
213
356
139
304
204
304
326
259
418
426
149
378
177
304
138
476
215
484
226
462
25
125
406
321
396
121
304
323
325
47
155
250
374
304
52
358
406
158
231
486
272
451
371
252
305
211
360
188
41
435
180
124
183
53
84
64
207
75
165
150
101
262
24
24
262
37
40
193
48
85
151
195
67
187
190
154
202
196
166
136
184
181
113
72
165
120
175
250
183
235
135
155
140
246
262
244
146
205
214
256
175
205
186
224
185
204
186
183
191
190
216
196
136
60
186
184
118
205
121
226
173
188
220
147
196
118
199
169
167
176
189
194
201
113
227
49
263
192
156
189
110
158
146
187
175
210
