98
393
129
476
109
129
71
129
132
132
258
86
424
130
454
326
129
85
394
62
459
337
140
34
27
55
245
300
401
99
130
105
316
48
463
255
432
72
398
130
135
174
394
40
41
130
101
441
46
50
339
345
97
306
337
60
142
131
193
443
28
115
196
130
69
94
131
412
130
276
300
321
136
74
393
487
157
72
407
444
359
379
164
465
86
313
316
356
341
189
115
455
132
340
93
478
385
132
487
238
118
33
61
157
44
136
28
61
63
55
28
175
42
40
147
40
42
64
261
35
51
245
259
49
59
40
248
256
187
73
31
239
32
41
44
55
227
205
248
63
53
229
263
48
51
28
250
224
185
226
63
55
50
263
29
236
75
41
24
47
65
259
253
244
226
34
215
261
68
53
82
31
261
70
66
65
258
263
43
241
54
44
66
252
63
26
209
37
71
73
38
197
76
254
29
71
58
393
129
476
109
129
71
129
132
132
258
86
424
130
454
326
128
85
394
62
459
337
140
34
26
55
245
300
400
98
130
105
316
47
463
255
432
72
398
130
135
174
394
39
41
130
101
441
46
49
339
345
97
306
337
59
142
131
193
443
28
115
196
130
69
94
130
412
129
276
300
321
136
74
392
487
157
72
406
444
359
378
164
465
86
312
316
356
341
189
115
455
132
340
93
478
385
132
487
238
118
33
61
157
44
135
28
61
63
55
28
175
42
40
147
40
42
64
261
34
51
245
259
49
59
40
248
256
187
73
31
238
32
41
44
55
227
205
248
63
53
229
262
48
51
28
250
224
185
226
63
55
50
263
29
236
75
41
24
47
65
259
253
244
226
34
215
261
68
53
82
31
261
70
66
65
257
262
43
241
54
44
66
251
63
26
209
37
71
73
38
197
76
254
29
71
58
