98
216
446
451
401
445
216
266
203
451
216
403
415
216
213
221
447
290
216
401
61
205
42
349
39
64
67
341
223
263
430
73
97
85
378
259
314
98
77
85
475
410
235
219
224
222
203
486
405
141
330
73
240
36
84
313
216
243
206
221
223
289
83
329
364
400
56
478
264
351
184
391
447
66
158
259
203
217
221
210
135
402
366
464
264
300
475
201
392
216
377
77
296
242
138
57
88
367
233
160
72
60
72
87
178
76
59
107
202
82
42
226
26
76
97
31
212
41
104
76
109
107
93
64
79
26
58
66
34
91
106
91
82
91
39
91
69
55
98
24
96
109
124
98
25
73
98
70
33
109
82
81
40
24
238
33
112
48
34
97
104
46
97
31
115
86
106
97
37
79
263
119
91
37
48
260
86
91
101
62
24
58
48
29
74
101
101
250
72
80
85
107
82
87
25
111
39
216
445
451
400
444
216
266
203
451
215
402
415
216
213
221
446
290
215
401
60
204
42
348
38
64
67
341
223
263
430
72
97
85
377
259
314
98
77
85
474
410
235
219
223
222
203
486
404
141
330
72
240
35
84
313
216
243
205
221
223
288
83
329
364
400
55
478
264
351
184
391
446
65
157
259
203
216
221
210
134
401
366
464
264
300
475
201
392
216
376
77
296
241
138
56
88
367
233
160
72
60
72
87
178
76
59
107
201
81
42
226
26
75
96
31
212
41
103
76
108
106
92
64
78
26
58
66
34
91
106
91
81
90
39
90
69
55
97
24
96
108
124
98
25
72
98
70
33
108
82
81
40
24
237
33
111
48
34
97
104
46
96
31
114
85
106
96
37
79
262
119
90
37
48
259
86
90
100
61
24
58
48
29
73
100
100
250
71
80
84
106
82
87
25
111
39
