97
129
393
476
109
71
129
129
132
132
258
86
424
130
454
129
325
85
394
62
318
337
459
140
27
34
55
245
300
99
130
105
46
401
463
255
432
37
72
305
130
136
174
48
394
398
130
101
441
339
50
345
40
97
306
337
142
60
131
28
131
193
443
116
196
69
131
276
94
412
393
300
321
74
136
157
72
164
359
407
379
465
86
316
313
356
341
189
115
444
455
132
340
93
375
385
132
478
118
238
33
61
44
154
136
28
61
63
55
28
175
42
165
42
40
42
64
32
35
261
51
260
248
49
59
40
256
187
73
248
248
32
41
44
238
55
24
205
246
63
238
53
227
48
51
28
185
224
226
226
63
55
50
29
263
236
24
256
75
41
47
65
253
223
261
244
34
261
68
53
31
82
66
65
54
43
258
241
44
66
63
252
26
209
37
71
263
73
38
197
76
205
29
71
254
129
393
475
109
71
129
129
131
132
258
85
424
129
453
128
324
84
393
62
317
336
459
140
27
34
55
244
299
98
129
105
45
401
462
254
432
36
72
305
130
136
174
48
393
398
130
101
441
339
49
345
39
97
306
336
142
60
131
28
131
193
442
116
196
69
131
275
94
411
393
300
320
74
136
157
72
163
359
407
378
464
86
316
313
356
341
189
115
444
455
132
340
93
374
384
132
477
118
237
32
60
44
153
135
27
61
63
55
28
174
42
164
42
39
42
64
32
34
260
51
259
247
49
58
40
256
186
73
248
248
31
40
44
237
55
24
204
246
62
237
52
227
48
50
27
184
224
225
226
63
54
50
28
262
235
24
256
75
41
46
64
252
222
260
244
34
261
68
53
31
82
66
65
54
42
258
240
43
66
63
251
25
208
37
71
262
72
37
196
76
205
29
71
254
