92
451
266
401
446
216
445
290
403
208
415
216
221
216
64
447
214
400
216
205
350
36
67
216
70
42
264
39
85
223
341
452
141
73
406
407
235
203
313
430
220
378
329
240
84
222
265
60
475
478
217
79
224
300
444
220
210
224
262
59
244
292
133
464
397
184
366
221
377
364
159
196
205
77
217
403
351
277
259
200
264
175
476
329
390
185
384
256
390
419
481
339
88
61
76
72
72
160
87
31
82
59
41
175
76
205
64
99
26
41
226
76
108
81
79
216
102
109
66
93
55
58
26
109
70
91
98
27
96
25
42
37
109
83
33
82
40
98
106
104
98
86
238
69
34
29
236
46
91
124
94
114
25
90
101
60
31
37
24
86
73
97
91
55
109
81
256
62
97
78
37
99
48
25
74
46
79
50
100
83
90
77
221
49
25
450
266
400
446
215
444
290
403
208
415
215
221
216
64
446
214
400
215
205
350
35
67
215
69
42
264
39
85
223
340
451
140
72
405
407
235
202
313
429
219
378
329
239
84
222
264
59
474
477
216
79
224
299
443
220
209
223
261
58
244
292
132
464
396
184
365
221
377
363
158
196
204
77
216
402
350
276
259
199
264
174
476
329
389
185
384
255
389
419
480
339
87
60
76
72
72
160
87
30
82
58
40
175
76
204
64
99
25
41
225
76
108
80
79
215
102
109
65
93
54
57
26
109
69
90
98
26
96
25
42
37
108
82
32
81
39
97
106
104
97
85
238
68
34
29
236
46
90
123
93
113
25
90
100
60
31
37
24
85
72
97
91
55
109
81
256
61
96
77
37
98
47
25
73
45
78
50
100
82
89
77
220
48
24
