77
370
368
59
370
367
176
369
200
106
59
288
371
152
220
429
283
357
337
369
186
61
310
347
407
284
370
480
167
367
209
369
284
325
285
190
175
257
285
287
75
454
284
257
386
164
414
372
478
160
284
313
191
247
284
299
386
46
232
157
452
213
77
430
257
174
355
286
134
454
287
286
187
299
258
164
229
210
46
141
111
27
120
186
65
47
118
121
35
94
115
199
100
47
57
84
255
115
101
122
56
46
121
75
106
53
156
121
231
142
56
68
44
198
33
155
216
118
88
95
185
76
141
56
106
117
203
84
56
128
190
106
119
96
39
200
48
193
42
90
46
50
127
92
247
172
76
258
187
68
194
196
82
211
196
370
368
59
370
367
175
369
200
106
58
287
371
151
220
429
282
357
337
369
185
61
308
347
407
283
369
480
167
367
208
368
283
325
284
189
175
257
284
286
74
454
283
257
386
163
414
372
478
160
283
312
191
246
283
296
386
46
231
157
452
213
76
430
257
174
354
285
133
454
286
286
187
299
257
164
229
210
46
141
111
27
120
186
65
47
118
120
35
94
115
199
100
46
57
83
254
115
101
122
56
45
120
75
105
52
155
121
231
141
56
68
44
198
33
154
216
118
87
94
184
75
141
56
106
117
203
83
56
127
189
106
119
95
38
199
47
193
41
89
45
49
127
92
249
172
75
258
187
68
194
195
81
211
195
