90
401
216
451
446
290
266
445
403
415
451
204
42
64
221
216
61
447
400
205
213
223
67
263
349
38
36
97
84
141
410
430
83
341
444
313
478
329
475
98
203
219
406
85
378
264
78
223
73
235
210
259
102
240
292
222
220
216
364
200
83
400
277
77
71
184
243
224
377
300
55
158
402
133
329
390
393
65
205
351
477
447
221
194
259
216
264
175
184
383
57
72
160
61
72
31
76
87
82
41
107
59
109
61
76
226
104
97
41
76
26
58
79
66
108
94
81
109
55
70
24
37
40
26
236
42
86
33
98
88
25
109
98
91
82
106
69
34
91
96
91
91
98
82
90
98
47
238
97
101
104
31
78
81
102
37
33
124
72
29
115
91
62
101
46
79
101
119
111
97
73
262
86
52
37
253
48
25
50
105
87
400
215
450
445
290
266
445
403
415
451
204
42
64
220
216
61
447
400
205
213
223
67
263
349
38
36
97
84
141
410
430
83
341
444
313
477
328
474
98
202
218
406
85
378
264
78
223
73
235
210
259
102
240
292
222
220
216
363
200
83
400
277
77
70
184
243
223
376
300
54
157
401
132
328
390
393
64
205
351
477
447
221
194
258
215
264
175
184
383
57
72
160
61
72
31
76
87
81
41
107
59
109
61
75
226
104
97
41
75
25
58
79
66
108
94
81
108
55
70
24
37
39
25
236
41
86
32
97
88
25
109
97
91
81
106
69
33
91
96
90
91
97
82
90
98
47
238
96
101
103
31
78
81
102
37
32
123
71
29
115
90
61
100
45
79
101
118
110
97
72
262
85
52
37
253
48
25
50
105
87
