97
401
451
216
446
445
403
203
415
216
266
293
221
451
42
216
216
213
69
64
216
401
263
447
97
223
67
349
410
204
313
85
141
37
444
84
219
73
430
98
234
36
240
405
378
59
77
85
258
203
341
224
486
475
313
221
264
222
364
399
329
216
223
478
329
206
447
221
66
243
293
158
210
82
391
476
184
293
403
351
201
56
217
258
264
277
464
383
193
418
57
377
203
390
393
138
233
135
72
60
160
72
87
82
59
42
178
76
28
76
107
109
191
226
26
103
64
215
41
66
97
109
58
79
107
24
76
39
55
70
85
239
40
109
91
34
91
96
97
82
101
82
104
69
91
91
25
26
124
73
98
24
48
106
98
97
31
33
238
34
86
46
112
262
86
119
33
38
91
91
104
80
73
37
90
62
97
101
115
256
37
48
79
60
105
52
77
87
72
48
90
101
82
39
101
400
450
216
445
444
403
203
415
216
265
292
220
450
41
216
216
212
69
64
216
400
262
446
97
223
67
348
410
203
312
85
141
37
444
83
218
72
430
98
233
36
240
405
378
59
77
85
258
203
341
223
485
475
313
221
263
221
364
399
329
216
222
478
329
205
447
220
66
242
292
158
209
82
391
475
183
293
402
350
201
56
217
257
264
277
463
383
193
418
56
376
203
389
393
138
232
135
72
59
160
72
86
81
58
41
178
76
28
76
106
108
191
226
25
103
63
215
40
65
97
108
57
78
106
24
76
38
54
69
85
241
39
108
91
33
91
95
96
82
101
82
104
68
91
91
24
26
124
72
97
24
48
105
98
97
31
33
238
33
85
46
111
262
85
119
33
37
91
90
104
80
72
36
90
61
96
100
115
256
36
48
79
60
105
52
77
87
71
47
89
101
81
39
101
