80
452
432
310
310
310
434
310
434
335
434
434
435
339
335
338
437
434
396
434
307
434
425
306
307
367
205
477
431
431
327
397
485
306
338
335
326
305
417
463
427
427
341
304
432
304
345
304
354
213
485
304
26
476
216
426
386
426
324
325
361
325
321
361
406
406
121
304
47
158
378
54
304
348
134
303
250
42
397
487
452
180
124
54
34
67
85
78
24
205
183
34
194
262
151
166
101
48
196
70
148
58
262
166
136
202
187
184
154
113
162
181
72
88
182
193
175
117
186
181
232
246
141
244
135
205
156
256
207
152
61
190
119
199
136
204
190
220
148
203
147
188
227
188
121
199
188
176
119
112
180
192
216
166
178
226
132
176
171
34
192
452
432
309
309
309
433
309
434
335
433
434
435
338
334
337
437
434
396
433
307
433
424
306
306
366
204
477
430
431
326
397
485
305
337
334
325
305
417
463
427
427
341
304
432
304
344
303
353
213
485
304
26
476
216
426
386
426
324
324
361
324
320
361
406
406
121
304
47
157
378
53
303
348
134
303
249
42
397
487
452
179
124
54
34
66
85
78
24
205
182
34
193
262
150
165
101
48
196
70
148
58
261
166
136
201
187
183
154
112
162
180
71
87
181
193
175
116
185
180
232
246
141
244
134
205
155
256
206
151
60
190
118
199
136
204
190
219
148
202
147
188
227
187
120
199
188
176
118
112
180
191
215
165
177
226
132
176
170
34
192
