84
129
393
476
86
258
114
129
132
129
325
425
132
454
129
76
89
132
27
394
337
56
245
70
34
319
48
463
59
432
136
66
100
345
299
101
174
97
130
441
256
114
380
66
394
40
130
306
299
41
130
104
130
92
131
46
164
131
443
94
50
189
487
111
193
313
337
412
321
476
466
276
90
382
66
433
298
86
78
487
157
188
421
455
357
118
238
34
55
63
61
130
28
172
42
28
61
43
161
41
41
42
260
42
35
59
59
52
245
32
239
33
45
44
246
62
256
223
40
52
63
64
184
28
41
71
240
262
53
229
208
55
29
263
196
74
226
76
256
250
54
236
41
244
224
61
70
50
75
261
50
34
55
24
44
261
254
250
251
252
65
66
25
53
68
37
63
73
37
128
392
476
85
257
113
129
132
128
325
424
131
453
128
76
88
131
27
393
336
56
245
70
33
319
48
463
59
432
136
66
99
348
298
100
174
96
130
440
255
113
379
65
394
39
129
306
298
41
129
103
129
91
131
46
164
130
442
93
50
189
486
110
193
312
336
412
320
476
465
275
89
381
65
433
298
85
77
486
156
188
421
454
357
118
238
34
54
63
61
130
28
172
41
28
60
42
160
40
40
41
259
42
35
59
59
51
244
32
239
33
44
44
246
61
255
234
40
52
63
63
183
28
40
71
240
261
53
229
208
54
28
263
195
74
226
75
256
250
54
236
40
243
224
61
70
49
74
260
50
34
54
24
44
261
253
249
250
260
65
66
24
52
67
37
63
72
37
