41
449
268
448
474
241
224
224
210
349
225
38
229
292
230
229
430
261
244
96
137
363
102
225
267
372
213
470
383
242
403
203
257
72
286
329
280
303
481
367
350
298
101
69
75
75
89
183
193
79
110
217
100
79
32
126
97
40
99
104
25
104
100
109
259
81
111
94
61
106
39
66
101
88
122
97
49
85
102
118
79
100
85
450
267
449
474
243
221
221
210
351
224
38
227
295
228
227
433
264
245
96
136
366
102
223
268
374
213
469
386
244
402
203
259
72
289
332
282
303
484
370
352
300
100
68
74
75
88
171
189
78
109
232
105
79
31
126
97
39
104
104
25
104
99
108
258
80
111
93
60
105
38
66
98
85
121
96
48
84
100
115
78
99
84
