50
393
476
326
424
131
258
245
458
394
135
88
294
394
139
141
458
338
316
400
37
129
298
442
173
448
130
276
306
69
189
60
99
358
76
136
312
444
337
151
339
356
304
186
316
411
188
92
393
245
343
238
34
40
28
30
63
59
41
42
246
38
39
53
51
27
261
182
31
248
232
202
28
29
63
46
232
261
55
65
61
263
52
43
34
82
260
263
50
57
194
26
44
71
62
37
37
76
261
261
238
393
476
327
424
131
258
245
458
394
135
88
294
394
139
141
459
339
315
401
36
129
298
442
173
449
130
277
306
69
189
61
99
358
76
136
312
445
338
151
340
356
305
186
316
411
189
93
393
246
344
237
33
39
27
27
63
58
40
41
245
37
38
52
51
26
260
181
30
247
238
196
28
28
62
42
228
261
54
59
60
262
52
42
33
81
260
262
50
56
196
25
46
70
61
37
36
75
260
261
238
