95
215
451
446
401
445
403
293
203
266
414
221
216
216
213
64
42
61
401
451
217
37
447
204
410
67
349
97
223
263
85
141
314
219
430
73
84
36
406
98
77
235
378
85
240
444
341
222
364
203
258
313
486
217
475
224
264
398
221
478
293
223
329
71
243
83
210
330
221
217
184
158
391
476
292
205
263
65
55
351
377
403
464
447
201
365
259
277
392
193
203
133
57
390
138
233
160
60
72
72
87
82
28
59
76
42
76
217
194
26
61
109
104
41
107
229
85
97
76
24
79
107
109
58
66
55
70
39
109
34
91
40
97
98
91
69
96
82
91
82
236
26
98
97
25
91
24
73
241
98
124
106
31
48
86
38
34
46
102
33
104
91
32
86
252
37
91
80
73
89
112
48
119
115
97
72
62
58
263
101
24
37
79
101
52
48
101
87
90
82
39
215
451
446
401
444
403
293
202
265
414
220
216
215
213
63
41
61
400
450
216
36
446
203
409
67
348
97
223
262
85
141
313
218
430
72
83
36
405
97
77
234
377
84
239
444
340
221
364
202
258
312
486
216
474
224
264
397
220
478
293
222
328
70
242
82
209
329
221
218
184
158
390
476
291
204
262
65
55
351
376
403
464
447
201
365
258
276
391
192
202
133
56
389
138
232
160
60
71
72
86
82
28
58
76
42
75
216
196
26
60
108
104
41
106
229
84
97
75
24
78
106
109
57
65
54
69
39
108
33
91
40
96
98
91
69
95
82
91
81
235
26
97
96
25
91
24
73
240
98
124
105
30
48
86
37
33
46
102
32
104
90
32
85
258
37
91
80
73
89
111
48
119
115
97
71
61
58
263
101
24
37
79
100
51
47
101
87
90
82
39
