46
82
309
306
308
258
208
100
267
318
339
125
414
66
87
475
444
158
221
310
445
353
258
463
431
87
154
375
255
473
127
115
315
138
435
69
209
226
236
329
84
145
132
58
329
294
441
117
30
41
60
261
63
44
24
62
31
24
41
32
34
47
40
54
55
200
61
42
38
37
43
80
41
230
59
65
36
41
250
40
70
70
53
65
41
30
24
51
60
263
40
250
28
80
305
302
303
254
202
94
264
313
334
121
410
62
86
471
439
154
214
307
440
348
254
456
425
85
149
372
251
470
120
109
312
132
431
66
203
220
229
325
82
139
129
54
326
291
436
117
30
41
60
261
62
44
24
62
30
24
41
29
34
49
40
54
54
199
60
42
38
39
42
79
40
230
59
70
35
40
249
39
70
70
53
64
40
30
24
51
65
262
40
249
28
