85
452
432
310
161
310
310
434
311
310
434
335
339
338
437
434
335
396
435
434
434
307
434
205
425
306
307
431
431
397
327
336
367
485
306
338
326
305
417
432
304
341
304
345
326
354
304
259
205
304
210
462
485
426
216
26
324
150
406
232
184
122
326
321
250
361
46
232
134
325
304
178
161
158
164
304
348
303
375
397
250
153
245
134
244
487
180
124
54
192
34
67
85
24
78
34
151
262
166
101
48
205
196
194
183
70
148
58
190
262
166
136
154
113
181
162
193
202
72
88
182
175
117
186
135
205
141
244
156
195
207
256
224
175
190
149
180
61
204
136
119
148
189
121
184
191
188
185
227
170
147
119
227
215
205
176
201
204
112
182
216
166
226
168
171
132
178
196
176
238
34
451
431
310
161
309
310
434
311
310
434
334
339
337
436
434
335
395
435
434
434
306
434
204
425
305
307
431
430
396
326
336
366
484
306
337
325
304
417
432
304
341
303
344
326
353
303
259
204
303
210
461
485
426
215
25
323
150
405
232
184
122
326
320
249
361
45
232
134
325
304
178
160
158
163
304
347
302
374
396
250
152
245
134
244
487
179
124
53
191
33
67
84
24
77
33
151
261
166
101
47
204
195
194
183
69
147
57
190
261
165
135
154
112
181
161
193
202
72
87
182
175
117
186
135
205
141
244
156
195
206
256
223
174
189
149
179
61
203
136
118
147
189
121
184
190
187
185
227
169
147
119
226
215
204
175
201
203
111
181
215
166
225
167
170
132
178
196
175
237
33
