95
129
393
476
132
258
85
114
129
454
129
129
132
129
425
76
325
129
89
56
27
337
132
394
245
70
136
380
34
319
48
459
432
66
299
59
100
463
478
130
394
174
256
97
114
101
398
66
299
339
441
40
130
403
130
446
130
93
104
131
338
46
306
396
164
443
193
94
190
487
453
131
276
50
407
466
111
313
317
393
90
27
66
412
487
299
455
73
157
189
313
357
385
407
400
324
117
238
33
28
63
58
61
151
43
130
172
61
140
28
41
42
161
41
59
260
35
43
42
59
52
246
240
245
32
239
259
44
62
40
45
256
33
255
184
53
63
41
64
71
52
228
262
29
188
28
229
208
247
196
235
226
76
74
256
49
250
55
117
54
41
75
244
61
70
246
236
261
224
258
44
50
261
62
261
254
24
251
31
53
65
73
31
68
36
249
37
32
43
215
52
129
393
475
131
258
85
114
128
453
128
129
131
129
425
76
324
129
89
56
27
336
131
394
244
70
135
379
33
319
47
459
432
65
299
59
99
462
478
130
394
173
256
96
114
100
398
66
299
338
441
39
130
403
130
446
130
92
103
130
337
46
305
402
163
443
193
94
189
486
453
130
275
50
406
466
111
313
316
392
89
26
66
412
486
298
455
72
156
188
313
356
385
406
400
323
116
238
33
27
63
58
60
150
42
130
171
61
140
27
40
42
161
41
59
259
34
43
41
58
52
245
240
245
32
239
259
44
62
39
45
256
33
254
183
53
62
41
63
70
52
228
262
28
187
27
228
207
247
196
234
225
76
74
255
48
250
54
116
54
41
74
244
61
70
245
236
260
223
258
43
50
261
61
261
254
24
250
31
53
64
72
31
67
35
248
36
31
43
214
51
