91
447
217
267
451
39
209
402
445
415
222
295
217
64
214
206
404
453
401
68
465
73
71
431
141
79
406
447
43
210
223
263
262
98
241
221
349
314
236
226
379
85
224
222
406
66
222
222
330
100
476
85
61
84
245
482
267
206
343
331
259
87
308
83
158
478
204
218
184
396
74
139
296
295
365
403
262
477
37
416
56
385
234
296
89
243
175
378
391
97
49
58
71
160
76
61
93
56
72
86
42
77
29
175
61
26
76
82
106
41
79
59
91
102
37
70
69
98
96
109
91
57
63
96
106
82
112
105
39
96
102
82
55
34
123
27
119
87
44
33
91
98
94
104
104
25
257
106
109
27
46
86
37
28
79
88
86
25
256
37
31
58
82
39
95
97
62
42
74
78
31
114
100
39
85
25
107
25
72
80
116
98
87
446
217
267
450
39
209
401
444
414
221
294
216
63
214
206
404
452
400
67
465
72
70
430
140
78
406
446
43
209
222
262
261
97
240
220
349
313
235
226
379
85
223
221
406
65
221
221
329
100
475
84
61
84
245
481
267
205
343
330
259
86
307
82
157
477
204
218
184
396
74
139
296
294
364
403
262
476
36
415
56
384
233
295
88
243
174
377
390
96
49
58
70
160
76
61
93
55
71
85
41
77
29
175
61
26
76
81
106
41
78
58
90
102
36
69
69
97
95
109
90
56
63
95
106
82
111
105
38
95
102
82
55
33
122
27
119
87
43
32
91
98
94
104
104
25
257
105
108
27
45
86
37
28
78
87
85
24
256
36
30
58
81
39
94
97
62
42
73
78
30
113
100
38
84
25
106
24
71
79
116
98
87
