72
370
58
370
257
356
288
58
288
369
213
106
275
314
370
372
434
186
174
368
272
152
199
407
337
60
282
257
75
346
325
165
257
285
335
327
284
412
386
286
453
282
385
454
369
354
173
284
164
478
283
40
285
244
104
78
138
132
478
371
117
77
262
181
185
474
175
162
305
430
212
335
343
46
111
26
188
56
29
121
41
65
118
118
175
56
94
118
98
117
184
257
187
114
46
46
86
101
139
49
118
56
56
141
33
219
254
86
83
56
97
255
88
149
77
77
246
92
127
93
47
97
108
34
243
128
73
90
114
172
115
106
120
76
178
44
68
125
200
115
246
47
47
244
131
370
58
370
257
356
288
58
288
369
212
106
275
314
370
372
433
186
174
369
272
152
199
407
337
61
283
257
75
346
325
165
257
286
334
327
285
412
386
287
453
282
385
454
370
354
173
285
164
478
284
40
286
244
103
78
138
132
478
371
117
77
262
182
185
474
175
162
305
430
212
335
342
46
110
26
187
56
35
120
41
65
117
117
174
55
94
117
97
116
184
256
186
114
45
45
85
100
138
49
117
56
55
141
33
219
254
86
82
55
96
254
88
152
76
77
245
92
126
93
46
96
108
34
243
128
73
89
113
172
115
105
119
76
178
44
68
125
199
114
246
47
47
243
131
