97
453
431
161
310
310
433
310
437
434
310
428
310
331
332
338
434
339
434
434
307
433
434
427
335
306
307
205
368
426
431
428
342
327
214
338
427
341
485
305
432
397
401
326
304
304
431
432
327
354
427
361
304
184
259
205
427
304
485
406
121
163
177
304
331
232
375
250
378
26
325
42
216
150
321
394
162
304
463
54
356
158
134
272
270
257
372
253
231
372
229
487
219
153
44
304
134
245
179
121
192
81
54
184
67
101
85
30
217
43
207
156
166
48
262
24
34
154
75
61
195
196
166
136
190
202
262
154
227
154
168
146
181
241
144
72
117
133
178
198
178
244
259
144
111
262
207
205
190
190
191
221
175
252
205
60
121
188
182
201
176
144
184
169
170
184
119
195
122
136
188
227
188
203
220
181
192
147
112
215
263
222
233
157
190
227
212
196
46
161
178
101
234
178
238
452
431
160
309
309
433
309
437
434
309
428
309
330
331
337
434
338
434
434
307
433
434
426
334
306
307
205
368
426
430
427
341
327
214
337
427
340
485
305
432
396
400
325
304
303
431
432
327
353
427
360
303
184
258
204
426
303
485
406
120
162
176
303
330
232
374
249
377
25
324
41
216
149
320
394
161
304
463
53
355
157
133
272
270
256
371
252
230
371
229
486
219
153
44
303
134
244
178
121
191
80
53
184
66
100
84
30
217
43
206
155
165
48
262
24
34
153
74
60
194
196
166
135
189
201
261
153
227
154
167
146
180
241
144
72
116
133
178
198
178
244
258
143
111
262
207
204
189
189
190
220
175
252
204
59
121
188
182
201
175
144
183
169
169
184
119
194
122
136
187
226
187
202
219
180
191
146
112
214
262
221
233
156
189
227
211
196
45
161
178
100
234
178
238
