94
394
258
476
129
76
458
85
129
89
458
114
325
129
131
129
424
132
129
56
431
69
27
101
136
317
34
130
336
140
394
98
245
114
66
46
66
464
300
55
41
97
174
441
337
399
141
401
67
446
129
255
399
130
196
447
99
298
338
111
164
306
393
131
276
131
341
27
73
313
92
157
194
130
448
131
379
131
184
393
316
348
407
357
298
477
94
46
487
376
151
456
385
223
256
238
63
34
117
41
259
58
136
43
42
61
42
169
30
148
28
61
158
59
44
52
260
52
246
32
245
181
36
51
42
253
59
73
249
242
62
32
40
49
263
64
63
28
49
228
27
248
260
244
196
41
215
208
65
261
263
28
185
50
54
55
53
41
261
256
208
24
31
255
76
66
75
218
46
232
241
71
75
261
62
235
258
42
65
252
241
252
53
205
56
73
31
82
51
393
257
476
129
76
458
85
129
89
457
114
325
128
131
129
423
132
129
55
430
69
26
101
136
317
33
130
336
139
394
98
245
114
65
46
66
464
300
54
40
97
174
440
337
399
140
400
66
446
129
255
399
130
195
447
99
298
338
111
164
306
393
131
275
131
340
27
73
313
92
156
194
130
448
131
379
131
184
393
315
348
407
357
297
477
94
46
486
376
150
456
385
223
256
238
63
34
116
41
258
58
135
43
41
60
41
169
30
148
27
60
157
58
44
52
260
51
245
32
245
181
36
51
41
252
58
72
249
242
62
31
39
49
262
63
62
27
49
228
27
247
260
243
196
41
214
207
64
261
262
27
184
49
54
55
52
40
261
256
208
24
31
255
76
65
74
217
45
231
241
71
74
260
61
234
258
42
65
249
241
252
53
205
56
72
31
82
51
