95
451
446
216
401
445
403
203
293
266
414
216
221
451
42
64
213
69
401
447
97
67
349
39
223
410
204
85
141
36
314
263
219
430
77
406
98
84
73
378
235
59
85
240
444
258
203
341
224
475
313
264
222
486
364
398
221
293
206
329
223
478
243
66
217
330
221
82
210
391
158
184
476
351
201
56
292
403
263
377
258
464
447
365
277
392
193
203
57
390
382
233
133
138
77
446
60
72
160
72
87
82
59
28
76
42
191
76
107
109
61
26
103
41
97
109
79
107
93
58
24
76
55
70
82
39
66
109
34
69
98
91
40
91
82
96
104
91
82
236
91
25
26
124
98
24
106
98
73
97
31
48
38
112
46
34
86
33
119
256
32
86
104
91
80
91
37
73
97
101
115
89
62
48
72
37
58
262
24
79
101
52
48
87
90
105
39
101
82
81
251
451
446
215
401
445
403
202
293
266
414
216
220
451
42
63
213
68
400
447
96
66
348
39
222
410
203
85
141
35
313
262
219
429
76
406
98
83
72
377
235
59
84
239
444
257
202
340
224
475
312
263
222
486
363
397
220
293
206
329
223
478
243
65
216
330
221
81
210
391
157
184
476
351
200
56
291
403
262
376
258
464
446
365
277
391
192
202
57
390
381
233
132
138
76
445
60
72
160
72
87
82
58
28
76
42
191
75
107
109
61
26
102
41
97
108
78
106
93
57
24
75
55
70
82
39
65
109
34
69
98
90
40
91
81
96
103
90
81
235
90
25
26
123
98
24
105
98
73
96
31
47
37
112
46
33
85
33
119
255
32
85
103
91
80
90
37
73
96
101
115
89
62
48
71
37
58
261
24
78
100
51
47
87
90
104
38
100
82
80
250
