97
452
432
434
338
310
310
310
339
434
311
310
437
335
434
435
427
434
434
335
433
161
307
396
433
369
431
205
307
306
336
478
327
431
485
338
305
326
399
432
341
427
427
345
417
214
355
259
327
431
303
304
326
204
426
378
476
304
485
325
406
304
184
226
216
462
73
324
150
272
304
375
125
26
426
139
359
53
406
134
250
47
321
397
304
372
158
113
361
232
305
155
253
164
41
212
257
485
180
123
183
166
54
70
81
262
85
24
43
101
151
24
193
259
48
37
205
75
191
151
196
64
202
154
190
136
163
193
184
162
113
72
182
120
175
184
133
140
246
235
156
186
146
205
224
262
144
244
205
190
178
204
184
199
259
60
204
121
190
190
187
136
184
233
148
189
263
174
168
192
119
220
214
195
189
202
182
170
119
227
174
220
157
113
208
147
227
110
201
190
181
175
158
234
49
452
432
433
338
310
310
310
338
434
311
310
437
335
434
434
427
434
434
335
433
160
307
396
433
368
430
205
307
306
335
477
327
430
484
337
305
326
399
432
341
427
426
345
416
213
354
258
326
431
303
304
325
204
425
377
476
304
485
324
406
304
184
226
216
462
75
324
150
272
304
375
125
26
425
139
358
53
405
133
250
47
321
397
304
372
158
113
361
232
305
155
252
164
41
211
257
485
179
123
182
166
54
70
81
262
84
24
43
101
151
24
193
258
48
37
205
75
190
151
196
64
201
154
190
136
163
192
184
162
113
71
182
120
175
184
133
140
246
235
156
186
145
204
223
262
144
244
204
190
177
203
184
198
259
60
204
121
189
189
186
136
183
235
148
188
263
174
168
192
119
220
214
194
188
202
182
169
118
227
174
220
157
113
207
147
227
110
200
189
181
174
157
234
49
