93
452
432
434
310
310
310
161
310
339
437
310
434
335
434
332
434
435
338
433
307
427
396
433
369
205
431
307
306
342
478
336
431
485
338
341
326
397
305
431
427
125
307
326
462
214
354
427
325
326
178
304
378
204
359
417
304
426
232
328
139
485
303
475
303
406
259
250
42
216
426
356
331
26
375
406
304
55
321
257
303
232
453
372
150
361
436
164
348
397
158
157
188
228
180
124
183
67
54
78
191
43
262
101
27
85
205
37
156
48
194
166
75
148
259
196
59
202
190
154
136
166
154
184
193
113
72
181
143
171
181
120
138
235
194
88
181
180
146
209
246
205
193
190
256
184
178
198
189
205
204
184
263
214
58
190
199
244
121
219
170
122
136
223
147
144
119
169
202
223
193
227
233
180
227
192
157
189
188
210
181
169
171
113
203
184
196
451
431
433
310
309
310
161
309
339
436
309
433
334
434
331
434
435
338
433
307
427
395
433
368
205
431
306
306
341
478
336
430
485
338
340
325
396
304
431
426
125
307
325
461
214
353
427
324
325
178
303
378
204
359
416
303
426
231
327
139
485
303
474
302
406
258
249
41
216
425
356
331
25
374
406
303
54
321
256
302
231
453
371
149
361
436
164
348
397
158
157
188
227
179
123
182
67
54
78
191
43
262
101
26
84
204
36
155
48
193
165
74
148
258
195
59
201
190
153
136
166
153
183
192
112
72
180
143
170
180
120
138
234
194
87
181
180
146
209
246
204
192
190
255
183
178
197
188
204
204
184
262
213
58
190
199
243
120
219
170
121
136
222
146
144
119
169
201
223
192
226
232
180
227
191
157
188
188
210
181
169
171
112
202
183
196
