92
401
451
446
266
216
445
403
208
290
216
415
447
64
221
214
216
70
400
205
350
42
36
67
263
216
39
452
97
85
223
141
430
73
407
235
60
203
98
341
406
220
313
264
378
85
475
240
84
224
329
444
478
210
224
79
217
222
313
220
262
300
66
83
292
244
56
397
221
184
364
464
377
196
77
403
277
200
217
264
351
259
329
419
447
390
476
393
185
339
256
88
216
72
61
72
76
160
87
82
59
31
178
41
99
64
76
26
226
102
41
76
108
109
81
79
66
216
93
109
109
55
58
70
37
91
27
96
104
25
91
26
98
109
42
106
83
91
98
82
40
124
33
239
86
91
34
69
238
98
24
46
94
29
119
104
90
25
115
31
87
37
97
60
73
55
81
62
78
99
260
48
97
37
46
77
263
79
74
101
50
49
83
25
250
400
450
445
266
215
444
403
208
289
216
415
446
63
220
213
216
69
399
204
350
41
35
66
262
215
39
451
97
85
223
140
429
72
407
235
59
202
97
341
405
219
312
263
378
85
474
240
83
223
328
444
477
209
224
78
217
221
312
220
262
299
66
83
292
244
55
396
220
183
364
463
377
195
76
403
276
199
217
264
350
258
328
418
447
389
475
393
185
339
256
87
216
71
60
71
75
160
86
81
59
31
178
40
99
64
75
25
225
101
40
76
107
109
80
78
65
215
92
108
109
54
58
70
37
91
27
95
104
25
91
26
98
109
42
105
82
90
97
82
40
124
33
238
86
90
34
69
237
97
24
45
94
28
119
103
90
25
114
31
87
37
96
60
72
54
81
61
77
98
260
47
97
36
45
76
262
79
73
101
49
48
82
25
249
