72
452
432
161
309
310
310
434
310
310
310
434
330
335
338
434
437
434
433
433
433
307
485
307
306
205
431
431
477
345
327
432
305
304
304
341
326
304
213
463
205
475
485
259
406
178
232
324
250
216
134
26
120
150
356
55
232
161
47
158
193
253
164
44
153
453
42
188
134
485
178
261
228
180
123
192
85
54
75
183
64
43
30
85
207
151
166
24
101
43
64
75
54
151
72
136
163
190
113
154
184
156
165
133
123
244
113
140
186
256
152
181
175
196
58
224
121
190
184
148
170
137
215
119
188
188
147
194
227
203
119
113
200
193
182
101
178
190
176
187
178
46
200
209
196
452
432
161
308
310
309
434
310
310
310
433
329
335
338
434
437
434
433
433
433
307
485
307
306
205
430
430
476
344
327
432
305
303
303
340
326
303
213
462
205
475
485
259
405
178
232
323
249
216
134
25
119
149
355
54
231
160
47
158
193
252
164
44
152
453
41
188
133
485
178
261
227
179
123
191
85
54
75
183
64
43
30
85
204
151
166
24
100
43
64
75
54
150
72
136
162
190
112
153
184
156
164
133
122
243
112
140
185
255
152
181
175
195
58
224
121
190
184
147
169
136
215
118
188
187
146
194
226
202
119
113
199
192
181
100
178
189
176
187
177
46
199
208
196
