91
452
431
161
310
331
310
310
434
310
437
311
434
332
434
338
434
434
311
340
307
433
396
434
335
427
307
205
306
368
431
342
327
338
214
341
485
305
399
432
326
427
354
304
432
327
304
303
361
184
205
485
121
304
150
406
426
375
177
331
462
26
250
232
378
163
304
42
325
216
397
321
304
158
356
134
54
162
272
365
253
257
372
231
134
153
229
219
396
487
44
270
180
121
192
81
207
54
67
85
34
101
24
183
156
48
166
24
34
44
262
154
75
196
61
196
259
136
190
166
201
154
154
168
181
146
144
72
117
184
133
178
246
207
259
111
262
244
190
190
191
175
60
188
205
188
121
204
168
201
144
180
119
170
184
184
182
176
122
195
135
174
227
220
112
147
215
192
203
263
211
190
233
157
227
178
178
196
161
160
33
101
221
451
431
161
310
330
309
310
433
309
437
311
433
331
434
337
433
434
311
340
307
432
395
433
334
426
307
204
305
367
431
341
326
337
213
341
485
304
398
432
325
425
353
303
432
326
304
303
360
184
205
484
120
304
150
406
423
374
177
331
462
25
250
231
378
163
304
42
324
216
397
320
303
157
355
133
54
162
272
365
252
257
371
230
133
153
229
219
396
486
43
269
179
120
191
80
207
54
67
85
33
101
24
182
156
48
165
24
34
43
262
154
75
196
61
195
259
135
189
165
201
154
154
167
180
146
144
72
117
184
133
177
248
206
259
111
261
243
190
190
190
175
60
188
204
187
120
200
168
200
144
180
118
170
184
183
181
176
121
194
134
174
226
219
112
147
214
191
202
262
210
190
233
157
227
177
178
196
161
160
33
101
220
