79
452
432
310
434
162
310
434
338
339
310
335
435
335
437
434
425
396
434
434
307
369
307
336
478
431
338
431
485
326
306
399
305
427
326
341
427
432
327
354
462
417
345
326
304
327
213
485
426
150
216
184
324
304
476
26
231
406
121
325
361
178
397
272
46
426
161
244
134
158
406
375
348
54
153
436
452
250
372
134
180
124
54
183
191
67
85
166
262
78
151
194
205
101
48
262
196
70
58
148
202
136
193
184
154
182
113
72
171
88
184
117
232
183
141
246
135
161
207
180
190
156
193
262
263
152
61
204
188
136
191
148
244
199
119
228
121
188
203
147
201
174
263
119
220
204
239
215
112
202
169
166
192
178
208
190
132
157
178
451
431
310
434
162
310
434
338
338
310
335
435
335
436
434
425
395
434
434
307
369
306
336
478
431
338
430
484
325
306
398
304
426
326
341
426
432
327
353
462
417
345
326
303
326
213
485
426
149
216
183
323
304
476
25
230
405
121
325
360
178
397
271
45
425
161
244
133
158
406
375
348
53
152
435
451
250
371
134
180
123
53
182
190
67
84
165
262
77
150
194
205
101
47
262
195
69
57
147
201
135
193
184
153
182
113
72
170
87
183
117
231
182
141
246
135
160
206
180
190
156
192
261
262
152
61
204
187
136
190
147
240
199
118
227
121
188
202
147
201
174
262
119
219
203
238
214
111
201
168
165
192
178
208
189
132
157
178
