91
129
393
476
129
109
71
86
258
132
454
130
424
325
129
132
394
62
85
459
132
337
318
245
59
401
130
105
99
300
463
256
72
40
305
394
101
174
136
398
344
445
339
431
142
306
97
337
66
130
130
94
196
131
193
276
393
67
312
115
443
412
300
157
136
317
487
75
407
381
27
465
356
86
313
115
164
93
444
359
455
78
189
407
152
132
478
341
487
244
313
322
118
238
33
157
61
44
55
63
61
43
175
28
42
146
28
42
64
40
261
43
35
32
59
45
248
187
73
256
40
33
41
55
229
24
53
51
63
246
227
226
33
185
44
28
55
63
50
262
259
218
244
65
236
75
261
261
251
263
47
44
34
68
68
82
62
70
34
258
247
24
44
26
66
252
71
54
76
263
43
73
24
37
44
57
71
254
209
58
42
42
52
129
392
475
129
108
70
85
257
132
454
130
424
325
129
132
393
62
84
459
132
337
317
244
58
401
130
104
99
299
462
256
71
39
304
393
100
173
136
398
343
444
339
431
142
306
97
337
65
130
129
94
196
130
193
275
392
67
311
115
442
412
300
156
136
316
487
74
406
380
26
464
356
85
312
115
163
92
444
358
455
78
189
407
152
131
478
340
487
244
313
321
117
237
32
157
60
43
54
63
61
42
175
27
41
145
28
41
63
39
261
43
35
32
58
44
247
187
73
255
40
32
41
54
228
24
53
50
63
245
226
225
32
185
44
28
55
62
49
261
258
218
244
65
235
74
260
261
251
262
47
44
34
68
67
81
62
70
34
257
246
24
44
25
66
251
71
53
75
262
43
73
24
37
44
57
70
254
208
58
41
41
52
