88
452
432
434
310
338
310
437
434
435
310
311
332
434
332
310
434
339
434
433
427
396
307
205
433
166
335
307
306
431
338
478
341
431
342
326
485
305
396
431
214
326
427
427
204
378
304
476
304
304
178
462
426
417
487
325
304
160
27
405
427
331
321
216
232
250
139
361
304
304
231
406
372
453
272
188
487
361
436
55
375
47
305
250
253
212
42
194
348
180
124
183
54
166
67
101
85
193
81
24
156
24
207
43
37
262
48
73
259
196
151
190
62
187
196
136
166
154
182
184
142
113
156
171
72
120
178
141
146
181
235
246
178
184
205
196
244
256
190
180
204
186
62
195
190
198
119
119
223
144
226
136
184
170
213
188
220
176
227
202
157
191
263
184
52
147
210
194
168
119
110
132
190
158
176
200
169
452
432
434
310
338
310
436
433
435
310
311
332
434
332
310
434
338
433
432
426
395
307
205
432
166
334
307
306
431
337
477
341
430
342
326
485
305
396
431
213
326
427
426
204
378
303
475
304
303
178
461
426
416
487
325
304
160
26
405
426
331
321
215
231
250
138
361
304
304
230
406
372
453
271
187
487
361
435
54
375
46
305
249
252
212
41
194
347
180
123
182
54
166
67
101
84
193
81
24
156
24
207
43
36
262
47
72
259
195
151
190
61
186
195
136
166
153
182
184
141
112
155
171
72
119
177
141
146
181
234
245
177
183
205
196
244
255
190
180
203
186
62
195
190
198
119
118
222
143
226
135
183
169
210
187
220
176
227
202
157
190
262
183
52
147
209
193
168
119
109
132
190
158
176
200
169
