45
392
130
422
69
325
452
135
26
46
461
338
297
99
88
316
254
89
400
431
294
441
68
173
357
27
244
195
157
276
305
91
139
312
315
385
337
476
140
355
223
394
244
405
396
137
238
31
28
44
42
43
246
262
242
33
185
28
256
41
32
41
257
248
44
40
28
65
63
43
24
59
65
68
261
55
76
51
258
46
250
49
24
30
26
78
34
261
47
57
83
393
131
423
70
326
453
136
27
47
462
339
298
100
89
317
255
90
402
432
296
442
69
174
358
28
245
196
158
277
306
92
140
313
316
385
338
477
141
356
224
395
245
405
398
137
238
31
28
44
42
43
246
261
242
33
185
28
256
41
32
41
257
247
44
39
28
64
63
43
24
59
65
68
261
55
76
51
257
46
250
48
24
30
26
77
34
260
47
57
83
