36
164
454
309
437
433
333
433
434
305
437
436
478
428
432
306
340
305
304
427
304
376
202
24
55
155
433
160
179
165
165
140
133
212
189
454
34
176
163
133
178
109
189
97
67
98
86
166
166
226
139
111
166
258
229
214
241
154
174
104
177
190
251
98
175
188
166
215
201
143
174
174
104
163
453
308
436
430
333
430
431
302
434
436
476
425
429
303
340
302
301
424
301
375
200
24
53
154
430
161
177
165
164
139
132
211
187
453
34
176
163
133
177
108
189
97
63
97
86
166
165
225
142
111
166
258
228
210
241
154
174
104
177
189
250
98
174
187
165
215
200
140
173
171
104
