86
370
367
58
370
367
200
369
288
175
106
366
186
429
370
282
221
317
370
283
368
367
152
370
58
167
356
314
282
60
213
257
304
337
407
346
274
253
327
285
254
165
75
394
414
175
454
192
284
285
294
284
321
325
385
212
45
77
478
385
286
181
338
487
232
452
210
157
356
133
480
173
116
283
286
259
164
260
263
371
138
160
454
104
200
287
429
46
141
112
26
120
47
65
35
186
118
130
117
100
94
119
199
82
36
47
257
156
115
75
124
53
57
56
106
102
118
33
121
84
46
55
206
188
86
71
131
141
118
142
56
198
88
128
95
166
213
84
126
56
77
47
39
90
117
96
225
44
233
206
197
193
197
48
100
172
106
129
119
155
258
43
82
174
190
106
114
203
76
73
211
236
83
370
367
58
369
367
200
369
287
175
105
365
186
428
370
281
220
316
369
282
367
366
152
370
58
166
355
313
281
59
212
257
303
337
407
345
274
252
326
285
253
164
75
393
414
174
453
192
284
285
293
283
320
324
385
212
45
77
478
385
285
181
337
486
231
451
210
156
355
132
480
173
116
283
285
259
163
259
262
371
138
159
453
103
199
288
428
46
140
111
26
119
47
64
34
185
117
129
116
99
93
119
199
81
36
46
257
155
114
74
123
53
57
56
106
101
117
32
120
84
45
54
206
188
86
70
130
141
117
141
55
197
87
128
94
166
213
83
125
55
77
47
39
89
117
96
225
44
233
206
196
192
196
48
99
172
105
128
118
154
258
42
82
173
190
105
113
202
76
73
210
242
82
