94
452
432
161
434
338
310
310
434
331
335
310
311
310
434
426
339
437
435
434
434
307
433
396
205
335
431
369
307
307
478
338
431
327
485
305
326
396
432
427
345
341
214
427
327
303
305
356
304
121
304
326
431
204
259
418
426
150
304
476
485
216
378
71
406
226
463
139
321
304
427
26
324
325
250
163
375
359
42
372
406
232
158
361
253
153
212
452
42
436
348
178
485
487
258
180
123
192
183
166
67
54
85
207
151
81
24
43
24
262
262
101
194
48
37
148
67
196
190
196
154
202
160
136
184
182
113
162
72
117
175
178
133
235
156
141
146
246
262
244
171
205
205
189
256
186
144
178
224
186
204
188
190
196
60
136
184
241
121
187
181
214
226
220
223
119
148
196
170
182
168
195
122
157
202
228
113
147
190
178
158
192
176
210
169
200
49
34
234
452
432
161
434
338
310
310
434
331
335
310
311
310
434
425
338
437
435
434
434
307
433
396
204
335
431
368
307
307
477
338
431
327
485
305
326
396
432
426
345
341
214
426
327
303
305
356
304
120
304
326
431
203
258
417
426
149
303
476
485
216
378
73
406
226
463
138
320
304
426
25
324
324
250
162
374
358
41
371
405
232
158
361
252
152
212
452
42
435
348
178
485
487
258
180
123
191
183
166
67
54
85
206
151
81
24
43
24
262
262
101
194
48
37
148
67
196
189
195
154
202
160
136
184
182
113
162
72
117
175
178
133
234
156
141
146
245
262
244
171
205
204
189
256
186
144
178
223
186
204
188
189
196
60
136
183
244
121
186
181
219
225
219
223
119
148
195
170
181
167
194
122
156
202
228
113
147
189
178
158
192
176
210
169
199
49
34
234
