93
452
432
309
434
310
310
338
310
434
339
434
311
435
310
335
437
434
434
434
396
311
335
427
433
307
307
431
345
121
166
306
431
369
485
477
335
338
327
431
305
427
399
326
341
354
427
214
476
462
304
178
153
304
304
259
304
418
485
426
378
325
324
126
325
139
216
406
359
232
160
178
406
304
250
375
232
41
452
397
356
74
362
26
436
158
304
150
304
188
487
117
372
53
180
123
85
183
54
64
166
75
85
262
24
24
193
34
151
101
37
48
70
196
44
205
259
59
151
136
154
156
190
187
166
113
202
72
186
193
181
165
138
120
235
184
178
140
209
246
146
196
180
205
190
179
256
190
224
244
186
60
204
183
195
148
210
205
214
136
121
196
184
198
200
202
176
170
168
227
122
192
174
148
233
186
119
208
112
226
189
216
184
34
180
157
189
452
432
309
434
310
310
337
310
434
338
434
311
434
310
334
437
434
434
434
395
311
334
427
433
307
307
431
345
120
166
305
430
369
485
476
335
338
326
431
305
427
398
325
341
354
427
213
476
461
303
177
153
304
303
258
304
418
485
425
378
324
323
125
324
138
216
406
359
231
160
178
406
304
250
374
231
40
452
397
356
73
361
26
436
157
304
149
304
188
487
116
371
52
180
123
85
183
54
64
165
75
84
262
24
24
192
34
151
101
37
48
69
195
44
205
259
59
150
136
154
156
190
186
165
113
202
71
185
192
180
164
138
119
235
183
177
140
209
246
145
196
180
205
189
179
255
190
223
244
186
60
203
182
194
148
210
204
214
136
121
195
184
198
199
201
176
169
167
227
121
192
174
147
233
186
118
208
112
226
189
215
184
34
179
156
189
