94
452
432
434
338
310
310
310
339
434
311
310
437
335
434
427
435
434
434
335
433
396
161
433
369
431
205
307
306
336
478
327
431
485
338
305
326
399
432
341
427
427
345
417
214
355
259
327
431
303
304
326
204
426
378
476
304
184
485
325
406
304
140
226
216
150
462
324
272
304
75
375
426
26
122
79
126
359
53
406
250
47
321
397
372
134
158
361
232
305
253
155
41
212
485
180
123
183
166
54
70
81
262
85
24
43
101
151
24
259
193
48
37
205
75
196
191
64
202
154
190
136
163
193
184
162
113
72
182
120
175
184
133
140
235
246
156
186
146
205
224
262
144
244
205
190
178
204
184
199
259
192
60
204
121
190
214
187
136
189
184
148
263
174
233
168
220
119
189
249
208
195
189
202
170
119
227
174
157
182
113
147
227
110
190
201
175
158
49
451
432
433
337
309
310
310
339
433
311
310
436
334
434
427
434
434
434
334
433
395
161
433
368
430
204
306
305
336
478
326
431
485
337
305
325
399
431
341
426
426
345
416
213
354
258
327
430
303
303
325
203
425
377
476
304
184
485
324
406
303
142
225
216
150
461
323
271
303
78
374
426
26
121
82
126
358
52
406
250
46
321
397
372
134
158
361
231
305
253
155
40
211
485
180
122
183
166
54
69
80
261
85
24
43
101
151
24
259
192
48
37
204
75
196
190
64
202
153
189
135
163
192
183
162
112
72
182
119
174
184
132
140
235
246
156
186
146
205
224
262
143
243
204
190
178
203
184
198
259
192
60
203
121
189
213
186
136
188
183
148
262
174
236
168
220
119
189
248
207
195
189
202
170
119
226
174
156
181
113
146
226
110
190
201
174
157
49
