55
395
273
302
50
396
397
51
274
138
276
280
172
294
208
402
344
301
402
168
60
34
319
284
114
289
133
37
335
358
163
406
438
273
104
314
426
217
105
116
212
63
325
487
354
235
274
275
182
272
148
127
135
407
396
154
196
45
128
76
28
78
64
210
76
106
55
180
91
179
90
65
118
154
48
76
100
85
90
214
140
65
112
140
83
123
141
100
167
208
123
97
78
59
142
34
126
145
154
128
254
129
179
179
80
49
75
114
78
143
27
386
264
293
41
388
388
42
265
129
267
271
165
285
200
393
335
293
393
159
51
26
310
275
105
280
124
28
326
349
154
398
429
265
95
305
418
209
96
108
203
54
316
478
345
228
265
266
173
263
140
118
126
399
388
145
196
45
128
75
31
78
64
215
75
105
55
179
91
179
90
64
118
154
47
75
100
84
90
214
139
65
111
140
85
123
140
100
167
208
123
97
77
59
142
34
126
145
154
127
254
128
179
179
79
49
74
114
78
143
26
