85
371
369
59
107
481
371
268
368
412
176
168
370
183
290
258
289
309
337
371
195
59
154
62
186
429
176
370
284
353
284
395
76
388
190
323
338
370
295
140
284
370
322
284
286
287
283
368
313
160
29
373
455
286
406
387
285
213
343
477
174
286
260
46
250
259
193
372
455
271
276
430
355
229
260
164
241
333
172
238
158
442
453
79
431
71
46
141
111
117
108
27
182
126
54
184
52
65
47
26
185
38
213
86
94
46
121
109
101
114
100
198
75
106
57
139
142
118
97
126
86
251
257
178
114
149
246
55
123
77
255
48
152
223
141
55
106
94
67
44
76
164
50
53
120
127
87
44
39
196
33
200
116
75
192
207
47
92
206
199
112
48
59
147
226
47
149
193
90
83
187
371
369
58
107
480
371
267
368
412
175
167
370
182
289
257
288
308
336
371
195
58
154
61
185
428
176
369
283
352
283
394
76
388
190
322
337
370
294
139
283
370
321
284
285
287
282
367
312
160
28
373
454
285
406
387
284
212
342
477
174
285
259
45
249
258
193
372
455
271
275
430
354
228
260
164
240
333
172
237
158
442
453
79
431
70
46
140
110
116
108
27
181
125
53
183
51
64
46
25
185
37
213
85
93
46
121
108
100
113
99
198
75
106
57
139
142
117
96
126
85
250
256
177
113
148
245
54
122
77
255
47
151
222
141
54
105
94
66
44
76
163
49
52
120
127
87
44
39
195
33
200
116
75
192
207
47
92
205
199
112
47
58
146
225
47
148
193
89
82
187
