81
452
434
432
309
310
310
310
437
310
339
434
310
434
345
335
434
434
435
433
307
425
433
397
431
338
124
161
484
367
394
307
431
338
477
214
305
326
427
335
427
418
140
304
326
304
475
355
231
463
325
426
216
259
184
485
204
397
406
150
126
250
54
26
323
304
178
158
47
356
407
232
272
113
304
305
453
156
345
487
436
258
181
183
124
85
75
54
64
101
43
262
85
27
24
157
205
37
48
193
75
157
262
64
198
157
167
194
189
72
201
187
133
113
181
184
146
120
175
232
144
250
186
218
256
186
244
199
207
184
181
205
204
136
224
191
58
178
175
121
188
205
170
192
119
146
217
201
113
119
147
199
227
263
208
229
110
191
200
147
31
210
234
452
434
432
309
309
309
310
437
309
339
433
310
434
345
335
434
434
435
433
306
425
433
397
430
337
124
160
484
366
393
306
430
338
476
214
305
326
427
335
427
417
140
303
325
303
474
354
230
462
324
425
216
259
183
485
203
396
405
149
125
249
54
26
323
303
178
158
46
356
407
232
272
112
304
304
453
155
345
487
436
258
180
182
123
85
75
54
64
100
43
261
85
26
24
156
204
37
47
192
74
157
261
64
198
157
166
194
189
72
200
187
133
112
181
183
145
119
174
232
144
249
186
218
255
188
243
198
206
184
180
204
204
136
224
190
58
181
174
121
188
204
170
191
118
146
216
201
112
119
147
199
227
262
208
228
109
190
200
147
31
209
234
