80
370
368
58
367
370
176
106
369
200
257
372
356
288
59
371
288
370
186
370
367
75
429
213
367
326
152
368
61
480
367
285
346
337
394
368
296
165
306
286
227
407
324
285
415
247
190
313
478
385
257
477
191
167
285
175
258
173
386
354
78
454
104
455
40
284
186
372
78
29
271
244
273
133
455
241
395
285
138
234
258
47
141
111
129
27
184
118
65
47
185
118
56
29
121
37
41
93
116
75
168
118
101
118
195
56
114
213
101
106
156
68
54
86
139
257
176
141
205
255
197
46
122
78
56
190
47
55
96
77
31
117
129
53
88
198
41
127
96
92
90
88
73
75
37
152
68
106
76
54
190
129
174
172
98
177
149
220
114
211
199
370
368
57
367
370
176
105
369
199
256
372
356
287
59
371
287
369
185
370
367
75
428
213
367
326
152
368
60
480
366
284
346
337
393
368
296
164
305
286
226
406
322
284
414
246
190
313
477
385
257
476
190
166
284
175
257
172
385
354
77
454
104
455
39
284
185
371
77
28
270
244
272
133
455
240
395
285
137
234
257
47
140
111
129
26
183
118
65
46
184
118
55
29
121
36
41
92
115
74
168
117
101
117
183
55
114
212
100
105
155
68
53
85
138
257
178
140
204
255
196
46
122
77
55
189
47
54
95
77
31
116
128
53
87
197
40
127
95
91
89
88
72
75
36
151
67
105
75
54
189
128
174
171
98
177
148
217
113
210
198
