87
452
432
434
338
310
310
434
310
311
335
331
310
434
435
339
437
427
434
434
396
433
307
369
335
431
478
306
166
307
431
327
485
305
338
326
432
399
345
427
341
121
327
303
305
214
431
354
304
417
326
426
359
378
304
304
178
476
485
216
226
406
153
462
324
26
325
427
250
272
53
375
397
42
321
372
113
158
140
361
231
42
212
253
188
436
257
452
180
123
183
166
67
54
85
81
24
151
207
43
24
194
262
101
259
48
37
196
67
148
202
196
154
184
160
187
136
113
162
72
117
181
175
133
184
156
246
141
189
262
244
171
146
144
209
205
186
186
204
198
184
256
190
190
196
60
136
187
121
179
184
148
119
196
223
170
263
189
168
174
122
227
157
235
113
213
147
227
176
158
190
187
210
234
192
451
432
433
338
310
310
434
310
311
335
331
310
434
435
338
437
427
434
434
395
433
307
368
335
431
477
306
165
306
431
327
485
305
338
325
431
399
345
426
341
121
326
302
304
213
431
354
304
417
326
426
359
377
304
303
177
476
485
216
226
406
152
461
323
26
325
426
249
271
53
374
396
42
321
371
110
158
139
360
230
41
211
253
188
435
257
452
179
122
182
165
67
54
85
81
24
150
207
43
24
193
262
101
259
47
36
195
67
148
201
195
154
184
159
187
135
113
161
72
117
180
174
132
184
155
246
140
189
261
244
170
146
143
209
204
185
185
204
198
184
256
189
189
196
60
135
186
121
179
183
147
118
195
222
170
262
189
167
174
121
226
156
243
113
213
146
226
176
158
190
186
210
234
191
