79
393
476
86
258
114
325
132
132
425
454
76
34
89
128
27
132
245
394
337
56
114
70
459
432
319
463
59
101
66
299
339
174
97
256
441
306
299
380
38
398
403
104
196
93
394
111
344
164
487
443
337
193
341
317
412
476
382
313
465
86
392
136
298
78
27
188
33
487
420
157
456
132
357
344
142
385
408
356
151
238
34
55
63
60
42
28
61
28
43
41
245
41
141
260
42
59
42
35
59
70
52
261
44
32
33
44
52
62
40
185
63
64
41
28
55
29
240
232
227
247
74
65
76
53
50
226
54
70
41
50
75
209
62
34
24
250
263
44
66
261
81
65
25
24
37
52
53
63
68
73
71
37
238
29
32
258
25
57
393
476
86
257
114
325
132
132
424
454
76
33
89
128
26
132
244
393
337
56
113
70
458
431
319
463
59
101
66
299
339
174
97
255
440
306
299
379
37
397
402
104
195
93
393
111
344
164
487
443
337
192
341
317
412
476
382
313
465
86
391
135
298
78
27
188
33
487
420
156
456
132
357
344
142
384
408
356
151
238
34
55
63
60
42
28
61
27
43
41
244
41
129
260
42
59
42
35
59
69
52
261
44
32
33
44
52
62
40
185
62
64
40
28
55
29
240
235
226
247
73
64
76
53
50
226
54
70
40
50
74
209
62
34
24
249
251
44
66
261
81
65
25
24
37
52
53
62
68
73
70
37
237
29
32
258
25
57
