93
451
446
266
207
216
401
451
404
221
445
415
293
64
401
447
212
67
222
70
204
42
36
60
216
235
350
73
97
341
263
39
486
314
141
98
259
478
84
430
406
219
85
222
406
240
77
378
313
475
220
444
84
243
66
158
220
329
364
331
351
223
259
210
83
201
222
396
135
264
203
393
264
286
138
292
464
193
56
57
202
377
403
205
181
391
447
233
446
383
277
365
296
77
60
72
76
56
160
72
107
82
76
87
42
29
64
41
97
26
79
58
102
76
109
81
104
171
96
107
91
109
26
66
94
73
39
70
91
91
86
55
37
28
109
91
98
98
82
69
82
24
98
123
236
40
33
119
91
46
46
97
32
97
34
37
91
104
102
86
30
101
106
46
101
48
94
82
39
58
52
115
87
25
72
62
112
34
80
263
39
251
103
79
108
85
80
451
446
266
207
215
400
450
404
220
445
415
292
64
400
447
212
67
221
69
203
42
36
60
215
234
350
72
97
341
263
38
486
314
140
98
259
478
84
430
405
218
84
221
405
239
77
378
312
474
219
444
83
243
66
158
220
329
363
331
351
223
259
209
82
201
221
396
134
263
203
393
264
285
137
291
464
193
56
56
202
377
402
205
180
391
447
233
446
383
277
364
296
76
60
71
76
56
159
72
107
82
75
86
42
29
63
41
97
25
78
58
102
75
108
81
103
171
95
106
91
109
26
66
94
73
38
69
91
91
85
54
37
28
109
91
97
98
81
69
81
24
97
123
236
40
32
118
91
45
45
97
31
96
33
37
90
103
101
85
30
101
105
45
101
47
93
82
39
58
51
115
87
24
71
62
111
33
80
262
39
250
103
79
107
84
79
