79
452
432
434
310
310
310
310
434
437
311
435
331
434
434
434
340
335
338
433
307
396
434
427
368
478
341
431
431
335
485
327
338
307
305
305
397
214
304
153
432
427
427
354
417
341
358
304
327
325
476
485
426
462
356
371
303
216
406
386
26
42
406
361
158
427
453
321
325
321
54
331
304
364
436
372
270
250
373
219
180
124
183
54
81
34
67
85
101
24
193
153
24
34
48
262
205
166
75
157
196
64
259
201
184
154
154
113
193
72
165
181
133
169
117
181
146
259
203
135
232
243
207
189
142
196
244
262
205
196
60
204
180
147
168
205
136
121
189
119
122
202
186
113
220
190
146
195
227
192
143
216
211
208
157
222
132
181
161
452
432
434
310
310
309
310
434
437
311
435
331
434
434
434
339
335
338
433
307
395
434
427
368
477
341
431
431
335
485
326
338
307
304
304
396
213
304
152
432
427
426
354
417
341
358
304
326
325
475
485
426
462
356
370
302
215
405
386
25
41
406
361
157
427
453
320
325
321
54
330
303
364
436
371
270
250
373
218
180
124
182
53
81
33
67
84
101
24
192
152
24
34
48
262
204
165
74
156
195
63
259
200
184
153
154
112
192
72
164
180
132
168
117
180
146
259
203
134
231
243
206
188
141
195
244
261
205
195
60
203
180
146
167
205
136
120
188
118
122
202
186
112
219
189
145
195
226
191
143
216
211
208
157
224
132
180
160
