92
129
393
476
258
132
85
114
454
129
129
132
129
325
425
76
129
89
27
56
479
337
132
394
245
70
34
319
380
48
432
66
299
136
59
100
414
463
256
130
174
394
338
105
66
101
403
299
40
441
130
97
93
130
338
459
131
46
306
115
345
164
131
485
443
94
50
193
487
189
466
111
317
90
407
276
27
66
412
298
487
393
400
73
455
157
188
344
357
407
385
132
137
117
238
33
63
28
58
61
43
130
172
61
140
42
28
41
161
41
260
59
251
35
43
42
59
52
245
32
242
239
44
62
40
246
45
256
116
33
41
184
63
53
185
73
262
52
247
29
229
28
196
63
76
226
49
259
256
250
55
71
226
54
236
261
41
244
224
75
70
61
44
50
62
254
258
261
24
251
31
65
53
261
215
31
73
68
37
238
37
43
32
71
81
128
393
475
258
131
85
113
453
129
129
132
129
324
425
76
129
89
26
56
479
336
131
393
244
70
33
318
379
48
432
66
299
135
59
100
413
462
256
129
174
393
337
104
65
100
402
299
40
441
129
96
92
130
337
459
130
46
306
114
344
164
131
485
443
94
50
193
486
189
466
110
317
90
406
275
26
66
412
298
486
393
400
73
455
156
188
343
357
407
384
132
136
117
238
33
63
28
58
60
42
130
171
60
140
41
28
41
160
40
260
58
250
35
42
41
58
52
245
32
241
238
43
61
39
245
45
256
115
33
41
183
62
53
185
73
261
52
247
28
228
27
195
63
76
225
49
259
255
250
55
71
225
54
235
261
41
244
223
74
70
60
43
49
62
254
257
261
24
250
30
64
53
261
215
31
72
67
36
238
37
43
32
70
80
