36
456
437
308
166
441
335
437
406
339
400
309
439
487
474
182
307
192
136
307
311
157
215
45
123
58
161
253
256
34
219
455
484
137
437
379
116
172
104
104
183
93
147
73
189
184
169
163
174
63
196
184
196
182
207
223
80
198
149
105
181
184
104
123
259
189
127
52
195
167
83
150
198
456
437
307
166
440
334
436
405
340
400
308
438
486
473
182
306
192
135
306
312
156
214
44
122
57
161
253
256
33
218
455
483
136
436
378
115
169
101
101
179
90
144
72
186
172
166
160
171
57
192
181
190
178
204
214
77
195
145
102
178
181
100
119
258
185
123
61
192
163
80
144
195
