93
216
446
401
451
445
266
216
203
403
216
401
216
447
213
221
415
216
290
61
451
205
67
39
64
349
341
223
263
430
73
85
85
259
378
77
314
98
410
235
224
73
222
475
405
220
203
141
486
330
240
36
84
216
243
313
264
444
289
329
223
66
364
400
206
221
184
477
351
83
391
203
259
158
210
217
402
201
221
366
264
464
300
475
377
392
55
446
242
77
294
217
368
138
160
72
72
60
87
76
178
59
82
202
41
226
99
26
76
42
212
31
104
109
76
79
93
64
107
26
58
66
34
91
55
91
91
82
69
39
91
24
96
125
109
98
97
98
109
25
70
73
33
82
81
40
238
33
24
106
236
97
46
34
119
97
31
112
48
37
86
97
101
79
48
37
91
91
260
62
102
86
24
48
58
29
74
72
101
117
251
107
80
87
250
111
82
216
446
401
451
445
266
216
203
403
216
401
216
447
213
221
415
216
290
60
451
205
66
38
64
348
341
223
263
430
72
85
85
259
378
77
314
97
410
235
224
73
222
474
405
220
203
140
486
330
240
35
84
216
243
313
264
444
289
329
223
66
364
400
206
221
184
476
350
83
391
203
259
158
210
217
402
201
221
366
264
464
300
474
377
392
54
446
242
77
294
217
368
138
160
72
72
60
87
76
178
59
82
202
41
226
98
26
76
42
212
31
104
108
76
79
92
64
106
26
58
66
34
91
55
90
91
82
69
39
91
24
96
125
109
98
97
98
109
25
70
72
33
82
81
40
238
33
24
106
235
97
46
34
119
96
31
112
48
37
86
97
100
79
48
37
91
91
259
62
102
86
24
48
58
29
74
72
101
116
251
107
80
87
249
111
81
