89
432
161
309
310
310
310
310
331
310
339
434
335
425
338
434
437
434
433
433
433
396
307
335
485
307
306
205
431
368
431
434
452
345
326
327
338
432
399
305
304
341
304
304
326
213
304
304
354
478
205
485
259
434
406
327
178
232
324
250
216
304
134
26
120
321
397
272
304
356
325
150
161
47
55
164
193
158
253
153
44
188
42
134
396
358
485
372
178
261
123
192
85
54
75
64
43
207
30
262
85
151
262
166
24
101
43
64
75
54
196
151
196
72
136
166
190
113
202
154
195
178
156
175
165
181
133
184
123
113
140
244
205
186
152
256
190
210
183
175
58
224
184
121
263
190
184
148
170
137
176
215
119
188
227
174
263
223
147
196
188
203
119
194
182
200
113
193
178
101
184
176
178
163
198
46
157
200
209
432
160
309
310
310
309
310
331
309
339
434
335
424
338
434
437
434
433
433
433
395
307
335
484
307
306
204
431
368
430
433
451
345
326
327
338
431
398
305
304
341
304
304
326
213
304
304
353
478
204
485
259
433
406
327
178
232
324
250
216
304
133
26
120
321
397
272
304
356
325
149
160
47
55
163
193
158
253
153
43
188
42
134
396
357
485
371
178
261
122
191
85
53
74
63
43
207
29
262
84
151
261
166
24
101
43
64
75
54
195
150
196
72
136
165
190
113
202
154
195
178
156
175
165
181
132
184
123
113
140
244
205
186
152
256
190
209
182
175
58
223
183
120
263
190
184
148
170
137
175
214
119
188
227
174
262
223
147
196
187
202
119
194
182
200
113
193
178
100
184
176
178
162
197
46
157
199
209
