98
216
446
451
401
445
266
216
203
216
447
403
290
415
216
213
221
216
401
205
64
61
445
451
67
349
39
341
34
223
263
430
73
85
97
314
259
405
85
98
235
77
486
222
219
224
410
475
378
203
313
141
330
73
36
240
84
47
216
243
206
221
223
83
400
478
364
265
351
58
391
184
289
329
259
158
203
217
210
221
135
366
444
402
264
464
300
392
296
201
388
216
77
138
57
475
88
480
242
160
72
60
72
87
76
178
59
202
99
82
31
42
226
26
76
212
41
76
64
104
245
109
79
107
93
26
104
58
66
34
91
91
106
39
91
98
55
91
96
69
73
98
109
124
24
98
82
25
24
70
33
109
81
82
40
107
238
33
112
48
34
104
31
86
97
106
97
114
79
37
97
46
37
91
48
260
91
86
101
24
233
62
48
58
29
101
85
101
216
250
80
82
87
74
25
259
107
215
446
451
401
445
266
215
203
216
447
403
290
415
216
213
221
216
401
205
64
60
445
451
67
348
38
341
33
223
263
430
72
84
97
314
259
404
85
98
235
76
486
222
219
224
410
475
377
203
313
141
330
73
35
240
84
47
216
243
206
221
223
82
400
477
364
265
351
57
390
184
289
329
259
158
203
217
210
221
134
366
443
402
264
464
300
391
296
201
392
216
76
138
56
475
88
479
242
159
71
60
71
86
76
177
59
202
98
82
31
42
226
26
76
212
41
76
63
104
244
108
78
106
93
26
104
58
66
34
91
91
106
39
91
97
54
91
96
69
72
98
109
124
24
98
82
25
24
70
33
108
81
82
40
106
238
33
112
48
34
104
31
86
97
106
97
114
79
37
97
46
37
91
48
260
91
86
101
24
232
62
48
57
29
101
85
101
215
250
79
82
87
73
25
258
107
