91
452
432
162
434
338
434
310
331
310
437
335
426
339
311
310
434
435
434
309
307
396
433
205
431
369
335
306
478
307
338
431
327
484
305
326
399
427
128
432
345
341
327
427
303
214
122
304
326
304
356
204
259
418
426
178
378
476
304
216
226
462
406
26
321
397
426
324
325
47
304
250
375
55
359
406
125
158
232
272
153
253
485
75
361
305
134
154
52
452
88
212
180
124
191
183
166
85
64
207
75
101
151
262
262
24
42
37
194
48
85
151
196
67
190
154
202
196
166
184
136
182
113
162
72
120
175
184
235
223
135
156
141
262
246
244
146
189
256
186
205
205
178
224
186
204
192
184
196
190
136
187
181
121
119
226
174
223
148
196
119
176
170
168
194
195
202
208
113
228
263
178
190
49
233
147
110
179
201
184
192
194
158
451
432
161
433
338
434
309
330
310
437
334
425
338
311
310
434
434
434
309
307
395
433
204
430
368
334
306
478
306
337
431
327
483
304
325
398
427
127
431
345
341
326
427
302
213
122
303
325
303
355
203
258
417
425
178
378
476
303
216
226
461
406
26
321
396
425
324
324
47
304
250
374
55
358
406
125
157
231
272
152
252
484
78
361
304
134
153
52
451
90
211
180
123
190
183
165
85
63
207
74
100
151
262
262
24
42
36
193
47
85
150
196
67
189
153
201
196
166
183
135
182
113
161
71
120
174
184
234
217
134
156
141
262
245
243
145
188
255
185
204
204
177
224
186
203
191
184
195
190
136
187
180
121
118
225
173
222
148
195
118
175
169
167
194
194
202
207
113
228
262
178
189
49
236
146
109
179
198
183
192
194
158
