90
452
432
434
310
338
310
437
434
310
435
311
332
434
310
332
339
205
427
433
396
307
335
307
306
431
369
338
166
478
341
431
342
326
485
305
396
431
326
427
427
214
178
304
378
304
205
304
142
476
354
426
417
463
487
325
304
321
359
405
27
216
331
427
178
250
361
304
304
406
453
372
272
487
55
436
361
375
120
47
305
160
250
253
153
212
42
348
158
304
213
180
124
183
54
166
67
101
85
81
193
24
156
24
43
207
262
190
259
73
196
151
196
136
166
154
202
182
187
184
142
113
156
171
72
120
178
141
181
246
235
146
190
244
184
205
175
256
214
196
209
204
186
181
62
195
190
226
198
119
119
136
144
223
200
170
188
220
176
202
191
157
263
52
193
210
147
168
188
119
110
198
132
190
178
158
176
169
112
234
203
451
431
433
310
337
310
437
434
310
435
311
331
434
310
331
339
204
426
433
396
307
335
306
305
431
369
337
165
478
340
431
342
326
485
304
396
431
325
426
426
213
177
303
378
304
204
304
147
475
354
426
417
462
487
324
304
320
358
404
26
215
330
426
178
249
361
304
304
405
452
372
272
487
55
435
361
375
119
46
304
160
249
252
153
211
41
348
157
303
212
179
124
182
54
165
67
100
84
81
192
24
155
24
43
207
262
190
258
72
195
150
196
135
165
154
202
181
186
183
142
113
156
171
72
120
178
140
181
245
234
145
189
243
184
205
175
255
214
196
209
204
186
181
61
195
190
226
198
119
118
136
144
223
199
169
188
220
176
202
190
157
262
51
193
210
147
168
187
118
109
197
132
189
177
158
175
168
111
233
203
