79
431
159
451
308
330
432
308
433
432
306
335
423
436
432
306
395
432
432
329
203
334
433
475
367
304
303
394
430
484
133
395
430
304
426
324
337
324
462
211
484
341
124
431
302
302
202
425
414
258
424
425
406
361
226
468
53
322
430
25
41
176
487
404
396
231
334
303
425
250
214
345
138
187
302
210
190
177
242
451
124
191
180
70
156
37
81
183
48
148
166
262
101
85
160
196
69
58
207
190
196
194
181
202
136
117
175
113
72
259
163
157
171
238
262
262
190
181
146
61
136
197
135
259
244
178
249
186
221
204
226
199
190
193
203
193
146
145
119
122
190
184
119
186
227
146
216
216
173
136
166
216
184
226
158
199
200
238
192
430
159
451
307
330
431
307
432
431
305
335
423
435
431
305
394
431
431
329
203
334
432
475
366
303
303
394
429
484
133
395
430
303
426
323
337
324
461
211
484
340
124
431
302
302
202
425
413
258
423
425
405
361
226
468
52
321
430
25
40
176
486
404
395
231
333
302
424
249
214
344
138
187
302
210
189
177
242
450
124
190
179
70
155
36
81
182
47
147
166
262
101
85
159
195
69
57
207
190
196
194
180
201
136
116
175
112
72
259
163
156
170
238
262
261
189
180
145
61
135
197
135
258
244
177
248
186
221
204
226
199
189
192
203
192
145
144
119
122
190
183
119
185
226
145
216
216
172
135
165
216
184
226
157
199
200
237
192
