88
452
161
432
427
309
310
339
310
310
434
310
335
338
434
434
331
437
396
434
433
433
434
335
205
308
485
431
431
434
477
368
327
326
338
305
399
345
431
417
214
354
426
326
341
304
304
397
304
485
205
216
304
304
184
42
150
321
250
232
120
405
26
426
378
134
272
158
361
356
325
54
153
161
134
462
164
253
178
303
194
487
486
417
212
451
364
42
161
180
192
124
259
85
67
262
54
43
85
30
151
166
24
48
207
101
198
37
64
74
184
196
190
136
72
154
113
194
184
201
162
175
181
117
187
156
141
186
146
209
217
186
141
244
259
175
205
61
175
136
176
190
191
122
188
227
170
184
188
119
119
207
183
215
263
113
190
147
196
192
178
204
178
181
182
193
201
226
200
34
49
252
158
190
211
176
255
452
160
432
427
309
310
338
310
310
434
310
335
338
434
434
330
436
396
434
433
432
434
335
204
307
485
431
430
434
477
368
326
325
337
304
399
345
431
417
213
353
425
325
341
303
303
396
303
485
204
216
303
304
183
41
150
321
249
231
119
404
26
426
377
133
272
157
361
355
324
54
153
161
133
462
164
253
178
302
193
487
486
417
211
450
364
42
161
179
191
123
259
85
67
262
54
43
84
30
150
166
24
48
206
100
197
36
64
73
183
195
190
136
72
154
112
193
183
201
162
175
181
117
186
155
141
186
145
209
216
186
141
243
259
175
204
60
175
136
176
190
190
122
187
226
169
183
188
118
119
206
183
215
262
113
190
147
195
191
178
204
178
180
181
192
201
226
199
34
49
252
158
189
211
175
255
