83
433
431
159
308
308
308
306
307
435
475
335
432
432
394
432
433
203
431
306
423
329
431
451
334
366
394
430
324
303
334
430
484
133
462
425
324
425
211
337
323
484
391
468
414
430
123
372
302
377
302
302
424
202
258
424
301
226
127
406
139
395
53
340
25
302
404
185
107
41
169
125
231
209
157
250
345
137
451
149
214
363
242
370
183
124
191
43
70
54
148
85
101
184
163
37
85
196
48
194
190
59
160
262
207
71
180
196
202
169
113
171
117
153
157
72
259
183
235
262
246
146
262
148
58
179
203
189
141
197
168
259
178
205
244
204
178
221
223
190
193
223
199
227
159
193
139
119
180
119
187
220
122
196
207
227
158
201
173
166
216
190
189
136
212
238
157
433
431
158
308
308
308
306
307
435
475
335
432
432
394
432
432
203
430
306
423
328
431
451
333
366
393
430
324
303
333
430
484
133
462
425
324
425
211
337
323
484
391
467
414
429
122
371
302
376
302
301
424
202
257
424
301
226
127
406
139
394
53
339
25
301
403
185
107
40
169
124
231
209
157
250
345
137
451
148
214
362
241
369
183
124
190
40
69
48
147
84
100
183
162
36
85
195
47
193
189
59
160
261
207
71
180
195
202
169
112
171
116
152
157
72
259
182
234
262
245
145
262
147
58
178
202
189
141
196
167
259
177
205
243
204
177
220
223
190
192
222
199
227
158
193
138
119
180
119
187
219
122
196
206
227
157
200
172
166
215
189
188
135
211
237
156
