84
129
393
129
454
109
129
86
476
132
425
258
129
326
71
132
459
85
56
394
132
245
337
58
294
70
339
319
306
97
66
465
256
432
101
105
174
306
441
196
130
398
380
131
338
401
164
313
394
136
412
341
443
313
186
93
111
317
465
480
142
296
78
157
304
300
188
49
357
276
487
314
33
86
115
244
131
438
344
319
356
385
412
407
455
118
238
130
42
61
140
55
33
61
28
63
161
42
41
28
261
41
59
42
42
59
35
44
38
52
188
32
55
64
62
32
41
44
51
74
63
24
28
65
205
228
240
182
49
248
54
249
53
81
34
209
41
261
69
76
50
62
44
263
28
28
25
68
43
68
37
241
37
261
53
42
52
66
71
42
71
261
238
52
26
29
60
45
74
129
392
129
453
109
128
86
475
132
424
257
129
325
71
131
459
85
55
393
131
245
336
58
293
69
339
318
305
96
66
464
256
432
100
104
174
306
440
195
127
397
379
131
337
401
164
313
393
136
412
340
443
312
186
92
111
316
464
479
141
296
78
156
303
299
188
49
357
275
486
313
32
86
115
244
130
437
343
319
355
384
411
406
455
118
237
130
42
61
145
55
33
61
28
63
160
41
41
27
260
41
59
41
42
58
34
44
38
52
187
32
54
63
62
32
40
44
51
73
62
24
27
65
192
228
240
184
49
247
54
249
52
81
34
208
41
260
69
76
49
62
44
262
28
27
24
67
43
67
37
241
36
260
52
42
51
66
71
41
70
260
237
51
25
29
60
45
74
