39
113
297
304
247
339
427
166
137
309
112
118
451
176
467
373
349
98
384
451
275
342
344
388
289
422
402
374
291
129
260
239
194
394
278
263
235
247
291
471
118
30
56
58
33
28
31
44
32
241
34
49
40
43
56
33
59
31
64
41
203
215
42
51
42
42
32
40
62
70
244
40
28
51
34
71
68
61
57
99
283
289
231
344
411
151
139
294
98
105
437
160
452
358
334
83
369
436
259
328
330
373
274
407
387
359
276
114
245
224
178
379
265
247
220
231
276
455
117
30
55
57
32
27
30
40
31
240
33
48
40
42
56
32
59
30
63
41
202
217
41
51
41
42
31
40
59
69
244
39
28
60
34
70
67
60
57
