92
451
446
401
217
445
403
203
293
266
414
221
69
451
213
64
42
401
447
97
67
39
349
410
204
223
85
141
36
263
219
430
314
77
84
73
406
59
378
98
235
444
85
240
341
258
203
224
313
364
475
222
264
486
221
398
206
329
293
223
66
477
243
83
221
330
210
391
158
184
476
56
351
201
292
403
263
365
377
258
464
447
277
193
383
393
203
57
133
138
390
233
77
60
72
72
160
87
82
59
28
76
42
76
103
107
26
61
109
41
97
109
79
93
107
24
76
58
55
70
82
66
109
34
39
69
40
91
98
104
82
91
96
236
91
82
26
91
25
124
24
97
98
98
106
73
48
31
112
46
38
34
119
86
33
104
86
32
91
80
91
37
73
115
97
102
89
62
48
24
72
37
58
262
79
52
105
101
48
87
101
82
90
39
81
451
446
401
216
444
403
202
293
265
414
220
68
450
213
63
42
400
446
96
66
39
348
410
204
223
85
141
35
262
219
429
313
76
83
72
405
58
377
97
235
443
84
239
340
257
202
224
312
363
474
222
264
485
220
397
206
328
293
223
65
476
243
82
221
330
210
391
157
184
475
55
350
201
292
403
262
365
376
258
463
446
277
192
382
392
202
56
132
138
390
233
76
60
72
72
159
86
82
58
28
76
42
75
102
106
26
61
108
41
97
108
78
92
106
24
75
57
55
70
82
65
109
34
39
69
40
91
98
103
81
90
95
235
91
81
26
90
25
124
24
96
98
98
106
72
48
31
112
46
37
33
119
86
33
103
85
32
90
80
90
37
72
114
97
101
89
62
48
24
71
37
58
261
79
51
104
100
47
87
100
82
90
38
81
