65
453
432
434
161
310
310
310
310
434
437
311
435
332
434
434
434
433
434
427
205
478
342
307
431
431
307
485
305
427
432
335
214
463
150
418
476
485
322
426
121
184
216
205
158
406
42
26
250
54
178
134
453
153
232
436
162
164
42
250
245
487
152
134
29
372
180
124
183
192
54
81
34
67
85
101
24
193
156
24
34
48
75
64
259
190
184
154
145
154
113
133
72
117
232
135
144
146
181
189
186
196
60
148
204
188
191
136
175
113
121
122
119
170
192
201
215
190
178
184
208
203
182
176
132
195
34
207
178
196
157
452
431
433
161
310
310
309
310
434
437
311
434
332
434
434
434
433
434
427
205
478
342
307
430
430
307
484
305
427
432
335
213
462
150
418
475
484
322
426
120
183
215
205
158
406
41
25
249
54
178
133
452
152
232
435
162
164
41
250
244
486
152
133
28
371
179
124
182
191
53
81
33
67
84
100
24
193
156
24
34
48
74
63
258
190
183
153
145
154
113
132
72
117
232
134
143
146
180
188
186
196
60
148
204
187
190
136
174
112
120
122
118
170
191
201
214
190
178
183
207
202
181
176
132
195
34
207
177
196
156
