88
371
108
481
369
59
371
268
176
168
368
412
183
370
289
154
258
309
289
338
59
186
371
430
62
176
371
195
284
76
310
353
295
370
369
388
323
283
322
140
370
287
286
286
338
285
313
373
190
284
29
368
288
387
343
455
406
286
160
213
174
288
287
477
260
372
259
333
47
134
71
287
271
480
193
259
229
442
276
355
430
455
164
453
212
79
213
186
278
46
117
108
141
111
27
182
184
52
126
54
47
65
26
109
185
213
38
86
121
114
94
100
101
198
75
46
106
118
249
57
178
257
195
97
86
48
55
114
246
255
77
66
251
117
223
106
126
129
55
152
231
76
53
94
44
87
141
50
127
243
164
120
44
116
33
59
39
172
187
198
192
98
200
199
206
149
207
92
47
75
112
193
40
90
121
188
182
371
108
481
368
58
371
267
176
167
368
411
182
369
288
153
257
308
288
337
58
185
370
429
62
176
370
195
283
76
309
353
294
370
369
388
323
283
321
139
369
286
286
286
337
285
313
372
189
283
28
367
287
387
343
455
406
285
160
213
174
288
286
477
260
372
259
333
46
133
71
287
270
479
193
258
228
441
276
355
430
455
163
452
211
78
212
185
277
46
117
107
140
110
26
181
184
51
125
53
46
64
25
108
185
212
38
85
120
114
94
100
101
198
74
46
106
117
249
56
178
257
195
97
85
47
54
113
245
254
76
65
251
117
222
105
126
129
55
152
230
76
53
94
44
87
141
50
127
243
164
120
43
116
33
58
38
172
186
198
191
97
200
198
206
148
207
91
46
75
111
192
39
90
121
187
181
