63
209
403
447
39
217
267
66
291
415
452
447
223
223
465
449
314
71
265
407
349
241
403
262
48
222
236
431
476
80
401
223
67
210
224
404
487
379
331
99
222
301
245
225
365
262
218
295
58
391
259
454
341
204
279
379
244
90
234
477
383
368
243
355
60
72
70
93
160
76
64
31
42
60
87
77
57
59
101
42
103
66
98
105
82
82
96
110
87
96
37
98
69
41
123
119
91
33
62
73
84
33
106
44
29
25
98
97
42
247
87
87
80
86
111
25
25
79
73
36
25
38
74
36
111
107
92
208
402
446
38
216
266
65
291
414
451
446
222
222
464
448
313
70
264
406
348
240
402
261
47
221
235
430
475
79
400
222
66
209
223
403
486
378
330
98
221
300
244
225
364
261
217
294
57
390
258
453
340
203
279
378
243
89
233
476
382
367
242
354
60
72
69
93
160
76
63
30
42
60
86
76
57
59
100
41
103
65
98
105
82
81
96
109
86
96
36
98
69
41
123
119
90
33
61
72
83
33
102
43
28
24
100
96
41
247
87
86
80
86
110
24
24
79
73
35
25
38
73
35
111
106
92
