85
393
129
312
130
85
423
75
257
475
114
89
453
66
131
394
325
97
58
400
33
27
135
69
129
465
98
54
338
431
114
337
314
46
458
41
441
173
46
396
38
100
68
67
337
172
255
130
140
139
299
178
297
130
244
306
316
189
277
465
165
110
73
357
406
157
45
394
378
86
444
184
443
477
255
455
447
298
315
224
384
195
413
487
151
342
238
117
253
31
55
28
41
63
33
62
41
42
251
61
45
42
67
62
248
245
259
246
52
46
30
253
49
185
44
73
35
31
242
261
262
28
63
221
228
232
52
62
261
49
156
40
256
27
51
40
135
28
236
59
55
62
61
261
46
53
52
31
43
258
66
252
34
242
66
263
76
41
252
51
73
247
65
45
82
29
73
29
50
56
235
393
129
311
130
84
423
74
257
474
113
89
453
65
131
394
325
96
57
400
32
27
135
69
129
464
98
54
338
430
114
337
313
45
458
40
441
173
45
396
37
100
67
66
337
182
255
130
139
139
299
188
297
130
244
306
315
189
278
465
165
109
73
357
406
156
44
394
378
85
444
184
443
476
255
455
446
297
315
224
384
195
413
486
151
342
237
116
247
30
54
28
40
63
32
62
40
42
250
60
45
41
67
61
247
244
258
246
51
45
29
253
48
184
43
73
34
31
242
261
262
27
63
220
228
231
52
61
261
49
156
39
255
27
50
39
135
27
236
59
54
61
60
260
45
53
52
30
43
257
65
252
34
242
66
262
75
41
251
51
72
247
65
45
82
29
73
29
49
55
235
