98
452
432
161
309
434
310
310
310
425
339
434
310
338
332
331
434
434
437
434
396
433
307
435
433
335
341
205
307
306
485
369
431
342
427
431
326
399
338
478
305
427
214
432
417
354
326
426
304
304
304
426
205
259
406
485
397
304
232
375
184
378
216
26
250
42
150
331
406
304
120
134
462
321
325
356
272
359
178
341
158
231
161
164
194
55
254
361
153
372
44
244
487
486
212
318
134
321
41
180
124
192
85
183
67
54
43
262
262
85
30
166
156
207
24
48
101
37
198
64
154
193
74
196
145
190
136
166
72
202
154
155
235
113
175
187
181
184
117
250
146
135
189
207
186
223
259
244
205
204
175
224
121
61
175
190
184
169
191
183
136
119
170
122
188
144
202
176
188
215
181
227
196
147
263
197
201
135
113
227
204
182
200
194
193
186
178
157
101
238
34
49
158
211
178
146
175
452
431
161
309
434
310
310
310
424
338
434
310
338
332
330
434
434
437
434
396
433
307
435
433
334
341
205
307
306
485
369
431
342
427
431
325
399
338
478
305
427
214
431
417
353
325
425
303
303
304
425
205
259
405
485
397
303
231
375
184
378
216
26
249
41
149
331
406
304
119
133
462
320
324
356
272
359
178
341
158
231
160
163
194
54
254
361
152
372
44
244
487
486
212
317
133
321
41
179
123
191
85
182
67
54
43
262
261
85
30
165
156
206
24
48
101
37
197
64
154
193
74
195
145
190
136
165
72
202
154
155
232
113
174
187
180
183
117
250
145
134
188
207
185
223
259
243
205
204
175
224
121
61
175
189
183
169
191
183
135
119
169
122
187
144
201
175
188
215
180
226
195
147
262
197
201
135
113
227
203
181
200
194
193
186
178
157
100
238
34
49
158
211
177
146
174
