89
447
267
217
451
210
402
38
415
445
222
295
64
214
202
465
453
68
404
73
71
401
431
141
79
218
447
406
43
210
223
262
264
221
241
349
226
314
236
85
379
406
224
222
66
476
330
222
222
85
218
61
267
343
245
331
482
158
83
308
87
478
204
206
259
195
218
396
296
184
139
74
295
365
262
403
37
416
56
175
296
234
367
89
243
477
212
372
378
97
71
76
160
61
59
72
93
42
86
77
29
61
26
76
59
106
79
82
91
102
41
37
70
69
215
96
98
109
91
57
96
66
112
82
105
102
39
96
55
82
27
34
87
119
98
33
123
44
94
238
104
106
27
25
46
257
88
79
28
37
86
25
109
86
52
256
31
39
37
82
58
95
97
42
62
78
31
114
25
85
39
24
25
107
74
70
111
72
116
446
266
216
450
209
401
37
414
444
221
294
63
213
201
464
453
68
403
73
70
400
430
140
78
217
446
405
42
210
222
262
263
220
240
348
225
313
235
84
378
405
223
221
65
475
329
221
221
85
217
60
266
342
244
330
481
157
83
307
86
478
203
206
258
194
217
395
295
184
139
73
294
364
261
402
36
415
55
174
295
233
366
89
242
476
212
371
377
96
70
75
160
60
58
71
92
41
86
77
29
61
25
75
59
106
79
82
91
102
40
36
70
69
215
95
98
109
90
56
96
66
112
82
104
101
38
96
55
81
27
34
86
119
98
32
122
44
93
237
103
105
26
24
45
256
88
79
28
37
86
25
108
85
52
256
30
38
37
81
57
94
96
41
61
78
30
114
25
85
39
24
25
106
74
70
110
71
115
