88
129
393
476
258
132
85
114
454
129
129
132
325
425
129
76
89
479
27
56
337
394
132
245
70
34
319
136
417
432
48
66
299
59
100
463
130
256
174
403
98
114
66
101
338
299
441
130
40
42
130
394
459
380
93
130
131
338
46
306
164
443
94
313
193
50
189
449
466
111
104
317
485
407
90
276
66
412
393
298
455
73
157
189
344
357
407
385
400
117
238
33
63
28
58
61
43
130
172
61
42
28
161
41
41
251
260
59
35
42
43
59
52
245
32
246
116
44
239
62
40
45
256
33
184
41
63
247
65
71
262
52
182
29
28
208
229
263
196
53
259
242
76
226
256
49
250
55
54
41
244
261
75
224
61
237
44
50
75
62
261
258
254
261
251
31
261
65
73
31
68
36
238
37
43
32
215
128
392
476
257
132
85
114
454
129
128
131
324
424
128
76
89
479
26
56
336
393
131
245
70
34
318
135
416
431
47
65
298
59
99
463
129
256
174
402
98
114
65
101
337
298
440
129
40
42
129
393
459
379
93
130
131
337
46
306
164
442
93
313
192
50
189
449
465
111
104
317
485
407
89
276
65
411
393
297
454
73
157
188
343
357
406
384
399
117
237
33
63
28
57
61
42
130
172
61
41
27
160
41
41
250
260
59
35
42
42
59
52
244
32
245
116
44
238
62
40
45
255
33
184
41
62
247
64
71
261
51
182
28
28
208
228
263
196
53
259
242
75
225
255
49
249
54
54
41
243
254
74
223
60
237
44
49
74
62
260
258
253
261
250
31
260
65
72
31
68
36
237
37
43
32
214
