94
451
446
216
401
445
403
203
293
266
216
414
221
69
451
213
64
42
401
447
97
67
349
39
410
204
223
85
141
263
36
219
314
430
77
84
73
406
59
235
378
98
85
444
240
258
341
203
313
475
364
222
264
486
224
398
221
329
206
293
223
66
477
243
221
83
330
210
391
158
476
184
56
351
263
201
292
403
365
377
258
464
447
277
193
383
393
203
57
133
390
138
233
77
446
60
72
160
72
87
82
59
28
76
212
42
76
103
107
26
61
109
41
97
109
79
107
93
24
76
58
55
70
66
82
109
39
34
69
40
91
98
104
96
82
91
91
236
82
91
26
25
24
98
97
98
106
73
124
31
48
46
112
38
34
119
86
33
86
104
32
91
80
91
73
37
115
97
48
102
89
62
24
72
37
58
262
79
52
105
101
48
87
101
90
82
39
81
251
451
446
215
401
444
403
202
293
266
215
414
221
68
450
213
63
42
400
446
96
66
348
39
410
203
223
85
140
263
35
218
313
429
76
83
72
405
58
234
377
97
84
443
240
257
340
202
312
475
363
222
263
486
223
397
220
328
206
293
223
65
476
243
221
82
330
210
391
157
475
183
55
351
263
201
291
403
365
376
258
464
446
277
192
382
392
202
56
132
390
137
233
76
445
60
72
159
72
86
82
58
28
76
217
42
75
102
106
26
61
108
41
97
108
78
106
92
24
76
57
55
70
66
82
108
39
34
69
40
91
98
103
96
81
90
91
236
81
90
26
25
24
98
96
98
106
72
123
31
48
46
112
37
33
119
85
33
86
103
32
91
80
90
73
36
114
97
48
102
89
62
24
71
37
57
261
79
51
104
100
47
87
101
90
82
38
81
250
