97
401
451
216
446
445
403
203
415
216
266
216
293
221
451
42
216
216
64
213
69
216
401
447
263
97
223
67
349
410
204
313
37
141
85
84
219
430
73
98
405
234
36
240
378
59
77
85
258
203
341
224
486
475
313
221
264
222
364
216
399
206
329
223
478
329
221
66
243
293
158
210
82
391
184
476
293
201
403
351
56
217
365
258
264
277
464
383
193
418
57
377
203
390
393
138
135
233
72
60
160
72
87
82
59
42
178
76
205
28
76
107
109
191
226
64
26
103
215
41
97
66
109
58
79
107
24
76
39
85
70
55
40
109
34
91
91
101
96
97
82
82
104
69
91
91
25
26
124
73
97
24
48
106
98
97
238
31
112
33
34
86
46
86
119
33
38
91
91
104
80
37
73
90
101
62
97
115
256
24
37
48
79
60
105
52
77
87
72
48
90
101
82
101
39
400
451
216
446
444
402
202
414
216
266
216
293
221
450
42
216
216
64
213
69
216
401
447
263
96
222
66
348
410
203
313
36
140
84
83
219
430
72
97
404
233
35
239
377
58
76
84
257
203
340
224
486
474
312
220
263
221
363
215
399
206
328
223
478
329
220
66
243
293
157
209
82
391
184
476
292
201
402
350
56
216
364
258
263
277
464
382
192
417
57
377
202
390
392
137
134
233
72
60
160
71
86
82
58
41
178
76
204
28
75
106
108
191
225
63
26
103
214
41
97
65
108
58
79
107
24
75
39
85
70
54
40
109
33
90
90
101
95
97
81
81
103
69
90
90
24
25
123
72
97
24
47
106
97
97
237
31
111
32
34
85
46
86
118
32
37
90
91
103
80
37
72
90
101
61
97
115
256
24
37
47
79
59
104
51
77
87
71
47
90
101
82
100
38
