93
452
432
310
434
310
310
338
339
434
310
434
335
434
435
437
434
335
425
396
434
161
307
434
369
205
336
307
307
431
478
338
431
485
326
397
306
305
427
326
341
427
432
327
304
354
462
304
304
417
150
345
326
259
304
485
426
304
328
71
216
213
476
324
178
26
184
139
360
406
378
325
361
226
426
232
47
250
54
406
321
375
158
304
113
348
134
436
453
253
250
153
244
487
180
124
54
183
34
67
166
262
85
78
34
151
24
194
101
48
205
262
196
70
191
148
58
202
190
193
160
136
154
184
182
113
72
171
181
88
117
232
183
141
246
135
161
259
207
180
244
172
190
189
156
193
224
205
61
204
190
263
233
136
152
199
148
200
119
190
214
188
121
184
204
147
190
220
227
119
170
192
202
227
169
112
220
232
166
179
208
190
190
132
178
238
34
452
432
309
434
309
309
337
338
433
309
434
334
434
435
437
434
335
424
396
433
160
307
433
369
204
336
307
306
430
477
337
431
485
325
397
305
305
427
325
341
427
432
327
304
353
461
303
304
416
150
344
325
259
304
485
425
304
327
76
215
212
475
324
177
26
184
139
360
406
377
324
361
225
426
232
47
250
54
405
320
375
157
304
113
348
134
436
453
252
250
152
243
487
179
124
54
183
34
66
165
262
85
78
34
151
24
193
100
48
204
261
196
70
190
148
58
201
190
192
160
136
154
184
181
112
71
171
181
87
116
232
183
141
246
134
161
259
206
179
243
172
189
189
156
192
223
204
60
203
190
262
236
135
151
199
148
199
119
190
214
187
120
184
203
146
190
219
226
118
169
191
202
226
169
112
219
229
165
179
207
190
190
132
178
237
34
