92
452
432
161
434
338
310
310
434
331
335
310
311
426
310
434
339
437
435
434
434
396
433
307
205
335
369
431
307
307
478
431
327
485
338
305
326
427
399
432
345
341
214
427
327
303
305
356
431
326
304
304
204
418
259
426
304
378
184
476
485
216
406
226
462
150
26
426
304
397
321
324
161
325
250
163
375
359
47
232
372
65
406
158
115
361
253
153
46
212
178
452
348
180
123
192
183
166
67
54
85
207
151
81
24
262
43
24
262
101
194
48
37
196
67
148
190
196
202
154
160
136
184
113
162
72
182
117
175
235
184
133
156
141
146
246
262
244
171
205
144
186
259
205
178
186
224
204
190
184
191
196
60
136
121
187
184
188
119
223
220
174
227
148
204
196
170
182
168
195
119
228
157
232
202
113
205
147
190
178
188
158
201
192
169
452
432
161
434
338
310
310
434
331
335
310
311
426
310
434
338
437
435
434
434
396
433
307
205
335
368
430
307
307
477
431
327
485
337
305
325
426
398
432
345
341
214
427
327
303
304
355
431
325
303
303
204
418
259
426
304
378
183
475
485
216
406
226
462
150
25
426
303
396
320
324
160
325
250
162
374
358
46
231
371
66
406
157
115
361
253
153
45
212
177
452
348
179
123
192
183
165
67
54
85
206
151
81
24
261
43
24
262
101
194
48
37
196
67
148
190
195
201
154
160
136
183
113
161
72
182
117
174
234
183
133
156
141
146
246
262
244
171
204
144
185
258
204
178
185
224
203
190
183
191
195
60
136
121
187
183
187
118
222
219
173
227
148
204
195
170
182
167
194
119
227
156
235
201
113
205
147
190
177
187
158
201
192
168
