76
452
432
161
434
310
310
310
310
434
335
435
437
434
434
340
434
433
307
396
434
427
478
367
431
431
485
326
307
305
399
324
427
432
345
427
214
150
417
476
354
485
178
462
426
371
327
205
341
121
216
356
406
26
42
386
426
158
406
453
178
250
134
397
54
162
188
164
436
153
364
373
253
42
250
152
134
180
124
192
183
54
81
34
70
85
151
193
101
24
34
262
48
75
157
196
64
259
184
201
154
113
72
178
133
117
184
148
243
135
156
232
146
189
189
196
207
60
190
180
204
168
263
175
141
188
136
148
121
119
122
189
220
113
202
190
200
170
215
174
192
203
184
182
208
178
211
181
190
176
132
207
178
452
432
161
433
309
309
309
309
433
334
434
436
434
434
340
434
432
307
396
433
426
478
366
430
431
485
325
306
305
399
323
426
432
344
426
213
149
417
476
353
485
178
462
425
370
326
204
340
121
216
355
406
26
42
386
425
158
405
453
178
250
133
396
54
161
187
164
435
153
363
373
250
42
250
152
134
180
123
191
182
54
80
34
69
85
150
193
101
24
34
262
48
75
151
196
64
258
184
201
154
112
71
171
132
116
184
147
243
134
156
232
145
188
188
196
207
59
189
179
203
168
262
175
141
188
136
148
121
119
121
189
219
113
202
189
199
172
214
173
191
202
183
181
208
178
211
181
184
175
132
206
178
