80
452
432
161
309
434
310
310
310
310
435
310
434
332
338
434
437
427
434
433
433
433
332
485
307
205
431
431
478
341
432
305
427
304
427
431
213
463
476
205
485
426
426
417
375
178
406
397
232
216
250
331
26
134
305
120
272
150
321
55
453
436
161
232
47
158
193
164
254
44
153
188
42
178
396
321
134
485
244
372
228
180
123
192
85
183
54
75
64
43
193
30
85
156
166
24
101
259
43
64
75
54
180
72
136
190
113
154
184
142
133
123
232
113
243
144
152
181
196
175
58
217
204
189
169
190
121
175
184
137
170
144
119
215
193
188
263
188
226
194
190
208
203
227
119
113
200
182
193
101
178
184
176
200
163
144
178
46
238
157
196
451
432
161
309
433
310
309
310
310
434
310
434
332
337
434
436
427
434
433
433
433
331
485
307
205
430
431
477
340
432
304
427
304
426
431
213
462
475
205
485
426
425
416
374
178
406
396
232
215
250
330
25
133
304
120
272
150
319
54
452
435
161
232
47
157
192
164
254
44
153
188
42
177
396
321
134
485
243
372
228
179
123
192
84
182
54
74
63
43
193
30
84
156
165
24
101
258
43
64
74
54
180
72
136
190
113
153
183
141
132
123
231
113
243
143
152
180
195
175
58
216
203
188
169
190
120
175
183
137
170
143
119
214
201
188
262
188
220
193
190
207
203
226
119
112
200
182
193
100
178
184
176
199
163
143
178
46
237
157
196
