40
218
218
292
423
420
49
366
427
373
207
396
32
324
391
453
89
282
171
423
345
327
404
228
51
304
161
214
120
452
47
372
225
387
313
251
245
250
262
263
145
205
217
44
111
95
95
26
73
54
101
74
232
40
53
100
113
36
37
85
112
30
98
79
116
43
50
113
110
70
83
96
131
35
109
104
91
78
36
91
100
223
223
301
431
428
58
374
435
383
216
402
28
334
401
460
95
292
181
431
354
335
410
233
61
313
167
222
126
460
56
380
229
395
322
260
254
257
271
271
137
210
223
41
110
94
94
26
73
53
98
73
226
37
50
99
109
35
34
82
111
30
97
77
109
39
47
107
100
67
82
92
130
31
108
101
90
77
36
90
78
