96
452
161
432
309
310
310
310
339
434
310
427
335
338
331
434
434
434
437
434
396
433
306
433
335
308
205
306
485
369
431
431
434
327
345
326
478
338
305
399
431
214
341
354
326
304
304
324
417
304
259
328
485
205
405
216
184
375
304
232
250
150
120
26
378
406
42
304
397
134
325
272
359
161
321
158
356
164
232
178
55
304
153
194
134
253
44
244
487
212
486
318
361
372
42
396
261
180
192
124
85
67
54
43
262
85
30
258
151
166
207
24
48
183
101
37
196
64
154
74
196
136
190
166
72
202
154
113
195
162
156
175
184
181
117
184
141
146
140
207
186
244
259
148
186
205
224
263
61
175
119
136
191
169
190
184
170
189
188
119
183
202
122
176
174
215
196
263
196
204
227
113
147
182
227
201
194
217
178
200
178
190
101
238
34
158
49
211
186
157
176
160
209
452
161
431
309
310
310
310
339
434
310
427
334
338
330
433
433
434
436
433
395
433
306
432
335
308
205
306
485
368
430
430
433
327
345
326
477
338
305
399
430
214
341
353
326
304
304
324
416
304
259
328
485
205
404
216
184
375
304
231
250
150
120
26
378
406
41
304
397
134
325
272
359
161
321
158
356
163
231
178
54
304
152
193
133
253
44
243
487
212
486
318
361
371
41
396
261
179
192
124
85
67
54
43
262
84
30
258
150
165
206
24
47
183
100
36
196
63
153
73
195
136
190
166
72
201
154
113
195
162
155
174
184
181
117
184
140
145
140
207
186
244
259
147
185
205
224
263
61
175
119
135
191
169
190
184
170
189
188
119
182
202
122
175
174
215
195
263
196
204
227
113
146
182
226
201
193
217
178
199
177
190
100
237
33
158
48
211
185
156
176
159
208
