83
370
58
370
257
110
288
288
356
369
370
186
275
58
367
367
434
367
175
152
367
367
199
368
314
407
367
272
60
370
285
293
367
257
337
75
325
173
346
235
257
282
165
285
335
412
284
286
332
385
282
282
385
369
257
282
284
164
247
453
41
104
78
371
181
244
138
132
479
479
258
262
283
189
78
454
214
474
185
335
430
175
123
321
46
111
26
188
117
26
38
56
65
94
117
175
121
224
213
98
182
184
115
168
197
46
257
56
46
234
187
101
75
71
178
156
31
84
118
56
127
56
214
41
135
141
219
254
56
83
255
233
77
48
106
96
246
51
149
93
47
195
88
34
73
90
105
44
129
114
172
114
98
199
178
198
129
76
77
44
124
68
244
47
199
118
223
369
57
370
256
110
287
287
355
368
369
185
274
57
367
367
433
367
174
151
367
367
198
368
314
406
367
272
59
369
285
292
366
256
337
74
324
172
345
234
256
282
164
285
335
412
284
286
325
385
281
281
385
368
257
281
284
163
247
453
41
103
77
371
180
243
138
131
479
478
257
262
282
188
77
454
214
473
184
335
430
174
123
321
46
111
26
187
117
25
37
55
64
94
117
175
120
224
213
98
181
184
115
167
197
46
257
55
46
233
187
101
75
70
178
155
30
83
118
56
127
56
213
41
134
141
218
254
56
82
255
218
76
48
106
96
246
51
148
93
47
195
88
33
73
89
105
44
128
114
171
114
98
199
177
198
128
76
76
44
123
68
243
46
199
118
222
