35
303
395
396
400
397
421
398
109
259
249
397
308
434
125
395
58
341
102
125
221
240
260
240
84
81
284
392
136
178
285
246
246
326
353
301
178
42
217
64
229
135
126
126
71
68
262
188
86
141
164
65
76
52
100
132
214
177
203
100
179
120
77
90
99
177
58
225
129
263
240
288
378
376
384
380
404
382
93
243
232
380
296
418
109
378
41
324
108
108
204
223
242
222
68
64
266
376
119
160
269
230
236
309
336
292
178
42
223
54
228
135
126
126
71
68
262
191
85
141
164
65
76
52
99
132
213
176
205
99
179
120
77
90
98
177
58
224
128
262
239
