75
446
401
451
445
266
203
403
401
447
216
221
415
70
42
290
60
205
451
67
64
39
349
341
223
263
97
73
430
85
259
378
77
314
235
224
410
222
475
405
203
141
486
330
240
36
243
264
313
66
289
329
444
223
206
364
221
477
351
391
259
210
402
366
221
264
464
300
475
377
392
294
77
446
368
57
72
72
60
87
76
59
82
41
99
159
76
42
102
109
31
104
76
109
79
64
93
107
26
58
66
106
91
34
55
91
82
69
39
96
124
24
98
97
98
25
70
73
33
82
81
33
106
24
119
97
46
236
34
112
97
48
86
97
79
37
91
62
24
86
48
58
29
74
72
101
87
80
251
111
87
446
401
451
445
266
202
403
401
446
215
221
414
70
42
290
59
204
450
67
64
38
349
340
223
263
96
73
430
85
258
377
77
313
234
224
409
222
475
405
203
141
486
330
239
35
243
263
313
66
289
328
444
222
205
363
220
477
351
390
259
210
402
366
220
264
464
300
475
376
392
294
76
445
368
57
72
72
59
86
76
58
82
40
98
159
76
42
102
108
30
104
76
109
79
64
93
107
26
58
66
106
90
33
54
91
81
68
38
95
124
24
97
97
98
24
69
72
33
81
81
32
105
24
118
97
45
236
34
112
96
47
86
97
79
36
91
62
24
85
47
57
29
74
72
101
87
80
251
110
87
