85
451
447
267
217
402
210
39
445
64
415
222
291
404
214
207
401
465
453
74
431
406
71
141
79
223
447
241
210
264
43
262
221
236
226
98
349
476
85
222
378
412
36
66
314
330
400
225
84
222
204
61
331
343
245
206
267
301
482
259
478
134
218
74
357
385
262
184
139
403
315
295
195
89
175
243
359
296
58
235
477
56
278
97
391
372
61
72
76
160
72
59
93
86
61
42
77
31
82
26
76
41
59
106
88
37
98
102
70
69
57
96
82
91
66
109
96
112
96
102
106
105
98
55
87
82
24
77
119
39
33
31
33
104
123
25
104
46
27
25
109
106
29
257
86
86
101
257
58
93
103
42
37
82
62
27
95
52
25
25
107
104
85
87
39
74
114
79
116
80
111
450
446
266
216
401
209
39
444
63
414
221
290
403
213
206
400
464
452
73
430
405
70
140
78
222
446
240
209
263
42
261
220
235
225
97
348
475
84
221
378
412
35
65
313
329
399
224
83
221
203
60
330
342
244
205
266
300
482
258
477
133
218
73
356
384
261
184
138
402
314
294
195
88
175
242
358
295
57
234
477
55
277
96
390
372
60
71
76
160
71
59
93
86
61
41
77
30
81
26
75
41
59
105
88
37
98
101
69
69
57
95
81
91
66
109
96
112
96
101
105
104
98
54
87
81
24
76
119
39
32
31
32
104
123
25
103
45
27
25
108
106
29
256
86
86
100
257
58
92
102
41
37
81
61
27
95
52
25
25
106
103
85
87
38
73
114
79
115
80
110
