92
446
451
218
207
401
266
215
404
451
445
221
293
216
415
401
64
212
70
67
447
42
217
205
222
60
36
73
39
350
219
486
263
235
84
141
98
313
478
430
341
259
406
97
85
406
240
378
77
222
84
223
475
444
243
66
158
364
220
351
223
217
210
329
201
222
259
331
203
135
396
264
218
83
393
286
138
193
403
57
202
292
377
264
56
447
205
181
464
233
390
365
383
72
60
158
56
72
76
173
82
107
87
76
29
202
42
41
64
26
102
79
97
109
191
76
58
104
81
91
93
107
109
73
66
96
55
70
91
42
86
34
26
91
28
106
91
98
82
82
69
98
40
125
98
236
33
119
91
97
46
97
34
253
91
46
102
86
37
32
46
101
30
106
263
104
101
94
82
52
62
87
25
39
72
48
115
263
112
34
58
39
80
108
103
445
451
218
207
400
265
215
403
451
444
221
293
215
415
401
63
212
69
66
447
42
216
205
222
60
35
72
39
350
218
485
262
234
83
140
97
312
478
430
341
258
406
97
84
405
239
377
76
222
83
223
474
444
243
65
157
363
220
351
223
215
209
329
201
222
259
331
203
134
395
264
217
82
392
286
137
192
402
56
202
292
376
263
56
447
205
180
463
233
389
365
382
71
59
158
55
72
76
172
81
107
87
76
29
205
41
40
63
25
101
78
97
109
191
75
57
104
81
91
93
106
109
72
65
95
54
69
91
42
86
34
26
91
27
105
91
98
81
82
69
98
39
125
97
235
33
119
91
97
45
96
33
237
90
46
102
85
36
31
45
100
30
106
262
104
101
93
82
51
61
87
24
39
71
47
115
262
111
33
57
39
80
107
103
