40
223
432
229
38
211
431
223
315
37
390
58
442
134
435
26
476
271
180
430
383
284
55
165
400
224
300
403
224
248
411
258
337
221
237
442
376
127
327
260
459
187
109
68
107
106
98
207
37
25
98
92
28
79
70
112
260
48
34
85
54
103
121
31
46
262
41
74
244
89
100
75
113
110
51
112
93
108
114
102
67
226
438
231
44
219
437
226
322
43
396
64
449
139
441
31
478
278
186
436
392
290
60
171
409
227
308
407
227
256
414
263
345
227
245
449
382
133
335
268
465
198
108
67
107
102
95
218
33
25
97
89
25
78
69
106
260
45
37
84
54
102
120
30
43
261
37
73
244
88
99
75
112
109
51
111
90
110
113
101
64
