88
394
129
476
258
132
85
114
454
129
132
425
325
129
76
89
27
56
337
132
394
245
70
400
478
34
319
48
432
66
399
299
136
59
100
463
174
256
414
338
98
114
66
101
394
299
40
130
441
130
93
130
338
306
131
46
393
380
131
164
443
94
50
190
193
313
111
459
466
104
407
276
90
448
66
298
412
317
400
455
73
189
157
344
357
407
385
132
137
237
118
33
63
28
58
61
43
130
61
28
42
161
41
41
260
59
35
43
42
59
52
247
253
245
32
239
44
62
226
40
246
45
256
33
63
41
116
185
65
71
262
52
53
29
229
208
28
196
76
226
49
55
256
250
261
242
236
54
41
244
224
61
75
261
50
259
44
75
258
261
254
236
251
65
31
62
215
73
31
36
68
238
37
43
32
71
81
394
128
476
257
132
85
114
454
129
131
424
325
129
76
89
26
56
337
131
393
245
70
400
478
33
319
48
431
65
398
298
136
59
99
463
174
255
420
338
98
114
66
101
393
298
39
129
440
130
93
130
338
306
131
46
393
379
131
164
442
93
50
189
192
313
111
459
465
104
407
276
89
448
65
297
411
317
399
455
73
188
157
344
356
406
384
132
136
237
118
33
63
28
57
61
42
130
61
27
41
161
41
41
260
59
34
42
41
59
52
246
252
244
32
239
44
62
225
40
246
45
255
33
62
40
116
184
64
71
262
51
53
28
229
207
28
195
75
226
48
55
256
250
260
241
236
54
41
243
224
60
75
260
49
259
44
74
257
261
253
236
250
65
31
62
214
72
31
36
68
238
37
43
32
71
81
