80
452
432
161
309
434
310
310
310
310
435
310
434
331
335
338
434
437
434
433
433
307
433
427
340
396
485
306
335
307
431
431
368
477
338
327
394
432
305
427
304
427
340
354
463
326
431
213
485
475
426
426
417
178
406
375
324
26
216
327
250
134
303
120
397
356
150
55
161
453
44
361
436
407
158
164
44
364
153
41
178
180
123
192
85
183
54
75
64
43
193
30
85
207
151
166
24
101
43
64
75
154
54
259
262
196
72
169
196
136
113
154
202
184
181
165
183
133
123
232
113
243
141
207
181
186
144
152
58
196
217
204
189
190
121
169
148
119
137
263
170
215
220
188
172
147
188
194
203
192
119
190
208
199
113
182
101
212
178
175
200
452
432
161
309
433
310
309
310
310
434
310
434
330
335
338
434
436
434
433
433
307
433
426
340
396
485
305
334
306
430
431
367
476
338
326
394
432
304
426
304
426
339
354
463
325
431
213
485
475
425
426
417
177
405
374
323
26
215
327
249
133
302
120
396
356
150
54
161
452
43
360
436
407
157
163
43
364
153
41
177
180
123
191
84
182
54
74
63
43
192
30
84
206
150
165
24
101
43
64
74
153
54
258
262
195
72
165
195
135
113
154
201
184
180
165
183
133
123
231
113
242
141
207
180
185
144
152
58
196
216
204
188
189
121
169
148
119
137
262
169
214
213
188
172
146
188
194
202
192
119
190
207
199
112
182
101
211
178
175
199
