33
301
389
391
388
313
302
259
386
303
387
371
260
140
379
259
443
179
442
433
135
118
174
474
73
366
151
388
469
368
429
112
175
108
145
37
92
59
153
156
202
172
166
142
180
120
186
199
145
58
134
172
61
104
183
164
199
170
161
187
152
165
263
171
263
263
171
284
372
374
371
297
285
241
370
286
370
354
243
123
362
242
426
162
426
416
118
101
158
458
56
350
135
371
478
351
413
95
193
91
144
28
92
56
152
155
201
171
166
141
179
119
185
199
144
57
133
172
60
104
183
163
198
169
161
187
151
165
262
171
262
256
170
