97
216
446
451
401
445
207
403
266
221
216
415
216
293
216
451
401
213
64
216
447
70
42
263
67
60
205
222
314
39
447
410
349
73
430
36
84
98
97
141
219
240
445
235
258
85
77
313
341
406
84
203
475
378
486
224
222
217
223
364
330
221
329
478
293
244
264
210
206
82
221
351
158
201
402
293
184
391
259
65
242
476
444
464
217
55
392
277
133
418
138
193
264
390
203
57
377
89
160
72
60
72
87
56
82
76
76
202
42
190
28
226
107
41
26
64
212
97
102
109
66
79
104
76
58
39
93
260
24
107
91
34
81
55
91
106
70
109
82
245
96
91
91
69
24
26
98
40
25
97
82
73
124
98
238
34
97
33
48
46
86
38
25
106
91
112
104
86
97
91
101
62
88
37
79
37
119
36
73
233
58
259
115
101
79
101
77
82
52
48
90
46
87
72
25
216
445
451
400
445
207
402
266
221
216
415
216
292
216
450
400
212
63
216
447
69
41
262
66
59
205
221
314
38
446
410
349
72
430
35
83
98
97
140
218
240
444
234
257
85
76
313
341
406
83
202
475
377
486
223
222
216
222
364
330
220
329
478
292
243
263
209
206
82
221
351
158
200
401
293
184
391
258
65
241
475
444
464
217
54
391
277
132
418
138
193
264
389
203
56
376
88
159
71
60
71
86
55
81
76
76
202
41
190
28
226
107
41
25
63
212
97
101
109
65
79
104
76
57
39
93
259
24
106
91
34
81
55
91
106
69
108
82
244
96
91
91
68
24
25
97
39
24
97
81
72
124
98
237
33
96
32
48
46
85
37
25
105
90
111
104
85
97
91
100
62
88
36
79
36
118
35
73
233
58
259
115
101
79
101
77
81
51
48
90
46
87
71
24
