83
129
393
109
86
258
476
454
132
425
325
71
394
56
85
132
132
459
337
58
70
294
245
319
105
401
256
463
101
174
306
339
431
398
441
394
344
338
97
70
196
142
66
443
136
115
321
186
296
157
412
93
393
67
300
407
407
465
313
73
304
75
380
115
164
478
455
356
86
27
359
132
487
314
151
385
189
316
448
244
444
340
486
257
117
238
61
55
63
33
43
61
28
42
44
42
59
40
31
42
261
35
44
55
38
59
32
73
248
41
33
51
63
55
185
44
227
28
53
226
49
63
65
65
28
251
41
81
47
53
70
28
68
32
76
261
261
68
43
258
44
249
24
43
34
241
71
54
254
73
26
66
24
43
71
53
42
57
29
36
63
250
42
263
197
26
51
129
392
109
86
257
475
454
132
425
324
71
393
56
85
131
131
459
336
58
70
294
244
319
105
400
255
462
101
174
306
339
431
398
441
393
343
337
97
70
196
142
66
443
135
114
320
185
296
157
411
93
393
67
300
406
407
465
313
73
304
74
380
114
164
477
454
356
86
27
359
132
486
314
150
385
188
316
448
243
444
340
486
256
116
238
60
54
63
33
43
60
28
41
43
42
58
40
30
41
261
35
44
54
37
58
32
72
247
40
33
50
63
54
185
43
226
27
53
225
49
62
64
65
28
250
41
81
47
53
70
27
68
31
75
261
261
67
43
258
44
257
24
42
34
241
70
54
254
72
26
65
24
43
71
53
41
56
28
36
62
250
42
263
196
26
50
