75
452
432
310
310
161
310
434
311
310
434
335
338
437
434
330
434
434
307
205
478
307
431
431
327
485
306
326
305
426
432
341
304
304
462
304
345
259
326
205
304
210
485
150
216
26
184
324
406
232
122
178
250
46
232
134
161
304
321
361
158
272
375
54
303
164
153
250
245
134
244
397
487
487
262
161
180
124
54
34
192
67
85
24
78
34
151
166
101
48
207
70
58
148
190
184
136
113
154
162
72
88
175
117
259
135
141
244
205
180
260
156
224
186
175
190
149
61
189
136
119
191
148
121
184
188
201
170
119
227
215
204
176
227
147
112
263
168
192
226
182
178
132
196
178
238
171
34
49
212
255
452
431
310
309
160
310
434
311
310
434
335
337
436
434
330
434
434
307
204
478
307
430
431
326
484
306
325
304
425
432
341
303
303
461
303
345
258
326
204
303
209
485
150
215
25
184
323
405
231
121
177
249
45
232
133
160
303
320
360
157
272
373
54
302
164
153
249
244
134
243
396
487
487
261
161
180
124
53
33
192
67
84
24
77
33
151
166
101
47
207
69
57
147
189
184
135
113
153
161
72
87
174
117
259
135
141
244
205
179
260
156
224
185
174
190
149
61
189
136
118
191
148
121
183
188
201
169
119
227
214
203
181
226
146
112
262
171
191
225
182
178
132
195
177
238
167
33
49
212
254
