78
452
432
161
434
310
310
310
310
434
437
335
311
435
434
434
335
434
340
433
338
427
434
307
478
368
338
431
431
335
327
485
304
307
305
397
324
345
432
427
427
214
150
354
417
476
358
485
178
462
426
356
325
371
205
341
216
121
406
26
42
361
426
158
453
178
134
54
162
365
164
188
153
436
373
42
372
250
152
180
124
192
183
54
81
34
67
85
101
151
24
193
24
34
205
48
262
75
166
259
64
145
184
201
181
154
113
193
165
72
244
133
117
181
148
156
135
232
243
146
189
207
189
196
196
60
190
180
204
147
204
168
175
141
136
188
121
119
122
186
220
113
190
200
215
192
203
211
182
184
178
208
181
176
157
132
207
452
431
161
433
310
310
309
310
434
437
334
311
434
434
434
335
434
339
433
338
427
434
307
478
368
337
431
430
335
326
485
305
307
304
396
323
345
431
427
427
213
150
354
416
476
358
485
178
462
426
356
324
371
205
341
216
120
406
25
41
361
426
157
453
178
134
53
162
365
163
187
153
436
373
41
371
250
152
179
124
192
183
53
81
33
67
84
100
151
24
192
24
34
204
48
261
74
166
259
63
145
184
200
181
153
113
193
165
72
232
132
117
180
147
155
135
231
242
145
189
207
188
195
196
60
190
179
204
147
204
167
172
141
136
187
121
118
122
186
220
112
190
199
215
191
202
210
181
183
178
208
180
176
156
131
206
