51
287
401
306
58
284
284
406
405
180
411
220
353
310
148
68
216
343
283
222
285
190
43
133
350
403
71
161
411
306
171
436
406
312
436
98
226
282
128
163
177
114
68
142
215
340
221
296
115
450
280
423
46
91
136
76
137
106
78
35
180
154
46
62
124
76
76
181
140
192
254
251
179
100
183
95
251
126
50
91
81
123
98
143
91
88
171
76
166
146
27
47
60
43
64
88
78
34
140
97
96
80
84
278
392
297
49
275
275
397
395
172
402
211
344
301
139
59
208
334
274
215
275
181
34
123
341
394
62
152
402
297
162
426
397
302
427
89
217
273
119
154
168
105
59
133
206
331
212
287
106
441
271
414
46
90
135
75
136
106
78
28
179
153
45
61
124
76
75
181
139
191
254
238
179
99
183
94
244
125
50
90
80
122
97
142
91
87
170
75
166
145
27
46
59
42
63
88
78
33
139
97
96
80
84
