69
452
432
310
310
310
161
434
310
434
434
335
437
434
331
434
434
307
205
306
478
307
431
431
327
485
306
434
305
427
432
304
341
462
304
259
345
205
210
485
150
216
476
184
26
324
232
406
122
178
250
46
232
161
134
272
158
54
164
153
250
245
134
244
487
487
262
366
161
42
180
124
54
34
67
192
85
78
24
34
151
101
48
207
70
58
148
190
166
184
136
154
113
162
72
88
184
117
205
135
244
141
180
259
224
156
175
149
61
189
136
199
191
119
148
184
121
188
201
170
119
227
204
215
263
112
192
182
178
132
196
178
238
34
49
212
197
255
176
451
432
309
309
309
160
433
309
434
434
335
437
434
330
433
433
307
205
306
478
306
430
431
326
485
305
432
305
427
432
303
340
461
303
258
345
205
209
485
149
216
476
183
26
323
232
406
122
177
250
46
231
161
133
272
157
53
163
152
250
245
133
243
487
487
261
363
161
41
179
123
54
34
66
192
85
78
24
34
150
100
48
206
70
58
147
190
166
184
136
153
112
162
71
87
184
116
201
134
244
141
179
259
223
156
175
148
60
188
135
199
190
119
147
184
120
188
201
170
118
226
204
215
262
112
191
182
178
131
196
178
238
34
49
211
199
255
175
