97
453
432
434
310
310
310
339
437
310
310
434
434
434
332
335
434
435
396
427
433
307
342
433
205
368
307
306
431
161
337
335
431
478
485
397
306
341
338
326
135
305
463
427
354
432
427
214
124
178
304
325
304
418
304
328
140
231
426
485
475
325
205
378
303
303
406
259
375
331
250
426
46
216
257
125
26
321
304
406
165
356
55
358
452
178
325
158
232
188
153
372
436
487
347
361
341
150
180
124
183
67
78
54
262
101
43
27
85
24
37
156
205
48
194
196
259
75
148
157
59
190
201
136
160
154
191
168
193
113
184
72
181
88
145
181
175
250
120
181
235
209
135
246
146
194
190
172
205
205
186
256
263
218
184
204
58
199
195
175
183
190
244
121
219
169
144
170
223
119
135
233
205
119
227
223
202
181
147
192
196
190
200
185
113
227
184
178
157
210
34
169
186
135
188
452
432
434
309
310
309
338
437
309
309
434
434
434
332
334
434
434
396
427
433
307
341
433
204
367
307
305
430
160
336
335
431
478
485
397
306
340
337
326
135
305
463
426
353
431
427
213
123
178
303
325
304
417
303
327
139
231
425
485
474
325
204
377
303
303
406
259
374
331
250
426
46
216
256
124
26
320
304
406
165
356
55
357
451
178
325
158
232
187
153
371
435
487
346
360
341
149
179
124
183
66
78
54
262
100
43
26
84
24
37
156
204
48
194
196
259
74
148
157
59
190
200
136
159
153
191
168
192
112
184
72
181
87
145
181
175
249
119
180
235
208
134
246
146
193
189
171
205
205
186
255
262
217
184
203
58
199
194
175
183
189
243
120
219
169
144
170
222
119
134
233
204
119
227
223
201
180
147
191
195
189
199
184
112
227
184
177
157
209
34
169
185
135
188
