97
401
451
446
266
216
445
403
290
208
415
216
447
216
64
221
214
400
216
70
350
205
36
67
42
263
216
216
97
39
452
85
223
487
141
73
235
430
60
203
341
406
98
220
410
313
264
378
85
475
240
84
329
478
444
210
224
79
224
222
300
217
313
220
262
400
83
292
205
244
66
135
221
184
377
364
464
159
196
78
403
277
200
217
351
264
259
329
175
419
390
476
185
393
339
88
57
383
72
61
72
76
160
87
82
31
59
41
175
99
205
64
76
26
41
226
102
108
76
81
79
109
66
188
216
109
93
109
55
58
73
70
91
96
37
104
25
26
98
91
109
24
42
106
83
91
98
82
40
33
86
239
91
124
69
34
98
29
238
24
46
94
31
104
90
109
25
119
101
87
37
73
97
60
91
55
81
62
78
99
260
97
48
37
46
25
77
79
74
50
101
49
25
87
105
401
451
446
266
216
445
403
290
208
415
215
446
216
64
221
214
400
216
69
350
205
36
67
41
263
216
216
97
39
451
85
223
486
141
72
235
429
59
203
341
405
98
220
410
313
263
378
85
475
240
84
328
478
443
210
224
78
224
222
299
217
313
220
262
400
83
291
205
244
66
134
220
184
376
363
464
159
196
78
403
277
200
217
351
264
259
329
175
419
389
475
185
393
338
87
57
382
72
61
72
76
160
87
81
30
59
40
175
99
205
64
75
26
40
226
102
107
76
80
78
109
65
187
216
109
92
109
55
58
73
70
91
95
36
103
25
25
98
90
108
24
42
106
83
91
98
82
40
33
85
239
90
123
69
34
97
29
237
24
46
93
31
104
90
108
25
119
100
87
37
72
96
59
91
55
81
61
77
98
260
97
48
36
45
25
77
78
74
50
101
48
24
87
105
