94
452
432
434
310
310
434
310
331
335
437
338
426
311
434
339
310
435
434
434
309
396
307
433
166
205
431
369
335
306
478
338
125
431
484
327
305
326
327
399
345
427
432
341
427
214
303
356
204
326
259
304
304
418
426
304
378
216
476
178
226
125
485
462
406
26
321
160
397
427
324
150
325
47
250
119
375
304
139
359
55
406
158
486
253
452
272
372
361
212
305
231
153
258
436
180
124
183
54
64
85
75
207
151
101
166
262
24
24
262
42
194
37
48
85
196
151
67
187
190
154
202
196
166
184
182
194
113
72
165
120
175
262
184
156
235
135
141
246
146
244
205
178
186
224
256
205
186
204
190
184
136
196
192
187
206
60
184
121
119
227
198
174
223
148
188
196
119
170
184
168
176
213
195
194
202
113
49
190
192
263
157
147
158
110
227
178
234
210
452
432
434
310
310
433
310
331
335
437
338
426
311
434
339
310
435
434
434
309
395
306
433
165
205
431
369
335
305
478
337
125
431
484
327
304
326
326
399
345
427
432
341
427
213
302
355
204
325
259
303
303
418
426
304
378
215
475
178
225
125
485
462
405
26
320
159
397
426
324
149
325
46
249
119
375
304
139
358
54
406
158
486
253
452
272
372
361
211
304
230
153
258
435
179
124
183
54
64
85
74
207
150
100
166
262
24
24
261
42
194
37
48
84
196
150
67
186
190
153
201
195
165
183
182
193
112
71
164
119
175
261
184
156
234
135
140
246
146
243
204
177
186
223
255
204
185
204
190
183
136
195
191
187
206
59
184
120
118
226
198
174
223
148
187
195
119
170
183
168
175
213
194
194
202
112
48
190
192
262
157
147
158
110
227
178
233
210
