76
452
432
434
161
338
310
434
310
311
437
339
335
310
435
427
433
397
431
368
307
478
485
338
305
431
214
397
326
427
432
341
354
205
304
417
328
178
304
304
462
475
378
485
150
426
406
372
216
121
324
26
250
205
232
358
41
54
158
372
305
407
254
153
134
162
134
361
232
364
453
42
205
164
436
485
29
181
124
183
192
166
70
85
84
24
101
262
151
43
193
259
70
198
154
201
136
184
72
182
120
113
146
181
175
243
135
141
207
175
205
186
263
199
256
244
180
199
184
60
188
204
121
168
136
188
148
119
170
187
184
196
122
193
113
157
110
199
193
178
215
203
178
186
227
211
192
176
200
182
210
49
196
451
431
434
160
337
309
434
309
310
437
339
335
309
435
427
432
396
430
367
306
478
484
338
304
430
214
396
325
427
431
340
354
205
303
416
327
178
304
304
462
475
378
484
149
426
405
371
215
120
323
25
250
204
231
357
40
54
158
371
305
406
253
153
134
161
134
361
232
364
452
41
204
163
436
484
28
180
123
182
191
165
69
85
84
24
101
261
151
42
192
259
70
198
153
201
135
184
71
181
120
112
146
180
174
242
135
140
207
172
204
186
262
198
255
244
179
198
183
59
188
203
120
168
136
187
147
118
169
186
184
195
121
192
113
156
110
198
193
178
215
205
177
186
226
210
191
175
199
182
210
48
195
