88
452
432
434
310
310
310
437
339
310
310
434
434
335
434
161
332
434
435
338
433
307
427
396
369
433
205
431
307
478
335
431
338
485
341
397
135
305
427
431
307
463
214
326
354
124
427
325
178
304
378
359
417
304
426
232
205
325
485
303
475
303
259
406
250
216
42
426
356
331
375
26
406
304
321
257
55
272
232
372
453
436
165
361
397
153
158
188
228
180
124
183
67
54
78
101
262
43
27
85
24
205
37
191
156
48
194
166
75
148
259
196
202
59
190
154
136
184
193
113
181
72
143
181
250
120
235
138
88
181
146
181
209
194
246
205
190
256
184
198
189
205
204
184
175
195
58
190
199
244
219
121
170
136
122
223
147
144
169
119
202
223
227
233
193
263
227
157
192
210
181
188
171
178
113
184
196
451
431
433
309
309
310
437
338
310
310
434
434
335
434
161
332
434
435
338
433
307
427
395
368
433
205
431
307
478
335
430
338
484
340
396
135
305
426
430
307
463
213
326
353
123
426
325
177
304
378
359
417
303
425
231
205
325
485
302
475
303
258
406
250
215
42
426
355
331
375
25
405
303
320
257
54
271
232
371
452
435
165
361
396
152
157
188
228
179
124
182
66
53
78
100
262
42
27
84
24
204
37
191
155
48
194
165
74
148
259
196
202
59
190
153
135
183
192
112
180
72
142
180
247
119
234
137
87
180
145
180
209
194
245
204
190
255
183
198
188
204
203
183
174
194
57
189
199
244
218
120
170
135
122
222
146
144
168
119
202
222
226
233
192
262
227
156
192
210
181
187
170
178
112
184
196
