77
452
432
310
310
310
434
311
310
335
434
434
435
339
335
338
437
434
396
434
307
434
425
306
307
368
477
431
431
327
397
485
306
338
335
326
305
463
417
427
427
341
432
304
304
345
304
354
213
485
304
26
476
216
426
426
324
325
325
361
406
321
360
406
232
304
47
158
272
304
348
303
54
118
250
42
397
244
180
124
54
34
67
85
24
78
205
183
34
194
262
151
166
101
48
196
70
148
58
262
166
136
202
184
154
113
162
181
72
88
182
193
175
117
181
186
232
246
141
135
244
205
156
259
207
152
61
190
119
199
136
204
220
148
203
188
147
121
227
188
199
227
176
119
112
263
216
166
226
192
183
132
176
171
238
452
431
310
309
310
434
311
310
334
433
434
435
339
335
338
436
434
395
434
306
434
425
305
307
367
476
431
430
326
396
484
306
338
335
326
304
463
416
427
427
341
432
303
303
345
303
353
212
485
303
25
476
215
425
425
323
325
325
361
405
321
360
406
231
304
46
158
272
303
348
303
53
118
250
41
396
243
179
124
53
33
67
84
24
77
204
183
33
194
261
151
166
101
47
195
69
147
57
262
165
135
201
183
154
112
162
181
72
87
182
192
175
117
180
186
231
245
141
135
243
204
156
258
207
152
61
189
119
198
136
203
220
147
202
187
146
121
226
188
198
227
175
119
111
262
216
165
226
191
182
131
176
171
238
