73
370
59
367
369
370
200
175
288
58
106
186
283
371
152
210
299
429
367
407
337
370
226
60
257
247
347
394
357
285
167
284
370
285
165
257
287
259
480
316
415
385
76
75
454
175
213
190
384
133
288
284
326
46
452
455
187
190
355
284
157
160
372
478
104
286
138
77
305
172
257
429
164
356
46
111
120
65
27
47
186
32
121
118
116
47
94
115
120
213
100
168
46
86
75
196
101
185
190
56
142
56
71
53
106
257
95
141
33
214
132
108
56
56
77
93
118
88
198
42
127
96
172
224
155
56
39
193
76
68
44
90
142
48
203
106
96
73
255
113
76
194
128
196
83
82
117
370
59
367
369
370
200
175
288
58
106
186
283
371
152
211
298
429
367
407
337
370
225
60
257
247
347
394
357
286
167
284
369
286
165
257
286
259
480
316
415
385
76
75
455
175
212
190
384
134
287
284
326
46
452
455
187
190
355
284
157
160
372
478
104
285
138
77
305
172
257
429
164
356
46
110
120
65
26
47
185
31
120
117
115
46
93
115
119
212
99
161
45
85
74
195
101
184
189
55
142
56
70
52
106
257
94
141
32
214
131
107
55
56
76
92
118
87
198
42
127
95
172
223
154
56
38
192
75
67
44
89
142
48
203
106
96
73
254
113
75
193
128
196
83
82
117
