92
401
216
451
446
266
290
445
403
415
447
204
42
64
221
61
400
213
205
223
451
67
349
263
38
36
97
84
141
341
430
83
410
444
313
478
475
99
203
329
219
406
85
378
264
487
78
223
73
235
210
102
259
240
292
222
220
364
200
83
400
277
77
71
184
313
243
224
377
300
55
365
158
402
390
329
393
65
217
351
205
477
447
221
194
259
264
175
184
383
57
390
464
72
160
61
72
76
31
87
82
41
99
59
109
61
76
104
41
26
76
58
109
79
108
66
94
81
109
55
70
26
37
40
24
236
42
86
98
88
25
33
109
98
91
82
106
73
69
34
91
96
91
98
91
82
90
98
47
97
101
104
31
78
81
102
37
24
33
124
72
29
115
24
91
62
79
46
101
119
259
97
111
73
262
86
52
37
48
25
50
105
87
90
58
401
216
450
445
266
290
444
403
415
446
204
41
63
220
60
400
212
205
222
450
66
348
262
37
35
97
83
141
341
430
82
410
443
312
478
475
99
202
328
218
406
85
378
264
486
77
222
72
234
210
102
259
239
292
222
219
363
199
83
400
277
77
70
184
312
242
223
377
300
54
365
158
402
390
329
393
65
216
350
205
476
447
220
194
258
263
174
184
383
56
390
464
72
160
61
72
76
30
86
82
41
99
58
109
61
75
104
41
25
75
58
108
79
107
65
94
81
108
55
69
26
37
39
24
235
42
85
97
87
25
33
108
97
91
81
106
72
69
34
91
96
91
97
91
81
90
98
47
97
101
103
31
77
81
101
37
24
33
123
72
29
114
24
91
62
79
45
100
118
255
96
110
73
261
86
51
36
47
25
50
104
87
89
58
