71
394
86
76
258
129
476
89
114
458
325
458
131
424
132
56
431
27
101
136
317
130
336
140
245
114
99
66
174
46
394
300
463
337
97
477
441
67
141
400
255
196
299
99
111
344
73
338
164
131
448
393
131
407
306
86
276
92
379
194
157
448
393
479
131
316
184
298
456
89
477
223
238
55
41
63
117
34
43
61
42
42
259
30
28
61
59
44
260
52
246
32
181
36
51
59
73
253
249
63
242
42
40
32
49
64
24
28
260
27
248
41
65
29
263
50
224
31
182
54
41
261
261
256
258
54
66
261
76
241
75
66
46
53
263
71
62
75
65
73
251
252
82
394
86
76
258
128
476
89
114
458
325
458
131
424
132
55
431
27
101
135
317
128
336
140
245
114
99
66
174
47
394
300
463
337
97
477
441
67
141
400
255
196
299
99
111
343
73
338
164
131
448
392
130
407
306
86
276
92
378
194
157
448
393
479
131
316
184
298
456
85
477
223
238
54
40
63
117
34
42
61
41
41
259
29
27
61
58
43
259
51
245
32
174
36
50
59
72
253
249
63
238
42
39
31
49
64
24
28
259
27
247
41
64
29
262
49
224
31
182
53
40
261
260
255
257
53
66
261
75
241
74
66
45
53
262
71
62
74
64
72
242
251
81
