99
401
451
216
446
445
403
203
415
216
266
216
293
451
221
42
216
216
213
69
64
216
401
447
263
97
223
349
67
410
204
446
313
85
37
141
84
219
73
430
98
234
36
240
378
405
59
77
444
85
258
203
341
224
313
221
486
264
222
475
364
399
329
216
223
478
329
221
206
66
243
293
158
82
210
391
184
293
403
201
56
351
476
365
217
258
264
277
464
392
193
418
57
377
203
390
138
135
233
382
72
60
160
72
87
82
59
42
178
76
205
28
107
76
109
191
226
26
103
64
215
41
97
66
109
58
107
79
24
76
248
39
55
85
70
40
109
91
34
91
96
97
82
82
101
104
69
236
91
91
25
26
124
24
48
73
106
98
98
97
31
33
238
34
86
46
86
112
119
33
38
91
104
91
80
37
90
62
101
115
97
73
24
256
37
48
79
60
101
52
77
87
72
48
90
82
101
39
105
401
451
216
446
445
403
202
414
216
266
216
293
451
221
42
216
216
213
69
63
216
401
447
263
96
222
349
66
410
204
446
313
84
36
140
83
219
72
430
97
234
35
239
377
404
59
76
443
84
257
202
340
224
312
220
486
263
222
474
364
399
328
215
223
477
329
221
206
66
243
293
157
82
210
390
184
293
403
200
56
351
476
364
216
258
263
277
464
391
193
417
57
377
202
389
137
134
233
381
71
60
160
71
86
82
58
41
178
76
205
28
106
75
108
191
225
26
103
64
215
41
97
65
109
58
106
79
24
75
253
39
55
85
70
40
109
90
33
90
95
97
81
82
100
104
69
235
90
90
25
25
123
24
47
73
106
98
98
96
31
32
237
34
86
46
85
112
119
32
37
90
104
91
80
37
90
61
101
115
97
72
24
255
37
47
79
59
101
51
77
87
71
48
90
82
100
38
104
