92
452
432
161
310
310
310
434
311
310
434
434
339
335
338
437
434
435
335
396
434
307
434
427
306
205
307
367
478
431
431
327
336
397
485
306
338
326
305
427
417
341
304
463
432
304
326
345
304
259
354
328
476
210
205
485
216
426
26
150
324
184
361
406
232
360
326
386
321
406
250
46
232
325
304
178
161
378
158
164
304
348
56
303
250
253
134
397
244
487
153
436
372
180
124
192
54
34
67
85
24
78
183
34
262
151
166
101
48
194
205
196
70
148
58
259
166
190
136
202
184
154
113
162
193
181
72
88
182
175
117
246
186
141
244
181
135
205
195
156
256
224
207
263
199
149
175
61
136
204
119
188
148
191
147
121
184
188
185
189
227
199
170
119
227
205
176
201
204
178
112
182
216
166
195
226
132
190
178
171
238
34
178
210
157
452
431
160
310
309
310
434
311
310
434
434
339
335
338
436
434
435
334
395
434
306
434
427
305
204
307
366
477
431
430
326
336
397
484
306
337
326
304
427
416
341
303
462
432
303
326
345
303
258
353
327
476
210
204
485
215
426
25
150
323
184
360
405
232
360
326
385
320
406
249
46
232
324
304
177
161
378
158
163
303
348
55
303
249
253
134
397
244
487
152
435
371
180
124
191
53
33
67
84
24
77
182
33
261
150
166
101
47
193
204
195
69
147
57
259
165
189
135
202
184
153
112
161
192
181
72
87
182
175
117
245
186
141
243
181
135
204
194
156
256
223
207
262
198
149
174
61
136
204
119
187
147
190
146
121
183
188
184
189
226
198
169
119
226
204
175
200
203
177
111
181
215
166
194
226
132
189
178
171
237
33
178
209
156
