100
393
129
476
109
129
71
129
132
132
258
86
424
130
454
326
129
85
394
62
459
337
140
34
27
55
245
300
401
99
130
105
316
463
255
46
432
72
305
398
48
130
135
174
41
394
130
101
441
37
339
49
345
97
306
337
60
142
131
193
443
28
115
196
130
69
94
131
412
130
276
393
300
321
136
74
312
487
157
72
379
407
444
359
164
465
86
313
316
356
341
189
115
456
132
340
93
385
132
487
404
238
118
33
61
157
44
136
28
61
63
55
28
175
42
40
147
40
42
64
261
35
51
245
259
49
59
40
248
256
187
73
31
32
41
248
44
55
24
227
238
205
248
63
263
53
48
51
28
235
185
224
226
63
55
50
263
29
236
75
41
24
47
65
259
253
244
226
34
215
261
261
68
53
82
31
263
70
66
65
241
258
263
43
54
44
66
252
63
26
209
37
71
76
38
197
76
29
71
58
47
392
129
476
109
128
71
129
132
132
258
86
424
130
454
326
128
85
394
62
459
337
140
33
26
55
245
300
401
99
130
105
315
463
255
45
432
72
304
398
48
130
135
174
40
394
130
101
441
36
338
49
345
97
306
337
60
142
131
193
443
28
115
196
130
69
94
131
412
130
276
392
300
321
136
74
312
487
157
72
379
407
444
359
164
465
86
312
316
356
340
189
115
456
132
339
93
385
132
487
404
237
118
33
61
156
44
136
28
61
63
55
28
175
42
40
146
40
42
64
260
35
51
245
259
49
59
40
247
256
187
73
31
32
41
248
44
55
24
226
238
205
248
63
263
53
48
51
28
235
185
224
226
63
55
50
263
29
236
75
41
24
47
65
259
253
244
226
34
215
261
261
68
53
82
31
263
70
66
65
240
258
262
43
54
44
66
251
63
26
209
37
71
76
38
197
76
29
71
58
47
