55
450
208
456
450
221
406
269
74
355
420
451
270
265
41
218
210
298
227
228
469
410
409
91
48
435
231
415
352
404
245
229
137
208
482
248
87
246
227
369
298
334
190
297
269
203
383
244
332
371
42
283
383
481
260
423
76
60
61
86
162
74
67
104
108
42
101
78
96
97
26
79
31
77
58
61
98
84
58
112
40
36
24
24
42
85
125
102
25
89
28
104
107
87
100
41
46
40
98
57
98
41
95
120
76
86
82
75
76
85
79
449
206
454
449
219
404
268
73
353
418
449
269
264
40
216
209
297
225
226
467
408
407
90
46
433
230
414
350
403
244
227
136
206
480
247
85
245
225
367
297
332
188
294
268
202
381
243
330
370
41
282
382
480
259
421
75
59
61
85
161
73
66
103
107
41
100
77
93
97
25
78
30
77
57
60
98
83
60
111
39
35
24
24
41
84
124
101
25
89
25
103
106
87
100
40
39
39
97
56
97
40
95
119
75
86
81
74
75
85
78
