81
453
432
434
338
310
310
434
339
311
437
335
434
427
434
331
434
435
433
307
433
396
335
368
431
306
307
478
431
485
151
305
397
338
345
432
427
427
341
214
138
327
431
418
187
304
303
259
426
475
304
485
304
406
378
216
324
26
375
426
463
321
272
250
406
361
304
41
54
158
372
305
253
452
184
361
257
364
42
436
485
194
180
123
183
166
70
81
85
262
24
101
151
24
259
48
207
37
193
75
148
64
198
196
201
154
166
136
184
113
72
182
120
181
181
156
133
235
246
140
146
205
262
144
186
184
205
244
224
204
199
259
60
190
121
184
136
148
119
168
217
181
227
263
170
202
190
223
122
192
113
157
110
190
192
200
147
234
211
176
210
49
203
453
432
433
337
309
309
434
339
311
437
334
434
426
434
331
434
434
433
306
433
396
335
367
431
305
306
478
430
485
150
305
396
338
345
432
427
427
340
214
129
326
431
418
186
304
302
258
425
475
303
485
303
405
377
216
324
25
374
426
463
321
271
250
406
360
304
40
53
158
371
305
252
451
171
361
257
364
41
436
485
178
180
122
182
166
69
81
84
262
24
100
151
24
259
48
207
37
192
74
148
64
197
195
201
153
166
135
184
112
72
181
119
180
181
156
132
235
245
139
146
201
262
143
185
186
205
243
227
203
198
258
59
189
121
184
136
148
118
168
216
180
226
262
169
202
189
222
122
191
113
156
109
190
192
200
146
234
210
176
209
49
200
