95
393
476
76
129
89
258
85
129
458
325
131
458
114
129
424
132
56
431
69
27
136
336
319
34
140
98
101
245
97
114
46
66
129
66
300
55
394
446
476
466
174
399
441
447
255
338
306
337
67
129
399
141
401
38
298
196
111
394
48
99
276
130
164
344
27
341
73
92
313
131
157
194
130
303
448
131
379
184
348
477
131
298
298
316
151
392
46
381
437
357
94
256
487
375
296
238
34
41
117
43
63
58
136
259
42
30
41
61
148
28
61
59
44
52
260
246
35
32
245
51
253
52
59
64
73
242
249
184
62
40
49
42
247
24
31
63
228
28
261
40
185
55
49
260
196
215
27
248
232
28
65
50
53
224
263
261
259
54
224
24
209
31
76
255
41
66
75
218
135
46
229
240
75
235
252
71
65
153
62
56
258
252
250
259
42
241
51
53
205
165
392
475
76
129
89
257
84
129
457
325
131
457
114
129
424
132
56
430
69
26
135
336
318
33
140
98
101
244
97
114
46
66
129
66
300
54
393
445
475
465
173
398
441
446
254
337
306
336
67
129
398
140
400
38
298
195
111
394
48
98
275
130
163
343
27
340
72
92
313
131
156
193
129
303
448
130
379
183
348
477
131
297
297
315
150
392
46
381
436
356
94
255
486
375
296
237
34
41
116
42
63
58
135
259
41
29
40
60
148
27
61
59
44
52
260
246
35
32
244
51
252
51
58
63
72
241
248
184
62
40
48
41
246
24
31
62
227
28
261
39
185
54
48
259
195
215
27
248
232
27
64
49
52
224
262
260
259
54
223
24
208
31
76
255
40
65
74
217
135
45
229
239
75
235
252
70
65
153
62
56
257
252
249
259
42
240
50
53
204
164
