38
115
110
115
119
115
111
317
350
289
214
336
127
429
341
142
278
369
356
336
219
245
126
233
297
413
306
234
166
381
361
348
209
233
371
264
104
414
335
86
195
109
139
150
128
262
74
70
123
100
106
140
243
87
76
149
62
110
133
89
86
101
149
177
126
139
73
34
125
145
177
89
177
177
86
121
137
91
86
91
95
91
90
311
326
265
190
312
101
404
337
118
253
345
332
312
196
221
102
209
274
416
310
210
172
359
337
323
227
209
348
240
80
416
333
86
195
109
139
149
134
261
73
69
123
99
106
137
239
86
76
150
62
110
133
89
86
100
149
176
125
138
73
31
125
144
176
89
177
177
85
108
138
