80
129
75
85
475
129
131
114
458
257
325
424
89
132
97
65
394
58
431
336
68
33
27
462
114
46
55
139
135
41
129
316
459
441
129
141
297
337
394
255
100
173
66
46
245
300
262
110
38
27
131
130
69
338
277
448
130
189
306
86
157
165
73
316
298
357
45
193
224
183
151
94
322
255
371
188
131
455
59
356
477
117
41
55
33
172
28
62
43
63
42
28
43
61
67
251
42
62
44
35
53
245
259
33
73
242
52
51
246
263
184
32
261
28
199
27
28
49
53
40
52
63
262
221
59
40
147
52
232
24
41
236
64
185
261
46
211
61
55
66
66
53
31
62
65
43
252
75
82
76
56
241
52
51
225
37
71
73
42
25
252
129
75
84
475
129
131
114
458
256
325
424
89
132
97
64
393
57
431
336
68
33
27
461
114
46
55
139
135
41
129
316
459
440
129
141
296
337
393
254
100
172
65
45
245
300
267
110
37
27
131
130
68
339
277
447
130
188
306
85
156
164
72
316
298
357
45
192
224
183
151
93
322
254
370
188
131
455
59
356
477
116
40
54
33
171
27
61
43
63
41
28
42
60
66
251
41
61
44
34
52
244
259
33
72
242
51
51
246
262
184
32
261
27
198
27
27
48
53
39
51
63
261
221
59
39
147
52
231
24
40
236
63
184
260
45
210
61
55
65
66
52
31
62
64
43
252
75
81
76
55
240
52
50
225
37
71
72
41
25
252
