100
393
129
476
109
129
71
129
132
132
258
86
424
130
454
326
129
85
394
62
337
459
140
34
27
55
245
300
99
130
105
401
316
46
463
255
37
432
72
398
305
130
136
174
394
48
41
130
101
441
339
50
345
40
97
306
337
60
142
131
131
193
28
443
115
196
69
131
94
276
412
312
393
300
321
136
74
157
72
487
359
407
382
164
465
86
316
313
356
341
189
115
380
444
455
132
340
93
385
132
478
238
118
33
61
157
44
136
28
61
63
55
28
175
42
40
147
40
42
64
35
261
51
248
260
49
59
40
256
187
73
248
31
248
32
41
238
44
55
227
24
205
246
63
53
238
263
48
51
28
185
224
226
226
63
55
50
263
29
236
256
75
24
41
47
65
253
223
244
261
34
263
261
68
53
82
31
66
65
70
43
258
250
54
44
66
63
252
26
209
37
71
240
263
73
38
197
76
29
71
254
393
129
475
109
129
71
129
132
132
258
86
424
130
454
326
129
85
394
62
337
458
140
33
27
55
245
300
99
130
105
401
315
45
462
255
37
432
72
398
304
130
135
174
394
48
41
130
101
441
339
50
345
40
97
306
337
59
142
131
130
193
28
443
115
196
69
130
94
276
412
311
393
300
321
136
74
157
72
487
359
407
382
164
465
86
316
312
356
340
189
115
380
443
455
132
340
93
385
132
478
238
118
33
61
157
44
136
28
61
63
55
28
175
42
40
147
40
42
64
35
261
51
247
259
49
59
40
256
187
73
248
31
247
32
41
237
44
55
227
24
205
245
63
53
237
262
48
51
28
185
223
226
225
63
55
50
263
29
235
255
75
24
41
47
65
253
222
244
261
34
262
261
68
53
82
31
66
65
70
43
258
250
54
44
66
63
252
26
208
37
71
240
262
73
38
196
76
29
71
254
