70
148
223
93
349
151
345
482
325
274
212
137
304
150
296
308
242
344
145
255
135
147
53
240
368
286
124
203
155
385
342
476
289
275
349
308
193
447
173
480
119
219
174
397
332
243
470
160
383
99
481
481
470
294
372
112
353
392
257
340
111
116
95
199
166
258
192
178
469
142
306
166
40
41
70
125
106
100
74
43
40
53
89
86
48
53
114
95
40
117
96
55
79
43
88
54
93
30
69
93
32
77
26
53
121
32
51
89
48
88
103
28
76
84
97
32
67
81
68
66
110
24
91
94
98
69
29
103
106
82
86
51
51
104
97
82
25
36
111
112
105
150
224
94
351
152
346
483
326
275
214
138
306
151
297
309
243
345
147
256
136
148
55
241
369
287
125
204
156
386
343
477
290
276
350
308
194
448
174
481
120
220
175
397
334
244
471
161
384
100
482
482
471
296
373
114
355
393
259
341
111
117
96
200
167
259
193
179
470
142
307
166
40
40
70
124
106
99
74
42
40
52
89
86
48
53
113
95
43
116
96
54
78
42
87
53
92
29
69
93
31
77
26
53
120
29
51
88
48
88
103
27
75
84
96
32
67
81
68
66
109
24
90
93
98
68
29
103
105
81
85
50
50
104
96
81
25
36
111
112
105
