82
370
59
370
367
176
369
200
106
220
288
370
59
429
283
481
61
167
337
347
357
370
288
308
153
186
407
368
298
367
326
369
395
75
190
210
325
285
285
257
175
478
256
257
284
160
247
414
386
191
284
313
295
454
164
299
46
285
387
372
213
77
262
287
370
356
138
430
232
297
157
298
285
452
282
487
210
257
187
454
133
323
164
46
111
27
120
186
65
47
118
199
35
93
121
100
47
106
101
53
85
56
57
75
176
122
114
115
46
198
216
156
86
255
142
118
44
121
56
68
152
33
198
117
131
185
106
203
190
56
76
128
95
56
205
88
141
194
39
198
97
106
42
90
175
261
243
98
114
46
199
119
48
180
186
193
211
206
197
50
68
76
172
126
82
370
59
370
367
176
368
200
106
220
288
369
59
429
283
480
61
167
337
347
357
369
288
307
153
185
407
369
298
367
326
369
395
75
190
210
325
286
285
257
175
477
256
257
285
160
247
414
386
190
285
313
295
454
164
298
46
285
387
372
213
77
262
287
370
356
138
430
231
296
157
298
285
452
282
486
210
256
187
454
132
323
163
46
111
27
120
186
65
47
117
199
35
92
120
99
47
106
100
53
84
56
56
75
176
122
113
114
45
180
216
155
85
254
141
118
43
121
56
65
152
32
198
117
131
184
106
203
190
55
76
128
95
55
205
87
141
194
38
197
96
105
42
89
175
261
240
97
113
46
199
118
47
179
185
193
210
206
196
50
67
75
172
125
81
