98
216
446
451
401
445
207
403
216
266
221
216
415
216
293
216
451
401
213
64
216
447
70
42
263
67
60
205
222
314
447
39
410
349
73
430
36
84
97
98
141
219
240
235
445
85
258
77
341
406
84
203
475
378
486
224
222
217
223
364
330
221
329
478
398
244
293
264
210
82
206
221
351
158
402
201
293
184
65
259
242
476
55
444
464
391
217
392
277
133
138
193
264
418
390
203
57
377
89
160
72
60
72
87
56
82
178
76
76
202
42
190
28
226
107
41
26
64
212
97
102
109
66
79
104
76
58
39
260
93
24
107
91
34
81
55
106
91
70
109
82
96
245
91
91
69
26
98
40
25
97
82
73
124
98
238
34
97
33
48
46
86
31
25
38
106
91
104
112
86
97
91
62
101
88
37
119
37
36
73
115
233
58
79
259
101
79
101
82
52
48
77
90
46
87
72
25
216
446
451
401
445
206
403
215
265
221
216
415
216
293
216
451
401
213
63
216
447
70
41
262
67
59
204
222
313
446
39
410
348
73
429
35
84
97
98
140
218
240
234
445
85
257
76
341
406
84
203
475
378
486
224
221
217
223
363
329
221
329
478
398
243
293
263
209
82
206
221
350
157
402
201
293
184
64
258
241
476
54
444
464
391
217
392
277
132
137
192
263
417
390
203
56
376
88
160
71
60
72
87
55
81
177
76
75
202
42
190
27
226
107
40
26
64
212
97
102
108
65
78
103
75
57
39
259
92
24
106
90
33
81
55
106
90
69
109
82
95
245
91
90
69
26
97
39
24
97
81
73
124
98
238
34
97
33
48
45
85
31
24
37
105
91
103
112
85
96
91
61
100
88
37
119
36
36
72
114
233
58
78
259
101
79
100
81
51
48
76
89
46
87
71
24
