69
452
432
434
161
310
310
310
310
434
331
437
311
435
434
434
434
433
434
427
205
478
307
431
431
485
307
327
305
150
427
427
432
303
214
418
341
476
485
426
462
205
184
356
121
216
406
42
26
158
250
453
321
178
134
54
232
232
331
272
162
164
153
436
42
250
245
487
212
487
180
124
183
192
54
81
34
67
85
153
101
24
193
24
34
48
75
64
259
190
184
145
113
154
72
133
165
117
189
243
232
135
259
146
186
142
196
60
204
180
175
191
147
188
136
121
122
119
113
170
190
146
201
215
192
227
184
143
263
203
182
178
208
176
132
195
34
158
49
451
431
433
161
310
310
309
310
434
331
437
311
434
434
434
434
433
434
427
204
477
307
430
431
485
307
327
305
150
427
427
431
302
214
417
341
475
485
426
461
204
183
356
120
216
406
41
25
157
250
452
321
177
133
54
232
232
331
272
162
164
153
436
41
249
245
486
212
487
179
124
182
191
53
81
33
67
84
152
100
24
192
24
34
48
74
63
258
190
184
144
113
153
72
132
164
116
188
243
231
135
258
145
186
142
196
60
203
179
175
190
147
188
136
121
122
118
112
170
190
146
201
214
191
226
184
143
262
203
182
178
207
176
131
195
34
158
49
