71
452
432
434
161
310
310
310
310
434
435
437
434
434
434
307
433
427
434
205
478
431
431
328
485
307
305
397
324
303
427
432
427
150
214
417
476
485
426
462
184
205
371
121
341
356
216
406
26
42
426
158
250
453
134
178
54
162
232
164
436
153
372
42
250
134
152
29
487
212
376
397
180
124
183
192
54
81
34
70
85
193
101
24
34
48
157
75
259
64
190
184
154
113
162
72
133
117
181
148
230
243
135
232
189
146
189
196
60
204
180
191
175
168
188
141
147
136
121
119
122
220
113
170
190
215
201
192
203
184
182
208
178
157
176
132
178
207
196
49
158
184
171
451
432
434
161
309
309
309
309
433
434
436
434
434
434
307
432
426
433
204
478
430
431
328
485
306
305
396
324
302
426
431
426
149
214
417
476
485
425
462
184
205
371
120
340
356
216
406
26
42
426
158
250
452
133
177
54
162
231
164
435
153
371
42
249
133
152
28
487
212
375
397
180
123
183
192
54
80
34
69
85
192
101
24
34
48
156
75
258
64
190
184
153
112
159
72
132
116
180
148
242
243
134
232
188
146
188
195
60
204
179
190
174
168
188
140
146
136
121
119
121
220
113
170
190
215
201
191
202
183
181
208
178
157
175
131
177
206
195
49
157
183
170
