99
452
432
161
434
338
310
310
434
335
310
311
331
310
426
434
339
437
434
435
434
396
433
307
205
335
369
431
53
307
307
478
431
327
485
338
305
326
427
399
432
345
341
214
427
303
327
305
356
431
326
204
304
418
304
426
304
378
476
485
216
184
406
226
462
150
134
426
26
397
324
304
161
321
250
163
325
375
359
47
372
123
406
158
272
232
31
361
253
153
122
212
436
452
258
348
137
485
487
134
180
123
192
183
166
67
54
85
151
81
24
207
43
262
24
262
101
48
194
37
196
67
148
190
196
202
154
189
160
136
184
113
162
72
182
117
175
235
184
133
156
141
146
246
244
262
171
205
144
186
178
259
186
205
204
190
184
196
60
136
191
121
187
184
188
215
223
119
174
148
220
204
227
170
182
196
168
195
119
157
214
202
113
263
228
195
147
190
178
187
158
210
192
234
169
195
49
34
178
451
431
161
433
338
310
310
434
335
310
311
330
310
425
434
338
437
434
434
434
396
433
307
205
334
369
430
52
307
307
478
431
326
484
337
305
325
426
399
431
344
341
214
427
302
326
304
356
430
325
203
303
417
303
426
304
377
475
485
216
184
405
226
461
149
134
425
25
397
324
303
161
320
249
162
324
374
358
46
371
125
406
158
272
232
31
361
252
153
122
212
436
451
258
347
137
485
487
133
179
122
192
182
166
67
54
85
151
81
24
206
43
262
24
261
101
48
193
37
196
67
148
190
196
202
153
188
160
136
183
113
162
71
182
117
175
235
184
132
155
141
146
246
243
262
170
205
143
186
178
258
186
204
204
189
184
196
60
136
190
121
187
183
187
214
223
118
174
148
219
203
226
169
182
196
167
195
119
157
210
202
113
262
227
195
147
189
178
187
158
210
191
234
169
194
49
34
178
