99
216
446
451
401
445
266
216
203
216
447
403
290
415
221
216
216
213
216
401
64
451
61
447
67
205
223
39
444
34
349
263
341
430
73
85
97
314
259
85
235
98
77
405
222
486
475
224
219
410
378
203
141
330
73
36
240
84
47
216
243
206
446
223
221
83
400
58
478
184
289
391
351
364
265
329
259
158
203
133
221
217
366
210
402
264
300
293
201
392
464
216
77
138
57
475
88
233
377
277
160
72
60
72
87
76
178
59
202
99
82
31
42
76
190
226
26
212
41
64
109
104
260
79
76
58
93
239
104
107
66
26
34
91
91
106
39
91
55
96
91
69
98
98
73
98
124
109
24
82
25
70
33
109
81
82
40
107
238
33
112
250
34
48
104
31
114
86
37
97
79
97
97
106
46
37
91
48
101
86
260
24
91
62
48
29
87
101
101
58
250
80
82
87
74
25
39
72
79
216
446
451
400
445
266
216
203
216
447
403
290
415
221
216
216
213
216
401
64
451
61
446
67
205
223
39
444
34
349
263
341
430
73
85
97
314
259
85
235
98
77
404
222
486
475
224
219
410
377
203
141
329
73
36
240
84
47
216
243
206
446
223
221
83
400
58
478
184
289
390
351
364
265
329
259
158
203
133
221
217
366
210
402
264
300
293
201
392
464
216
77
138
57
475
88
233
377
277
160
71
60
72
86
76
178
59
202
99
82
30
42
76
190
226
26
212
41
64
108
104
259
79
76
58
93
239
104
107
66
26
34
91
91
106
39
91
55
96
91
69
97
98
72
98
124
109
24
82
25
70
33
109
81
82
40
107
238
33
112
249
34
48
104
31
114
85
37
97
79
97
96
106
46
37
91
48
101
86
260
24
91
62
48
29
87
101
101
58
250
80
82
87
73
25
39
72
79
