98
217
446
451
401
445
266
216
207
216
447
403
216
221
415
216
213
216
401
288
447
64
451
70
67
60
223
39
34
205
263
444
349
430
341
73
85
235
97
314
258
77
84
98
405
298
224
219
222
410
141
378
486
203
84
475
240
216
36
313
47
243
400
223
82
58
331
206
221
478
351
364
391
329
265
184
259
292
158
222
196
217
210
402
366
392
464
264
201
89
344
216
138
57
77
475
233
377
277
160
72
60
72
87
76
178
56
202
99
82
226
76
42
190
26
212
41
31
260
64
109
102
79
104
58
93
104
76
66
239
107
34
26
91
91
96
106
39
91
69
55
91
98
28
124
109
98
24
70
82
73
25
40
97
82
238
81
24
107
33
31
34
104
114
32
112
48
86
97
97
79
46
106
37
37
89
91
86
55
260
91
62
24
101
58
48
101
25
222
250
82
87
80
74
39
72
79
217
445
451
400
444
265
216
207
216
446
403
216
221
415
216
213
216
400
287
447
64
451
69
67
59
222
38
33
205
262
444
348
430
340
72
85
234
97
313
258
76
83
98
405
298
224
218
222
409
141
377
485
203
83
474
239
216
35
312
47
242
400
223
81
57
331
206
221
477
350
363
390
329
265
184
259
292
158
222
196
217
210
401
366
391
464
264
200
89
345
216
138
57
77
474
232
377
277
160
72
60
72
87
75
178
55
202
99
81
226
76
41
190
26
212
40
30
260
64
109
102
79
104
57
92
103
75
66
239
106
33
26
90
90
95
105
38
90
69
55
90
97
27
124
109
98
24
69
82
72
24
39
97
82
238
81
24
106
33
30
33
104
113
32
112
48
86
96
97
78
45
106
37
37
89
90
86
54
260
90
62
24
100
58
47
101
25
221
250
82
87
80
73
38
71
79
