56
448
404
219
417
291
448
219
210
225
453
67
266
224
69
269
450
143
403
352
301
433
64
76
88
413
38
40
243
466
226
87
380
226
454
247
219
405
244
268
344
478
332
245
353
259
281
296
74
367
91
295
382
380
418
370
298
71
72
160
42
31
87
181
56
58
61
64
66
77
79
76
100
70
41
107
29
37
104
91
55
24
107
86
85
58
36
40
82
125
110
25
259
62
104
109
27
75
46
36
97
83
81
41
101
107
25
97
41
72
79
76
87
447
403
218
416
290
447
217
209
223
452
66
265
222
68
268
449
142
401
351
300
432
63
75
87
412
37
39
242
465
225
86
379
225
453
246
218
404
243
267
343
477
331
244
352
258
280
295
73
366
90
294
380
379
416
369
297
71
71
159
41
30
86
168
55
57
60
64
65
77
78
76
99
69
40
106
29
36
104
90
55
24
106
85
85
57
35
39
81
124
109
24
258
61
103
109
26
74
45
35
96
83
80
41
101
106
24
96
40
71
78
75
86
