82
393
129
75
85
475
131
129
458
114
257
325
424
89
132
97
66
394
57
431
69
336
400
33
27
463
135
55
139
441
114
315
46
458
41
129
396
297
100
129
141
67
67
394
255
245
337
173
276
300
39
99
129
27
130
130
110
189
448
49
130
306
86
157
75
357
316
192
45
455
298
165
151
224
255
188
131
59
356
91
395
477
384
238
117
41
55
33
28
172
42
62
63
42
28
43
61
67
251
42
62
44
52
35
248
245
259
32
246
52
51
28
73
34
242
261
263
199
228
28
53
184
27
62
261
53
40
59
49
63
261
40
229
263
46
24
236
256
52
61
46
224
211
55
66
66
31
43
62
75
252
73
65
53
56
82
51
37
71
42
25
241
29
252
29
393
129
74
85
475
130
129
458
113
256
325
424
89
132
96
66
393
57
430
68
336
400
33
26
463
134
54
139
441
113
315
46
457
41
129
396
297
100
129
141
66
67
393
255
244
337
173
275
300
39
99
128
27
130
129
109
189
448
49
129
306
86
157
74
357
315
192
45
455
298
165
151
223
254
188
131
58
356
91
394
476
383
237
116
40
55
32
27
171
41
61
62
41
28
42
60
66
250
42
62
44
52
34
247
245
259
31
246
52
50
28
73
33
242
260
262
198
228
27
53
184
27
62
260
52
39
59
48
62
261
40
229
262
46
24
235
256
52
61
45
224
204
55
66
65
30
42
62
74
251
72
65
53
56
82
50
36
70
42
24
240
28
251
29
