90
129
393
476
132
258
85
114
129
454
129
129
132
129
425
76
325
129
89
56
27
337
132
394
245
70
136
34
319
48
459
66
432
299
59
100
463
130
394
174
380
256
98
114
101
398
66
403
299
42
441
130
478
40
130
130
93
131
338
446
46
306
407
164
443
94
193
190
131
276
50
313
466
111
104
317
393
90
66
412
298
338
73
157
189
455
400
357
385
407
324
117
238
33
28
63
58
61
151
43
130
172
61
140
28
41
42
161
41
59
260
35
43
42
59
52
246
245
32
239
259
62
44
40
45
256
33
184
53
63
240
41
65
71
52
228
262
247
29
263
28
208
256
229
196
226
76
256
49
235
250
55
258
54
41
244
75
61
236
261
224
258
44
50
75
62
261
254
251
31
65
182
31
68
36
74
215
37
32
43
52
128
393
475
132
257
85
114
129
453
129
128
131
129
425
76
325
128
89
55
27
337
131
394
245
70
136
34
318
48
459
66
431
298
59
99
463
129
393
174
379
255
98
114
101
398
65
403
298
42
441
129
478
40
129
129
93
131
338
445
46
306
406
164
442
93
192
189
131
275
49
312
465
111
104
317
393
89
65
412
298
338
73
157
188
455
400
357
385
407
324
117
238
32
28
63
57
61
151
43
130
172
61
139
27
41
41
160
41
58
259
35
42
42
59
52
246
245
32
238
259
61
43
40
45
255
33
184
52
62
240
40
64
71
51
227
261
247
28
262
28
208
255
228
195
225
75
255
49
234
249
55
258
54
41
243
75
61
235
261
223
258
44
49
74
62
260
253
250
30
65
182
31
68
36
73
214
37
31
42
51
