81
370
368
59
367
370
106
369
481
176
289
357
257
285
59
200
367
213
75
371
370
288
434
268
186
347
371
325
163
61
368
236
323
395
337
412
369
285
284
335
386
153
313
286
191
247
478
454
258
285
273
167
190
104
388
227
352
455
455
78
257
40
173
373
406
286
284
478
285
257
29
356
78
242
244
132
186
173
452
212
344
270
47
141
111
129
27
118
65
106
184
29
56
188
167
121
47
119
118
118
37
93
41
98
182
116
56
75
56
141
101
182
214
86
142
84
54
257
71
149
254
77
114
55
255
128
193
96
88
41
82
172
53
47
73
102
197
95
75
98
90
30
37
194
106
44
198
107
117
95
51
54
120
76
177
128
172
68
147
193
47
128
192
369
367
58
366
369
105
368
481
175
288
356
256
284
58
199
366
212
75
370
369
287
434
267
185
346
370
325
162
61
367
235
322
394
337
412
368
284
283
334
385
152
313
285
191
246
478
453
257
284
272
166
189
104
388
227
351
454
454
77
256
40
172
372
405
285
283
478
284
256
29
355
77
241
243
132
185
172
451
212
343
269
47
140
110
128
26
117
64
105
183
28
55
187
167
121
47
118
118
117
37
92
40
97
181
115
55
74
55
141
100
182
213
86
141
84
54
256
71
148
253
76
114
54
255
127
192
95
87
41
82
171
53
46
72
102
196
95
75
98
90
30
37
193
106
44
197
106
116
95
51
53
119
75
176
127
171
67
147
192
46
127
191
