88
129
393
476
258
132
85
114
454
129
132
129
325
425
76
89
478
27
56
337
132
394
245
70
136
34
319
48
432
66
299
59
100
463
459
130
394
174
380
448
256
398
97
114
101
340
66
408
299
441
40
130
130
403
131
93
104
338
46
306
164
443
94
193
131
487
189
341
50
276
466
111
317
90
27
412
393
66
487
299
455
73
157
189
407
357
407
385
324
117
238
33
63
28
58
61
43
130
61
140
42
28
41
41
253
260
59
35
43
42
59
52
246
245
32
239
44
62
40
45
256
33
259
184
53
63
242
234
41
228
64
71
52
185
262
117
29
28
229
208
196
247
256
76
74
49
250
55
54
41
244
75
236
70
61
209
224
261
44
50
62
254
24
31
261
251
53
65
73
31
68
36
258
37
43
32
52
129
392
475
258
131
85
113
453
128
132
128
324
425
76
89
478
27
55
336
132
393
244
69
135
33
319
47
432
65
299
59
99
462
459
130
394
174
380
448
256
397
96
113
100
340
65
411
299
441
40
130
130
402
131
92
103
337
46
306
163
443
94
193
131
486
188
340
50
275
466
110
316
89
26
412
393
66
486
299
454
73
156
189
407
356
407
384
323
116
237
33
63
27
58
61
42
129
60
140
42
28
41
41
252
259
58
34
43
41
58
51
246
245
32
238
43
62
39
44
256
33
259
184
53
63
241
234
41
228
63
70
52
185
261
117
28
27
228
208
195
246
255
76
74
49
249
54
54
41
244
74
236
70
60
208
223
260
43
50
61
253
24
30
260
250
53
65
73
31
67
36
258
36
43
32
51
