97
401
451
446
266
216
445
403
208
290
415
216
447
64
221
216
214
400
216
70
205
350
36
67
263
42
216
216
452
39
97
85
223
487
141
73
60
407
235
430
203
341
220
98
406
313
264
378
85
444
475
240
84
224
329
478
210
79
224
217
222
313
220
262
300
83
292
205
244
397
135
221
364
184
464
366
159
377
196
78
403
277
200
217
264
351
259
329
175
419
390
476
393
185
339
256
88
216
72
61
72
76
160
87
82
59
31
41
178
99
64
76
205
26
41
226
102
76
108
81
79
66
109
216
193
109
93
109
55
58
73
70
91
104
27
96
37
25
26
109
91
98
42
106
83
91
239
98
82
40
124
33
86
91
69
34
238
98
24
46
94
29
104
90
109
25
31
101
87
97
37
60
24
91
73
55
81
62
78
99
260
48
97
37
46
25
77
79
74
101
50
49
83
25
250
401
451
446
265
216
445
402
208
290
415
215
447
64
221
216
214
399
216
70
205
350
35
66
263
42
215
216
452
39
96
85
223
487
141
72
60
406
234
429
203
341
219
97
405
313
263
377
84
443
474
240
84
223
329
478
210
78
224
216
222
313
220
261
300
83
292
204
244
396
135
220
363
184
464
366
159
376
196
77
403
277
200
216
264
350
259
329
175
419
389
476
392
185
339
256
88
215
72
61
72
76
160
87
82
59
31
41
177
99
64
75
204
26
40
225
102
76
108
81
79
66
108
216
193
109
93
108
55
58
73
70
91
103
27
95
36
25
26
109
91
98
42
105
82
91
238
97
82
40
124
33
86
91
69
34
237
98
24
46
93
29
103
90
109
25
30
101
87
96
37
60
24
91
72
55
80
61
78
99
260
48
96
37
46
25
77
78
74
101
50
49
82
25
250
