75
370
59
370
369
200
111
176
59
481
220
371
371
153
337
61
369
370
312
347
299
429
369
369
369
407
264
184
186
341
175
395
368
167
357
455
75
477
263
285
101
46
160
213
285
287
284
455
258
285
213
415
372
344
191
229
187
386
386
232
287
76
134
452
171
313
356
300
174
487
210
430
323
257
138
157
47
111
27
65
47
117
184
121
106
199
94
37
114
85
101
257
75
122
56
213
100
224
179
209
46
190
47
116
230
198
142
156
53
57
88
118
119
177
106
121
39
203
42
155
166
124
76
33
81
121
56
106
242
128
211
68
77
96
199
258
93
172
193
147
142
98
194
127
209
197
46
55
51
114
47
369
58
369
368
199
110
175
58
480
219
370
370
152
336
60
368
369
309
346
297
428
368
368
368
406
263
183
185
341
174
394
367
166
356
454
74
476
262
284
100
45
159
212
284
286
282
454
257
283
212
414
371
343
190
228
186
385
385
231
286
75
133
451
170
310
355
298
173
486
209
429
322
256
138
156
46
110
27
64
46
116
184
121
105
198
94
37
113
85
100
257
74
121
55
212
99
224
188
217
46
189
46
116
229
197
144
155
53
57
88
117
118
176
105
120
38
202
42
155
165
123
75
33
80
121
56
105
242
127
210
67
77
96
196
258
93
171
193
147
142
98
193
126
208
196
45
54
50
113
47
