87
370
368
58
367
370
106
370
176
357
481
289
257
59
274
213
367
288
200
434
370
367
186
347
75
368
371
268
367
325
412
318
367
163
368
369
236
367
337
61
285
283
336
386
153
478
191
282
285
454
284
286
313
182
304
285
167
285
407
258
40
387
247
104
478
455
373
212
257
78
284
370
354
257
455
227
244
356
31
78
175
242
132
174
187
43
452
430
47
141
111
129
27
118
65
184
56
106
29
188
121
174
118
119
41
47
98
93
168
116
56
118
224
75
184
180
56
54
84
156
141
203
257
214
191
84
101
68
139
251
77
114
96
128
120
78
88
149
255
55
47
246
88
53
198
43
41
37
102
193
73
117
76
106
42
28
90
107
246
92
51
98
197
128
120
53
76
198
177
172
127
67
117
190
47
369
368
57
367
369
106
369
176
356
481
288
256
58
273
212
366
287
199
434
369
366
185
347
74
368
370
267
367
324
411
317
367
162
368
368
235
367
337
60
284
282
335
385
152
477
191
281
284
454
283
285
312
181
303
284
166
284
406
257
39
387
246
104
477
455
372
211
256
77
283
369
353
256
454
227
243
356
30
77
174
241
132
173
186
42
451
429
47
141
111
129
26
118
64
184
55
105
28
187
121
174
118
119
40
47
97
92
168
115
55
118
224
75
183
180
56
54
84
156
140
202
257
213
190
83
101
68
139
250
77
113
96
127
120
77
87
148
254
55
47
246
88
53
197
43
40
37
102
192
72
117
76
106
42
27
90
107
246
91
51
97
196
128
120
53
75
197
177
171
126
67
117
189
47
