79
129
75
129
85
131
394
458
129
114
257
475
325
89
132
424
65
394
58
97
431
336
70
99
27
462
114
55
459
46
139
41
129
316
441
135
129
297
141
394
101
337
68
173
255
66
245
300
46
38
131
111
130
130
189
165
306
86
277
448
157
73
151
321
193
298
45
357
343
224
89
183
255
131
188
93
59
356
378
455
117
41
172
55
28
238
43
136
62
63
33
42
43
61
28
251
42
62
67
44
35
52
253
259
33
73
52
261
242
51
262
184
32
28
247
199
28
27
53
53
49
62
63
40
262
59
40
221
232
41
50
259
211
61
53
55
66
261
46
68
31
56
53
75
65
252
43
238
82
251
76
51
71
37
241
42
25
244
73
129
74
129
85
130
393
458
128
114
257
474
324
89
131
424
65
394
58
97
430
335
69
98
27
462
114
54
458
46
139
40
129
315
441
135
129
297
141
394
101
336
67
172
255
66
245
299
46
38
130
111
129
129
188
165
306
86
276
448
156
72
150
320
193
297
45
357
343
223
88
182
255
130
188
92
58
355
379
454
116
40
171
55
27
237
42
129
62
63
33
41
43
60
28
250
41
62
67
44
34
52
253
258
32
73
52
260
242
51
261
184
32
27
246
199
27
26
52
53
49
62
63
39
262
59
40
221
231
41
50
259
210
61
53
55
66
260
46
67
30
56
53
74
64
252
43
238
82
250
75
51
70
37
240
42
24
244
73
