86
452
432
161
434
338
310
310
434
331
335
310
311
310
426
434
339
437
434
435
434
396
433
307
335
369
431
307
478
431
327
485
338
305
427
399
432
345
341
214
427
303
327
305
356
431
304
304
259
418
426
304
184
69
476
485
378
216
406
226
462
150
321
26
304
397
163
324
325
250
375
359
47
372
232
406
153
158
361
253
212
452
178
436
348
77
485
180
123
192
183
166
67
54
85
207
151
81
24
43
262
24
262
101
48
194
37
196
67
148
196
202
154
136
184
113
162
72
182
117
235
184
133
156
141
146
246
244
262
171
205
144
256
205
224
186
204
190
191
238
196
60
184
136
121
187
184
188
227
119
220
174
182
148
196
170
168
195
119
157
228
202
178
113
147
190
158
192
201
210
169
249
49
451
432
161
433
338
310
310
434
331
335
310
311
310
425
434
338
437
434
434
434
395
433
307
335
369
430
307
478
431
326
484
337
304
427
398
431
345
341
213
426
303
326
304
355
430
303
304
259
418
425
303
183
71
476
485
377
215
406
226
462
149
321
25
304
397
162
323
324
250
375
358
47
372
232
405
153
158
361
253
211
451
178
436
348
77
485
179
123
191
182
166
67
54
85
206
151
81
24
43
262
24
262
101
48
193
37
195
67
147
196
201
153
136
183
113
162
71
182
117
235
183
132
156
141
145
245
244
262
170
204
143
255
205
224
186
203
190
190
241
196
60
184
135
120
187
183
188
226
119
219
174
181
148
196
170
168
194
118
157
227
202
178
112
146
189
158
192
201
209
169
251
49
