73
393
85
130
75
129
475
423
257
78
114
73
131
85
458
395
324
400
97
66
69
135
27
59
465
130
431
338
314
337
114
46
441
173
38
457
41
297
68
140
99
129
276
255
448
130
337
294
244
99
396
188
316
165
157
83
384
394
86
73
342
357
109
306
151
378
192
406
485
298
446
487
131
477
238
55
31
41
155
33
28
63
136
62
151
61
39
42
45
42
248
67
253
52
246
259
45
30
43
43
185
31
35
73
242
28
63
232
263
262
28
62
27
263
236
261
40
46
259
49
39
59
52
227
61
62
53
67
124
29
34
66
31
232
43
52
54
56
241
75
258
26
65
262
55
71
252
392
85
129
74
128
474
422
257
89
114
83
130
84
458
395
324
399
97
65
68
135
26
59
464
130
431
337
314
336
114
46
441
173
37
456
41
297
68
140
98
129
275
254
447
130
336
294
244
98
395
188
315
164
157
94
383
394
86
73
341
356
109
305
150
378
191
406
484
298
445
486
130
477
238
54
30
40
157
33
27
62
136
61
150
60
38
41
45
41
247
67
252
51
246
259
45
29
42
43
185
30
34
73
241
27
62
232
262
261
28
62
27
262
235
260
40
46
259
48
39
59
52
226
61
62
53
67
124
29
34
65
30
232
43
51
54
55
240
74
258
26
64
261
54
70
251
