41
352
467
474
376
131
471
476
470
348
123
348
405
467
350
347
76
121
63
133
415
477
98
257
136
487
94
346
292
236
175
283
415
107
79
374
228
133
64
358
166
487
43
91
151
125
76
109
75
37
103
64
137
128
241
127
165
140
76
129
66
45
88
174
178
126
81
102
80
77
121
132
48
121
101
130
52
178
56
139
140
111
94
336
451
459
360
116
456
460
455
332
108
332
391
451
334
331
60
105
47
118
399
461
82
242
120
484
78
331
277
220
160
268
399
91
63
358
214
118
48
342
151
485
43
90
151
125
75
108
74
37
102
64
136
130
241
127
165
139
76
129
65
45
87
174
178
126
82
101
80
77
121
132
50
121
101
129
52
177
56
139
139
111
94
