38
373
33
218
212
340
394
262
377
255
163
286
175
286
338
359
58
48
441
468
32
416
35
213
459
438
350
193
382
185
275
119
67
31
38
282
208
231
212
41
102
29
106
82
32
164
92
178
188
75
31
60
93
38
24
105
39
86
86
78
49
185
66
82
85
175
61
35
26
58
107
112
39
205
29
24
51
367
37
214
211
342
390
261
377
254
162
286
171
286
340
353
55
51
434
470
37
406
32
212
457
434
353
191
380
181
269
116
68
37
35
281
203
227
215
43
105
32
105
84
35
167
95
181
187
80
34
62
96
40
26
108
41
89
88
81
51
188
69
84
87
178
63
37
28
61
109
114
42
207
32
27
54
