38
252
95
377
103
28
470
24
35
386
91
83
59
388
331
168
453
311
63
292
426
258
57
419
183
128
443
88
310
179
296
440
331
422
79
300
391
237
441
60
50
246
61
245
31
260
262
236
64
38
262
39
185
63
38
29
36
40
41
263
171
25
58
246
43
244
43
73
30
30
47
51
63
51
215
41
233
254
97
385
105
31
472
26
38
389
94
85
62
390
334
170
455
314
66
295
428
273
60
421
185
131
445
92
312
182
299
442
334
424
80
303
395
240
444
59
49
239
60
242
33
260
262
236
64
38
262
39
185
63
40
31
36
40
41
257
170
25
60
248
42
246
42
73
30
32
46
51
60
51
214
38
233
