87
453
432
161
309
310
310
310
310
331
310
434
339
335
338
434
437
434
433
434
433
433
307
335
485
434
306
307
205
431
369
431
477
345
326
327
338
432
305
304
341
304
431
304
326
463
213
304
304
205
485
259
178
406
327
375
232
324
250
216
26
304
134
397
120
321
150
272
304
356
325
55
232
161
47
476
158
193
253
164
44
153
42
396
188
134
485
178
180
123
192
85
54
75
64
43
207
30
85
262
151
166
24
101
43
64
183
75
54
151
196
72
195
166
136
190
113
202
154
184
156
175
165
181
133
123
113
141
244
144
205
186
181
152
256
190
175
58
224
190
121
263
169
184
148
170
137
119
176
215
174
188
227
188
263
223
147
196
194
227
203
119
199
113
200
193
182
101
178
176
163
187
178
46
200
452
432
161
309
310
309
310
310
331
310
434
338
334
337
434
436
434
433
434
433
433
307
334
485
433
305
307
205
430
372
430
477
344
325
326
338
432
305
304
340
304
431
303
325
462
213
304
303
205
485
258
178
406
327
374
232
324
250
215
26
303
134
397
119
320
150
272
303
355
324
54
232
161
46
475
157
192
253
164
43
153
42
395
188
133
485
177
180
123
192
84
54
74
63
43
206
30
84
262
151
165
24
101
43
64
182
74
54
151
195
72
198
166
135
190
113
195
153
184
156
175
165
180
133
123
113
141
244
144
204
185
180
152
256
189
175
58
223
190
120
262
169
184
148
170
137
119
175
215
173
187
226
188
262
222
146
195
194
226
203
118
199
113
200
193
182
101
178
176
162
187
178
46
199
