96
451
266
401
446
216
445
290
403
208
415
216
221
64
447
214
400
205
216
36
350
67
70
98
42
39
264
85
223
341
452
73
141
487
406
407
235
203
98
313
430
220
378
85
329
84
265
60
222
475
478
240
217
79
224
210
300
444
220
221
83
59
262
244
292
133
464
397
184
221
366
377
364
159
196
78
217
403
205
351
200
277
259
264
175
476
329
390
447
185
384
390
419
339
256
88
57
61
76
72
72
160
87
31
82
60
41
175
76
64
99
26
41
76
226
81
108
79
102
109
109
93
66
55
58
26
109
91
70
73
98
27
96
25
91
42
37
109
83
91
33
40
106
104
98
98
86
82
238
69
34
91
29
236
46
123
104
114
94
25
90
101
60
31
37
86
24
73
97
91
55
81
256
62
109
97
99
78
37
48
25
74
46
79
263
50
100
90
77
49
83
25
87
451
266
401
446
216
445
290
403
207
414
216
220
63
447
214
400
204
215
36
350
66
69
97
41
38
263
84
222
340
451
73
141
487
405
407
234
203
97
313
429
219
377
84
328
84
264
59
221
474
477
239
216
78
224
209
300
443
219
220
82
58
261
244
291
133
464
397
184
220
366
377
364
159
196
77
217
402
204
351
199
276
258
263
175
476
328
390
446
185
384
390
418
338
256
88
56
61
76
72
72
160
86
31
82
60
40
174
75
64
99
26
40
75
226
81
108
79
102
108
108
92
65
55
57
26
108
90
70
72
98
27
95
25
90
41
37
108
82
90
32
40
105
103
98
97
85
82
237
69
34
90
29
235
46
123
103
114
94
25
90
100
60
31
37
85
24
73
97
91
54
81
256
61
109
97
98
78
36
48
25
73
46
78
262
50
99
89
77
48
83
25
87
