90
451
446
266
207
401
451
404
445
221
217
415
293
64
401
447
212
67
70
222
204
42
36
60
235
73
349
97
263
39
486
341
98
141
314
478
259
84
430
222
406
219
85
406
240
77
475
378
220
444
84
243
66
220
158
364
331
351
329
223
259
210
201
83
222
396
135
264
203
393
286
264
138
367
292
205
464
193
56
57
377
202
403
181
391
447
233
446
383
277
365
60
72
76
56
72
107
82
87
76
160
42
29
64
41
97
26
79
102
58
76
109
81
104
96
91
107
109
66
94
73
26
91
70
39
86
91
55
37
98
28
109
91
98
82
69
98
82
123
236
40
33
119
46
91
97
32
97
46
34
37
91
102
104
86
30
101
106
46
101
94
48
82
24
39
112
58
52
115
87
72
25
62
34
80
263
39
251
103
79
108
450
445
266
206
400
451
404
445
221
216
414
292
63
401
447
211
66
70
221
204
42
36
59
234
73
349
96
262
38
485
340
97
141
314
477
259
83
430
222
406
219
85
406
239
76
474
377
220
443
84
242
65
220
157
364
330
351
328
222
258
210
201
83
222
396
134
264
202
392
285
263
138
367
292
205
464
192
55
56
376
201
403
181
390
447
232
445
382
277
365
59
71
76
55
72
106
81
86
75
160
41
29
64
40
97
26
79
102
58
76
108
81
104
96
90
106
108
65
94
73
25
90
70
38
86
90
55
37
98
27
109
90
98
82
69
98
82
123
235
39
32
118
46
90
97
32
97
45
33
36
91
102
103
85
29
100
106
45
100
93
48
81
24
39
112
57
52
114
87
71
25
61
34
79
262
38
250
102
78
107
