36
341
393
284
68
79
245
62
101
53
384
422
378
29
164
243
325
322
185
99
305
24
434
52
437
188
209
111
395
180
178
379
264
408
418
76
122
41
46
31
127
35
57
33
64
248
36
41
235
259
60
36
44
182
60
53
56
236
38
262
27
219
261
193
31
31
71
25
258
58
59
70
47
345
396
287
65
80
247
65
104
55
384
423
358
31
165
246
329
326
186
101
307
27
435
55
437
190
209
113
399
181
180
380
266
410
421
78
126
41
48
28
132
37
60
33
67
247
38
41
252
258
60
44
46
184
60
55
58
236
38
261
27
221
260
184
33
33
71
27
258
57
58
70
50
