96
452
432
161
310
338
434
310
310
434
339
310
434
335
434
435
335
437
434
311
396
434
425
307
434
369
205
76
307
307
336
431
478
338
431
485
397
306
326
305
427
427
326
341
432
327
354
124
304
304
462
304
417
345
150
54
259
326
304
485
205
304
426
476
184
213
216
324
325
26
378
427
406
361
361
226
139
232
250
47
321
406
304
375
158
178
161
348
253
250
453
164
244
397
153
487
436
180
124
192
54
166
183
34
67
85
262
78
34
151
24
193
205
101
48
44
196
70
262
148
58
202
190
248
136
160
193
154
184
182
113
72
181
88
171
117
235
246
181
141
135
161
207
191
259
244
180
172
190
156
188
192
224
193
205
61
175
190
204
199
191
152
136
148
204
119
184
223
121
188
147
190
214
227
170
119
227
202
220
169
112
201
204
166
190
132
190
182
238
171
178
49
208
451
432
160
309
337
433
309
309
433
339
309
434
335
434
434
335
437
434
311
395
433
424
307
433
369
205
76
306
307
336
430
477
337
431
485
396
305
326
305
427
427
326
341
432
327
354
123
304
304
461
303
416
345
150
54
259
325
304
485
205
304
425
475
184
212
215
324
325
26
378
426
406
361
361
225
138
232
250
47
321
405
303
375
157
177
161
348
252
250
452
163
243
396
152
487
435
179
123
192
53
165
182
34
66
85
261
78
34
151
24
192
205
100
48
44
195
70
261
148
58
202
190
248
136
160
192
154
184
181
112
71
180
87
171
116
235
246
181
141
134
161
207
190
259
244
179
171
189
155
187
192
224
193
204
60
175
190
203
199
191
152
136
148
204
119
183
223
120
187
146
190
213
226
169
118
226
202
219
169
112
201
203
165
190
131
190
182
237
170
178
49
207
