74
452
432
434
161
310
310
310
310
434
437
335
311
435
434
434
338
434
307
433
396
427
434
205
478
367
431
431
485
338
307
305
399
304
324
345
432
427
427
214
150
417
476
485
426
462
184
205
341
121
216
406
42
26
158
426
406
386
250
453
134
397
178
54
162
232
164
436
153
42
250
134
152
487
29
180
124
183
192
54
81
34
67
85
101
151
24
193
24
34
166
48
157
75
196
259
64
190
184
201
154
113
72
181
133
117
184
169
148
156
135
232
243
146
189
189
196
60
204
180
191
175
141
188
136
121
122
119
113
220
202
189
170
190
215
174
201
192
203
227
182
208
178
176
132
178
207
34
196
452
431
433
161
310
310
309
310
434
437
335
311
435
434
434
338
434
307
433
395
426
434
205
477
366
431
430
485
337
307
304
399
303
323
345
431
427
427
213
149
417
475
485
426
462
183
204
340
120
215
406
41
25
157
426
406
386
250
453
133
397
177
53
162
232
163
436
152
41
250
133
151
486
29
179
124
183
192
53
81
33
67
84
100
150
24
192
24
34
166
48
157
74
195
259
63
190
183
200
153
113
71
183
133
116
183
168
147
156
135
232
243
146
189
188
195
60
203
180
191
175
140
188
136
121
122
118
112
219
202
188
172
189
214
174
201
191
202
226
181
207
178
176
131
178
207
34
195
