90
451
446
216
266
207
401
451
404
221
216
445
415
293
64
401
447
42
212
67
222
70
204
36
60
350
235
73
97
341
263
39
486
314
98
478
259
141
84
430
411
219
85
222
406
475
240
77
378
224
444
84
243
66
158
220
364
329
331
351
400
223
259
83
210
264
222
135
203
393
217
286
264
138
292
464
56
193
57
202
377
403
181
391
205
446
233
383
277
365
296
60
72
160
76
56
72
107
82
76
170
87
42
29
64
41
97
109
26
79
58
102
76
81
104
107
96
91
109
26
66
94
73
39
91
86
91
70
55
34
24
109
91
98
98
98
82
69
82
124
236
40
33
119
91
46
97
46
32
97
31
34
37
104
91
106
86
101
46
101
263
94
48
82
39
58
115
52
87
25
72
62
34
80
112
251
39
103
79
108
85
451
445
215
266
207
400
451
404
221
215
444
414
293
63
400
447
41
212
67
221
69
203
36
60
350
235
73
97
341
263
39
486
313
98
478
258
141
83
429
411
219
85
222
405
474
240
76
378
223
444
83
243
65
158
220
364
329
331
350
400
223
259
82
210
263
222
134
203
393
217
286
264
137
291
464
55
193
56
202
377
402
180
391
204
445
233
383
277
364
296
60
71
160
76
56
72
107
82
75
169
86
41
29
64
41
97
108
25
78
58
102
76
81
104
107
95
90
109
26
66
94
72
39
91
85
90
69
54
34
24
109
91
97
98
97
82
68
81
123
235
40
32
118
91
45
96
45
32
96
30
33
37
103
91
105
86
101
45
101
262
94
47
81
38
58
114
51
87
24
71
62
34
80
111
250
39
103
78
107
85
