86
453
431
161
310
310
310
437
434
310
311
331
332
434
338
434
434
340
311
307
433
396
434
335
307
205
306
368
431
434
342
327
338
214
341
485
305
432
326
417
304
304
431
432
354
361
327
184
303
259
485
121
205
406
304
150
177
375
331
250
232
163
26
304
42
325
321
216
304
356
158
162
54
134
272
463
364
253
372
270
257
231
134
245
153
304
229
179
121
192
81
54
67
101
85
34
24
207
156
48
166
24
34
262
44
154
75
196
61
196
136
190
166
201
154
184
154
168
181
146
144
72
117
133
178
186
259
244
144
111
207
190
263
191
190
221
60
188
175
121
205
188
201
168
144
170
184
182
119
176
122
195
227
135
220
147
112
203
192
215
263
181
211
190
157
222
233
227
178
238
178
234
196
453
430
161
310
309
310
437
433
309
311
331
332
434
338
434
434
340
311
306
432
396
433
334
306
204
305
367
431
433
342
326
338
214
340
485
304
431
326
417
303
303
431
432
353
360
326
184
303
259
484
120
204
405
304
150
177
374
330
249
232
162
26
304
42
324
321
216
303
355
157
162
54
134
271
462
364
252
371
269
256
230
133
245
153
303
229
179
120
192
81
54
67
101
85
33
24
206
156
48
166
24
34
261
43
154
75
195
61
196
136
190
165
200
153
184
153
168
180
146
143
72
117
132
178
186
258
243
143
111
206
190
262
190
189
220
60
188
175
120
204
187
201
167
143
170
183
181
118
176
121
195
226
135
219
146
112
202
191
215
262
181
210
189
156
221
232
227
178
237
178
233
195
