97
451
266
446
216
401
445
209
294
404
452
216
214
206
221
216
216
414
67
217
401
64
406
70
35
216
73
350
223
341
447
263
141
430
85
43
217
79
36
240
235
220
203
330
206
379
84
222
99
224
85
400
464
84
60
411
313
221
259
157
221
475
478
266
61
133
184
221
195
308
82
210
244
364
217
286
217
266
403
384
57
444
262
293
351
56
330
377
89
414
390
296
175
391
139
278
200
43
61
76
72
160
72
87
59
29
82
107
175
26
76
76
186
199
42
79
220
41
61
98
102
100
210
91
108
58
26
97
66
70
37
55
112
232
69
80
82
96
109
25
33
109
82
40
98
91
34
91
31
60
104
101
24
42
123
91
88
44
98
86
106
121
101
37
86
52
28
79
91
25
97
244
95
256
55
62
100
87
247
42
39
97
111
46
72
25
88
90
85
25
80
82
79
99
90
451
266
446
216
400
444
209
294
404
451
216
214
205
220
215
216
414
67
217
401
64
406
69
34
215
72
350
223
340
446
262
141
430
85
43
217
79
36
240
235
220
203
329
206
379
83
222
98
224
85
400
463
84
59
410
312
221
259
157
221
474
478
266
60
132
183
220
194
308
82
210
244
364
217
285
217
265
402
383
56
445
261
293
351
55
329
376
89
414
389
295
174
390
139
278
200
43
61
76
72
160
72
86
58
29
82
107
174
25
76
76
186
198
41
78
220
40
60
98
102
100
209
91
108
57
26
97
65
69
37
54
112
232
69
79
82
96
108
24
32
109
81
39
97
91
34
91
30
60
103
101
24
42
123
91
88
43
98
85
105
121
101
36
86
51
28
79
91
24
97
244
94
255
55
61
100
87
253
42
38
97
110
45
72
24
88
90
85
24
80
82
79
98
89
