82
129
393
109
86
258
476
454
132
425
71
325
394
56
85
132
132
459
337
58
70
294
245
319
105
401
256
463
66
101
174
339
431
306
398
441
394
344
97
338
70
196
142
33
443
136
186
115
48
296
393
157
276
321
300
412
93
407
407
381
465
75
478
164
115
304
356
86
455
359
132
341
314
151
385
189
316
246
486
131
340
347
421
118
238
61
55
63
33
43
61
28
44
42
42
59
40
31
42
261
35
44
55
38
59
32
73
248
41
33
261
51
63
185
44
55
227
28
53
226
63
49
65
65
28
253
41
81
70
47
235
28
261
68
261
53
68
32
76
43
258
247
44
34
254
54
71
43
26
66
73
43
71
209
42
57
29
36
63
258
26
246
197
238
63
129
392
108
86
257
475
453
131
424
71
325
394
56
85
132
132
458
336
58
70
294
245
318
104
400
256
463
66
101
173
339
431
306
398
440
394
344
96
337
70
195
142
33
443
135
185
114
48
296
393
156
276
321
300
411
92
407
406
380
465
74
477
164
114
304
355
85
455
358
131
340
314
151
384
189
316
246
486
92
339
347
420
118
237
61
55
63
33
43
61
27
44
41
41
58
39
31
41
261
34
44
55
38
58
32
73
247
41
32
260
50
62
185
44
55
226
27
53
225
63
49
64
65
27
252
40
81
69
46
235
27
260
67
261
52
68
32
76
42
257
246
43
33
253
54
71
43
25
65
73
42
71
209
41
57
28
35
62
258
26
246
196
238
62
