84
393
129
475
85
131
75
114
423
458
325
89
257
131
394
66
97
400
58
33
27
431
69
135
337
441
54
139
338
465
114
97
46
41
458
316
129
173
396
46
100
276
67
337
68
255
245
297
38
27
294
99
130
141
130
130
448
189
110
306
316
394
157
86
357
406
73
165
45
455
151
193
93
255
384
477
298
381
224
394
131
183
447
188
348
238
117
33
55
28
41
62
28
42
42
43
63
61
45
251
67
248
62
245
259
44
52
247
35
28
49
51
185
30
73
253
242
263
261
32
46
63
228
221
52
261
261
49
62
40
59
28
232
24
38
263
236
29
211
259
47
61
52
54
62
34
66
66
43
258
31
53
252
73
56
75
241
51
29
252
65
249
82
261
71
76
247
37
235
393
128
475
85
131
75
113
423
458
324
89
257
130
394
66
96
400
58
33
26
431
69
134
337
440
54
138
338
465
113
97
46
40
457
316
129
172
396
46
99
276
67
337
68
255
245
297
38
27
294
99
130
141
130
130
448
188
110
306
316
394
157
85
357
406
73
164
45
455
150
193
92
254
384
476
298
381
223
393
131
183
447
188
348
237
116
32
54
27
40
61
28
42
42
43
63
61
45
250
67
248
62
245
259
43
52
247
34
27
48
51
187
30
72
252
241
263
261
32
46
63
228
220
51
260
260
49
62
39
59
27
231
24
38
262
235
29
216
258
46
60
51
54
61
34
65
66
43
257
31
53
252
73
55
75
240
50
29
251
64
249
82
261
71
76
246
37
237
