76
129
109
86
129
476
454
258
132
425
71
325
394
56
132
85
459
132
48
337
34
27
58
70
245
294
136
463
99
319
105
256
101
40
174
306
41
431
441
46
338
394
50
97
67
70
196
142
443
115
136
193
313
321
296
156
412
407
93
465
299
304
164
75
115
356
86
455
359
487
314
132
27
478
188
316
385
118
61
55
131
33
43
63
61
28
44
42
42
59
31
40
261
42
239
35
245
260
44
55
59
38
246
33
256
32
73
41
51
229
63
55
263
44
28
251
49
53
224
63
253
65
65
28
41
47
81
75
261
53
28
68
32
43
76
44
65
43
54
34
71
26
66
73
43
53
42
71
24
254
37
63
29
128
108
86
128
476
453
258
132
424
71
324
394
56
132
85
458
132
48
336
33
27
58
69
245
293
134
462
98
318
104
255
101
39
174
306
41
430
440
45
337
394
50
96
66
69
195
141
443
115
136
193
313
320
295
155
412
407
92
464
298
304
164
75
115
355
86
455
359
486
314
131
26
477
188
315
385
117
60
55
130
33
43
62
60
27
43
42
41
59
30
40
261
42
238
35
244
260
43
55
59
37
245
32
255
32
73
41
50
229
63
55
262
43
28
250
48
53
224
63
252
65
64
28
40
46
81
74
261
53
27
68
32
43
76
43
65
43
54
33
71
25
66
72
43
52
42
71
24
253
36
62
29
