88
129
476
86
258
129
129
114
325
132
129
132
129
425
454
76
129
89
132
245
394
337
56
114
70
48
432
319
463
59
136
101
66
299
174
130
97
256
441
100
306
299
130
130
104
345
46
196
93
46
130
67
131
394
111
399
164
131
402
443
337
382
90
193
317
487
412
476
465
27
86
136
298
66
78
487
188
420
157
277
132
456
357
32
142
385
356
151
321
117
34
55
63
151
130
60
42
28
172
61
140
28
43
41
161
41
42
59
42
35
59
70
52
239
44
32
33
45
246
52
62
40
63
184
64
41
28
260
55
29
208
196
74
226
251
65
76
221
226
261
256
53
50
215
54
236
244
41
50
242
262
75
62
70
34
24
44
24
66
81
65
250
25
53
37
63
68
261
71
74
37
49
29
32
25
57
52
129
476
86
257
128
129
113
324
132
128
131
129
425
453
76
128
89
131
244
394
336
56
114
69
47
431
318
462
59
136
100
65
298
174
129
97
255
440
99
305
298
130
129
104
345
46
195
93
45
130
66
131
394
111
399
164
131
402
442
336
382
89
193
317
487
411
476
465
27
86
136
297
65
77
486
187
420
157
277
131
456
357
32
142
385
356
150
320
116
34
55
63
151
130
59
41
28
172
61
139
27
42
41
160
41
41
58
42
35
59
70
52
239
44
32
33
45
246
52
62
40
62
183
64
40
27
260
55
28
207
195
74
229
251
64
76
220
225
260
256
53
49
212
54
236
244
40
50
242
262
74
62
69
34
24
43
24
66
80
65
250
25
52
37
62
68
261
70
73
37
49
29
31
24
57
51
