85
371
107
59
481
176
371
268
168
368
412
370
183
289
258
289
309
154
59
195
371
62
186
429
370
175
284
353
76
395
388
323
370
295
288
190
140
370
325
322
286
287
283
338
285
368
313
29
373
284
286
455
213
343
406
174
286
387
160
335
477
46
260
287
259
372
260
193
442
455
430
355
276
71
271
229
164
134
250
333
480
453
278
241
172
213
46
117
111
108
184
27
182
52
126
54
65
47
26
185
38
213
109
121
46
94
101
114
100
75
195
106
57
118
142
97
86
257
178
216
126
114
246
215
56
77
255
48
251
117
152
223
55
106
129
66
94
50
53
44
127
87
76
141
239
120
39
44
198
33
116
199
200
149
75
47
92
207
187
192
206
112
172
196
59
98
193
182
48
147
121
371
107
59
481
176
371
268
168
368
412
370
183
288
258
289
308
154
59
194
370
62
186
429
369
175
284
353
76
395
387
323
369
294
288
189
140
369
325
322
286
287
283
337
285
368
313
29
372
284
285
455
213
343
406
174
285
386
160
335
477
46
260
287
259
371
259
193
441
455
430
354
276
70
271
229
164
133
250
333
480
453
278
240
171
213
46
116
111
108
183
26
182
51
126
53
64
47
26
185
37
213
109
120
45
93
101
114
99
74
194
106
57
117
141
96
85
257
178
216
125
114
245
215
55
77
254
48
250
117
151
223
54
105
129
66
94
50
52
44
126
86
76
141
242
120
39
44
198
32
115
198
200
149
75
47
91
207
186
192
205
111
172
196
59
97
192
182
48
147
120
