75
453
427
161
431
310
310
437
434
332
331
339
434
338
434
307
433
335
433
307
205
431
342
327
478
338
214
399
369
359
485
305
432
304
327
432
304
303
184
204
485
304
150
121
406
163
325
331
375
232
250
26
42
216
54
177
356
321
397
162
158
134
463
270
253
257
361
231
229
487
304
212
245
396
44
134
180
259
192
121
81
67
101
85
156
207
262
48
166
24
154
75
196
184
136
190
154
154
168
184
181
146
184
202
196
72
117
133
244
262
111
259
190
191
178
60
205
188
188
121
182
195
144
169
184
170
119
122
136
192
201
147
227
174
203
112
215
181
222
190
233
186
227
196
46
233
158
238
160
101
178
453
427
161
431
310
310
437
433
332
331
338
434
337
433
306
432
335
433
306
205
431
342
326
478
337
213
399
368
358
485
305
432
303
326
432
303
303
183
203
485
303
150
120
405
162
324
331
374
231
249
26
41
215
54
176
356
321
396
162
157
133
463
270
252
257
361
230
228
486
304
211
245
396
43
133
179
259
192
120
81
67
100
85
155
207
261
48
166
24
153
75
195
183
135
190
153
154
168
183
181
146
184
201
195
71
117
132
243
262
110
258
190
190
178
59
205
187
187
120
182
195
144
169
183
169
118
122
136
191
201
147
226
173
202
112
215
181
221
189
233
186
227
195
45
232
157
238
159
100
177
