96
216
446
401
451
445
266
216
203
216
403
216
451
415
213
221
290
216
447
401
61
205
42
67
39
64
349
341
223
263
430
73
85
97
85
378
259
77
314
98
235
411
224
222
405
220
203
486
141
73
330
240
475
36
84
243
216
264
329
223
66
364
55
206
221
289
400
477
184
83
351
391
158
203
259
210
402
217
366
221
264
464
300
475
135
201
392
377
77
294
368
217
242
138
57
483
88
160
72
72
60
87
76
178
59
202
82
226
107
42
26
76
31
212
97
41
104
76
109
79
93
64
107
26
58
66
34
91
55
106
91
82
91
69
39
91
96
24
125
98
98
109
25
73
70
109
33
82
97
81
40
33
238
106
46
34
119
97
115
112
48
97
31
86
37
104
97
79
91
48
37
91
62
260
24
86
48
58
29
74
101
102
101
72
80
87
111
250
107
82
87
260
25
216
446
400
451
445
265
216
203
216
403
216
451
415
213
221
290
216
447
400
60
204
41
66
39
63
349
341
223
263
430
73
85
97
85
377
258
76
313
97
234
411
223
222
404
219
203
485
141
73
330
239
474
36
84
243
215
264
329
223
65
363
54
205
221
289
400
476
184
83
351
391
157
203
259
210
402
217
366
221
263
464
300
475
135
201
391
377
77
294
368
216
242
138
56
484
88
160
72
72
60
87
76
178
59
201
82
226
106
41
26
75
30
212
97
41
103
76
109
79
92
63
106
26
58
66
33
90
54
105
90
81
90
69
39
90
96
24
124
98
98
108
25
73
69
109
33
82
96
81
40
33
238
105
46
34
118
97
114
112
48
96
31
86
37
103
96
79
91
48
37
91
61
259
24
86
48
58
28
73
101
102
101
71
80
87
110
250
106
82
87
260
24
