65
452
432
162
434
310
338
437
434
310
435
434
332
339
433
396
427
335
307
431
369
338
478
431
485
396
305
205
326
304
476
205
354
378
463
426
417
487
325
304
406
359
27
181
216
150
250
195
258
133
120
406
453
272
55
361
253
47
305
250
42
164
158
134
211
212
180
124
191
183
54
166
101
85
81
193
24
207
262
73
196
259
196
136
154
202
182
184
113
72
178
120
187
181
244
196
175
209
184
181
204
186
62
195
190
121
198
119
193
136
188
170
202
230
215
188
202
191
263
193
147
190
119
110
132
176
181
112
178
203
158
452
432
162
434
310
338
437
434
310
435
433
331
338
433
395
426
334
307
431
368
338
477
431
485
395
304
205
325
304
476
204
354
377
462
425
417
486
324
304
406
358
26
181
215
150
250
194
258
132
119
405
452
272
54
360
253
46
305
249
42
164
157
134
210
212
179
123
191
183
53
165
101
84
81
193
24
206
262
73
195
258
195
133
153
201
182
183
113
72
178
120
186
178
244
196
175
208
183
181
203
185
61
195
195
120
197
118
193
135
187
170
201
229
214
187
202
190
262
193
147
190
119
109
131
176
181
112
178
202
158
