83
452
432
310
434
310
161
310
434
338
311
310
434
335
339
435
335
437
434
425
396
434
205
369
434
307
306
307
478
431
338
431
485
306
399
305
427
303
341
427
432
327
261
304
462
417
345
232
205
213
327
485
303
426
216
150
184
324
476
26
406
325
122
361
378
272
178
397
46
426
134
161
361
158
406
375
348
54
164
436
452
153
253
250
180
124
54
183
34
192
67
85
166
24
78
34
151
262
194
205
101
48
262
196
70
190
202
58
148
166
136
184
154
182
113
72
88
184
117
232
208
141
246
135
161
212
244
180
190
156
184
175
152
263
61
261
204
136
189
191
148
199
119
121
203
188
147
184
263
201
174
119
220
215
204
186
112
202
169
166
192
182
208
190
178
190
132
451
431
310
434
309
161
310
434
338
311
310
434
334
339
435
335
436
434
425
396
434
204
369
434
307
306
307
478
431
338
430
484
306
399
304
426
302
340
426
432
326
261
304
462
416
345
232
204
212
326
485
303
426
215
150
183
323
476
25
405
325
121
360
377
271
177
397
45
425
134
161
360
158
406
374
348
54
163
435
451
153
251
249
180
124
53
182
33
192
67
84
166
24
77
33
151
262
194
204
101
47
261
195
69
189
202
57
147
166
135
184
153
181
113
72
87
184
117
231
207
140
245
135
161
209
244
179
190
156
184
175
151
262
61
261
204
136
188
190
147
199
118
121
202
188
147
184
262
201
174
119
219
214
203
185
111
201
169
166
192
181
208
189
178
187
132
