85
453
431
161
310
310
310
437
434
310
331
332
338
434
434
434
340
311
307
433
434
335
433
307
205
306
431
342
434
327
214
338
341
485
305
432
326
304
304
431
432
327
361
177
304
259
205
485
304
406
121
150
375
378
331
232
163
304
250
26
325
42
216
321
187
304
356
162
158
134
54
272
253
270
257
372
463
231
487
193
177
245
134
304
44
153
179
121
192
81
54
67
101
85
34
207
156
166
48
24
34
262
44
154
75
61
196
184
136
190
166
154
154
195
168
146
181
144
72
117
133
178
259
244
144
111
262
190
199
190
221
175
60
205
121
188
188
168
184
144
184
182
176
170
119
195
122
136
227
187
220
147
203
112
215
192
263
190
222
233
157
183
227
46
200
189
238
178
234
101
178
452
431
160
309
309
309
437
434
309
331
331
338
434
434
434
339
311
307
433
434
335
431
307
205
306
430
342
433
327
214
338
340
485
305
432
326
304
303
431
432
327
360
176
303
258
205
485
304
406
121
150
374
377
330
232
162
303
250
25
325
41
216
321
187
304
355
161
158
133
54
272
252
270
256
371
463
231
486
192
176
244
134
304
44
152
179
121
192
80
53
66
101
84
34
207
155
165
48
24
34
261
44
153
74
60
196
183
135
189
166
154
153
195
167
146
181
143
72
116
133
178
258
244
143
111
262
190
198
189
220
175
59
205
121
188
187
168
184
144
183
181
176
170
119
195
122
136
227
186
220
146
202
111
214
191
262
189
221
233
156
182
227
45
199
188
238
178
233
100
178
