89
401
216
451
446
266
290
445
403
415
447
204
42
64
221
216
216
61
400
213
205
223
451
67
263
349
38
36
97
84
141
341
410
430
83
444
313
478
475
98
203
329
219
406
85
378
264
78
223
73
235
210
259
102
240
292
222
220
200
364
83
400
277
77
71
184
313
243
224
377
300
55
365
402
329
393
65
390
351
477
205
447
221
194
259
264
175
184
383
57
72
160
61
72
76
31
87
82
41
99
59
109
61
76
226
202
104
41
26
76
58
109
79
66
108
94
81
109
55
70
26
24
37
40
236
42
86
98
88
25
33
109
98
91
82
106
69
34
91
96
91
91
98
82
90
98
47
101
97
104
31
78
81
102
37
24
33
124
72
29
115
24
62
46
101
119
79
97
73
111
262
86
52
37
48
25
50
105
87
400
216
450
445
266
290
445
403
414
447
204
41
63
220
215
215
61
399
212
205
222
451
66
262
348
37
35
96
83
141
341
410
430
82
444
312
477
474
98
202
328
218
405
85
378
264
77
222
72
234
210
259
101
239
291
222
219
199
364
83
400
277
77
70
184
312
242
223
377
300
55
365
401
329
393
65
389
350
476
204
447
220
194
258
263
174
184
383
56
71
160
61
72
76
30
87
82
40
98
58
109
61
75
225
186
103
41
25
75
58
108
79
65
107
94
81
108
54
69
26
24
36
39
236
42
86
98
88
25
33
108
98
91
81
106
69
34
91
96
91
91
98
81
90
98
47
100
97
104
31
77
81
102
37
24
33
124
71
29
115
24
61
45
101
119
78
96
73
110
262
86
51
36
47
25
50
105
87
