81
129
129
454
109
86
476
132
258
425
129
129
325
71
132
85
56
394
132
48
245
337
58
294
70
136
319
306
97
66
465
256
431
130
101
105
40
174
66
441
66
196
131
131
338
130
459
99
164
130
394
136
412
443
186
93
111
487
317
465
142
296
78
157
304
300
393
188
357
487
319
33
86
115
244
131
314
356
385
407
455
412
118
151
42
61
55
33
61
63
28
172
161
42
41
28
41
59
42
42
239
59
35
44
38
52
246
32
55
64
62
32
41
44
205
51
74
229
63
262
28
251
65
256
232
49
194
263
263
54
215
53
81
34
41
69
76
50
70
62
44
28
28
25
68
43
68
261
37
37
53
52
52
66
71
42
71
42
26
29
45
74
60
129
129
453
109
86
475
132
257
424
129
129
324
71
131
85
56
393
132
47
245
336
58
294
69
136
318
306
96
66
464
256
431
130
100
104
42
174
65
440
65
195
131
130
337
129
438
99
164
130
393
136
412
442
185
92
110
486
316
464
142
296
78
156
304
299
392
188
357
486
319
33
86
115
244
130
314
355
384
406
454
412
118
157
42
61
55
32
60
63
28
172
160
41
41
27
41
59
41
41
238
58
35
44
38
52
246
32
54
63
62
32
40
44
205
50
73
223
63
262
27
250
64
255
231
49
193
260
262
54
215
52
80
34
40
68
75
49
70
62
44
27
27
24
67
43
67
260
37
36
52
51
52
66
71
41
70
42
25
29
45
74
59
