98
452
432
161
434
338
310
310
434
335
310
311
310
426
331
434
435
339
437
434
434
396
433
307
369
205
335
431
307
478
307
55
431
327
338
485
305
326
427
432
399
345
341
214
427
327
303
305
356
431
326
417
204
304
304
259
426
304
485
378
476
125
216
184
406
226
462
26
304
397
427
324
250
163
161
321
325
375
150
359
272
47
28
372
406
232
158
361
253
153
436
212
452
348
485
258
134
137
178
180
123
192
183
166
67
54
85
151
81
24
43
262
207
24
194
262
101
48
37
196
67
148
202
190
196
154
160
184
136
189
113
162
182
72
117
175
235
133
184
156
141
146
246
262
244
171
205
144
186
186
178
259
205
224
204
190
60
184
196
214
136
191
121
187
184
119
220
174
223
148
170
182
204
227
196
168
188
195
263
119
194
157
202
228
113
147
190
178
210
158
192
169
49
234
176
195
201
452
432
161
434
338
310
310
434
335
310
311
310
426
331
434
435
339
437
434
434
396
433
307
369
205
335
431
307
477
307
55
431
327
338
485
305
326
427
432
398
345
341
214
427
327
303
305
356
431
326
417
204
304
304
259
426
304
485
378
475
124
216
184
406
226
462
26
304
397
427
324
250
163
161
321
325
375
150
359
271
47
24
372
406
232
157
361
253
153
436
212
452
348
485
258
133
136
177
179
123
192
183
166
67
54
85
151
81
24
43
262
207
24
193
262
101
48
37
196
67
148
202
189
196
154
160
183
136
188
113
162
182
72
117
175
234
133
183
156
141
146
245
262
244
171
205
144
186
185
177
259
205
224
203
190
60
184
195
214
136
191
121
187
183
119
220
173
222
148
170
181
203
227
196
168
188
195
263
118
193
157
201
228
113
147
190
178
210
158
192
169
49
234
175
195
200
