92
452
432
434
310
310
310
435
434
339
338
311
310
434
335
437
434
396
433
331
433
433
425
310
335
307
345
485
431
166
478
431
307
327
338
367
432
305
397
462
326
427
427
214
304
304
304
354
304
341
326
178
324
485
259
431
418
304
426
476
426
216
120
378
204
375
406
250
232
453
42
154
153
26
55
325
406
178
436
304
356
321
150
158
188
239
133
44
304
487
134
396
253
181
123
183
84
54
64
193
85
262
166
24
43
24
151
101
43
196
64
207
54
75
262
74
196
136
156
72
154
187
184
113
147
165
181
202
133
123
181
180
175
235
246
146
113
205
256
207
190
140
186
190
148
58
224
144
186
244
217
196
204
136
188
183
178
169
121
170
184
191
122
201
178
119
193
196
202
201
208
226
147
227
189
113
184
241
216
101
216
34
178
160
190
451
432
433
310
309
309
434
433
338
337
311
309
434
334
437
434
395
433
330
433
433
425
310
334
307
344
485
431
165
477
431
307
326
337
367
432
305
396
462
325
426
426
213
304
304
303
353
304
340
326
178
324
485
258
430
417
304
425
475
425
215
120
378
204
375
406
249
232
452
41
153
152
26
54
324
406
177
435
304
356
320
150
158
187
238
117
43
304
487
133
395
252
181
122
182
83
53
63
193
85
262
165
24
42
24
150
100
43
195
64
207
54
75
262
73
196
136
155
72
153
187
184
112
147
164
181
202
132
122
180
179
175
235
246
146
112
205
256
207
189
140
185
189
147
58
223
143
186
244
217
196
204
136
188
182
177
168
120
169
184
191
121
200
178
119
193
196
201
200
207
225
147
227
189
113
184
238
209
100
216
34
177
160
190
