81
129
476
86
258
114
129
325
129
132
132
425
454
76
339
89
132
245
27
394
337
56
34
114
70
432
319
48
463
59
101
136
66
97
299
174
256
97
441
306
37
341
299
459
130
46
104
46
130
196
93
394
111
66
164
131
443
337
193
317
487
412
476
465
27
86
136
298
66
78
344
188
94
420
157
456
132
357
142
385
372
32
117
34
55
63
60
127
42
139
28
61
28
43
41
185
41
42
59
260
42
35
59
245
70
52
44
32
239
33
45
52
246
62
253
40
63
41
64
28
55
235
209
29
261
196
251
74
221
226
65
76
53
50
262
54
256
41
50
75
62
70
34
24
44
24
66
81
65
249
25
238
37
241
63
68
74
71
37
29
32
209
49
129
475
85
258
113
128
325
129
131
132
424
453
76
338
89
131
245
26
393
337
55
33
113
69
432
318
47
462
58
101
135
66
96
299
174
256
96
441
305
36
341
299
458
129
46
104
46
129
196
92
393
111
65
163
130
443
337
193
316
486
412
476
465
27
85
135
298
66
78
343
188
94
419
156
456
132
356
141
384
374
32
117
34
54
62
60
127
41
139
27
60
28
42
41
187
41
42
59
259
41
34
58
245
70
51
43
32
239
33
44
52
246
61
253
39
63
41
63
28
54
235
209
28
260
196
251
73
220
225
64
75
52
50
261
54
255
40
49
74
61
70
34
24
43
24
66
81
64
249
24
238
37
241
62
67
74
71
36
28
32
202
49
