50
263
448
444
398
288
214
398
219
411
260
443
428
347
484
68
71
40
221
404
311
76
232
442
376
219
242
201
238
475
305
219
340
349
364
263
461
256
54
394
240
375
444
84
363
292
239
365
96
294
450
76
61
72
72
31
199
41
76
42
66
87
37
107
73
102
91
109
58
29
39
69
96
239
82
123
25
25
82
86
28
86
28
97
24
56
58
40
87
31
36
72
254
28
108
96
107
76
26
84
109
263
448
444
398
288
214
398
219
411
259
443
428
347
483
68
70
40
220
404
311
75
232
441
376
219
242
201
238
474
305
219
339
349
364
263
460
255
53
393
239
375
443
84
363
291
239
364
96
294
449
76
61
72
72
31
199
41
76
42
66
87
37
107
73
102
93
109
57
29
35
69
96
238
81
123
25
25
82
83
28
86
28
97
24
56
58
37
87
30
36
72
253
27
108
96
107
76
26
84
109
