89
370
368
59
367
370
106
369
304
357
200
257
288
59
176
372
481
213
288
371
370
268
75
370
434
367
347
186
61
367
325
337
367
318
165
368
285
235
369
395
152
304
284
286
478
304
282
407
313
385
415
247
191
285
335
454
257
272
167
104
388
285
190
352
478
344
227
455
286
40
257
78
175
285
372
284
455
282
132
244
29
242
78
186
212
173
271
452
43
323
47
141
111
129
27
118
65
216
56
47
188
29
121
184
118
106
118
41
37
94
182
118
75
98
168
56
115
101
180
56
86
156
84
141
200
68
214
257
142
114
246
149
255
96
206
139
46
55
77
56
193
128
78
254
88
33
172
53
73
102
88
47
95
117
128
197
75
243
37
50
90
198
198
106
107
98
120
172
128
54
177
76
68
42
128
192
193
117
226
369
367
58
367
369
105
369
303
356
200
256
287
59
176
371
480
213
288
370
370
267
74
370
433
367
346
185
60
367
324
336
367
318
164
367
284
234
368
394
151
303
283
285
478
303
282
407
313
384
414
246
190
284
334
454
257
271
167
104
387
285
189
351
478
343
227
454
285
39
257
78
175
284
371
284
454
282
132
243
28
242
77
186
212
172
270
452
43
322
47
141
111
129
26
118
65
215
55
46
187
29
121
184
117
105
117
41
37
93
181
118
74
98
167
55
114
101
179
55
86
156
83
141
199
68
213
257
142
113
245
148
254
96
205
138
46
54
76
55
193
128
77
253
87
33
171
53
72
102
88
46
94
116
127
196
75
243
36
49
89
198
197
106
107
98
120
171
128
54
177
75
68
41
127
191
193
117
226
