94
129
393
476
109
129
71
129
132
132
86
258
424
130
454
129
325
85
394
62
318
337
459
140
34
27
55
245
300
99
130
105
401
463
255
432
37
72
136
130
305
174
48
394
398
101
130
441
344
339
40
97
306
337
142
131
66
443
196
193
115
28
276
94
412
393
321
136
300
74
67
157
72
487
359
164
465
407
379
86
316
356
313
189
115
444
132
341
455
132
93
478
375
152
385
118
238
33
61
154
44
136
28
61
55
63
28
175
42
165
42
40
42
64
32
35
261
51
248
260
49
59
40
256
187
73
248
32
41
44
238
55
246
205
24
63
238
53
227
51
48
28
226
185
226
63
55
50
29
256
262
41
65
75
47
24
261
244
34
261
53
82
68
31
251
68
65
70
43
54
44
258
241
66
63
26
252
37
71
263
38
209
73
71
76
254
205
57
29
129
393
476
108
129
71
129
132
131
86
258
424
130
454
129
325
85
394
62
318
337
458
139
33
27
55
245
300
99
130
104
401
463
255
432
36
72
135
130
305
173
47
394
398
100
129
441
344
339
40
96
306
337
142
130
65
442
196
193
114
28
276
94
411
393
321
135
300
74
66
156
72
487
359
163
464
407
379
86
316
356
313
189
114
443
132
340
455
132
92
477
375
151
385
117
238
33
60
154
44
136
28
60
55
63
28
175
41
165
42
40
41
64
32
35
261
51
247
260
49
59
40
255
187
72
248
31
41
44
237
55
246
205
24
63
237
53
227
51
48
27
226
185
225
63
55
50
28
255
261
41
65
75
47
24
261
243
34
261
53
81
68
31
250
67
65
70
43
54
44
258
241
66
63
26
252
37
70
262
38
208
72
70
75
254
205
56
29
