97
452
432
161
434
338
310
310
434
335
310
311
310
331
434
435
426
437
339
434
434
396
433
307
369
205
335
431
307
307
478
53
431
327
485
338
305
326
427
432
399
345
341
214
427
303
327
305
431
354
417
326
204
304
304
259
426
359
304
485
378
476
216
184
406
226
462
150
26
134
397
324
161
250
163
321
325
31
375
47
372
406
123
158
232
361
253
119
153
212
361
436
452
348
258
77
134
244
180
123
192
183
166
67
54
85
151
81
24
43
207
24
194
262
101
262
48
37
196
67
148
202
190
196
154
160
136
184
189
113
162
72
182
117
175
235
133
184
156
141
146
246
244
262
171
144
209
186
186
178
256
205
224
204
198
190
60
184
196
136
191
121
187
184
188
119
215
174
148
204
170
182
227
196
195
168
119
157
202
214
113
228
147
190
185
178
158
188
210
192
169
234
247
178
239
451
432
160
433
337
310
310
434
335
310
311
310
330
434
435
426
437
339
434
434
395
433
307
369
204
335
431
307
307
477
53
430
327
485
337
305
325
426
431
398
345
341
214
426
303
327
305
431
354
416
325
203
303
304
259
426
359
304
485
378
476
216
184
406
226
461
149
26
133
396
324
160
250
162
321
324
30
374
47
371
405
122
158
231
361
253
119
153
212
361
435
451
348
258
77
134
244
180
122
192
182
165
67
54
84
151
81
24
43
206
24
194
262
100
262
48
37
196
67
148
202
189
196
154
160
136
184
188
112
162
72
181
117
175
235
132
183
155
141
146
246
243
262
171
143
209
186
186
177
256
205
223
204
197
190
60
183
196
136
191
120
186
184
187
119
214
173
148
204
169
182
227
196
194
167
118
156
202
214
113
227
147
189
185
178
158
187
210
192
168
233
246
178
238
