85
452
432
310
310
310
434
311
310
434
434
435
339
335
335
338
437
434
396
434
307
434
425
306
205
307
368
431
478
431
327
397
336
485
306
338
326
305
427
417
427
341
432
304
463
304
326
345
304
178
259
354
213
485
304
26
476
216
426
232
426
324
361
406
321
326
386
360
406
250
325
232
304
46
158
378
272
304
348
54
303
193
250
253
397
244
180
124
54
34
67
85
24
78
183
34
194
262
151
205
166
101
48
196
70
148
58
262
166
190
136
202
154
184
113
162
181
193
72
88
182
175
117
232
186
246
141
135
244
181
205
195
156
259
200
224
207
152
61
190
119
199
136
204
184
220
148
147
121
227
185
189
188
199
170
205
227
176
119
112
178
263
216
166
192
226
202
132
190
171
238
452
431
310
309
310
434
311
310
433
434
435
338
335
335
338
436
434
395
434
306
434
425
305
204
307
367
431
478
430
326
397
336
484
306
338
325
304
427
416
426
341
432
304
462
303
326
345
304
193
258
353
212
485
303
25
475
215
426
232
426
323
360
405
321
326
385
360
406
249
325
232
304
45
158
377
272
303
348
54
303
194
249
252
397
244
179
124
53
33
67
84
24
77
182
33
194
261
150
205
166
101
47
195
69
147
57
262
165
190
135
202
153
183
112
161
181
193
72
87
181
174
117
231
185
245
141
135
243
180
204
195
156
258
200
224
207
151
61
189
119
198
136
203
184
220
147
146
121
226
185
189
188
198
170
204
227
175
119
111
177
263
216
166
191
226
202
132
190
171
238
