82
369
57
370
366
368
105
284
288
152
316
306
367
174
286
367
186
317
282
180
59
60
370
367
371
199
212
283
369
295
331
166
256
284
320
282
285
255
342
478
394
257
284
334
429
406
257
284
384
296
285
75
77
453
172
352
200
286
285
180
341
41
487
274
260
246
386
296
412
166
220
353
257
138
189
241
104
370
478
210
164
359
475
46
112
26
123
65
118
131
41
114
56
127
255
186
246
222
117
84
106
44
127
102
36
198
96
47
118
149
75
216
59
51
190
77
126
120
225
131
53
114
142
41
95
127
98
46
31
200
77
194
215
118
90
88
127
57
121
236
261
197
245
35
206
208
173
190
96
124
56
144
199
106
51
114
127
41
73
106
99
197
82
85
125
368
56
369
365
367
104
283
287
151
315
306
366
173
285
366
185
316
281
179
59
59
369
366
370
198
211
282
368
295
330
165
255
284
320
281
285
254
341
477
393
256
283
333
428
405
256
284
383
296
284
75
77
452
171
351
199
286
285
179
340
40
486
273
259
245
385
296
411
165
219
352
256
137
188
240
104
369
477
209
163
358
474
46
111
26
122
64
118
130
41
113
55
126
254
186
246
219
116
84
106
43
127
102
36
197
95
47
118
148
74
216
58
50
190
76
125
120
225
131
53
114
141
40
94
127
98
45
30
200
76
193
215
117
89
87
126
57
120
235
261
197
245
34
205
207
173
190
96
124
55
143
198
105
51
113
126
40
73
106
98
196
82
84
124
