74
128
130
84
392
74
423
325
131
475
127
32
391
452
256
68
130
243
430
393
400
98
396
465
254
97
88
128
132
337
293
315
172
305
65
129
129
405
100
337
188
440
114
336
110
66
315
298
357
27
275
140
157
88
315
388
442
411
338
303
437
464
187
136
151
47
85
191
294
242
244
294
447
384
70
117
28
55
238
40
28
40
61
35
127
248
40
41
59
52
43
60
44
53
248
256
227
30
41
67
41
199
247
182
39
34
63
55
262
211
259
258
52
35
61
28
47
50
57
251
46
68
43
24
261
30
66
254
62
261
41
34
194
44
261
44
37
82
56
238
67
75
57
42
258
28
234
250
72
129
131
85
393
75
424
326
132
476
128
33
392
453
257
69
131
244
430
393
401
98
397
466
255
97
89
128
132
337
294
316
172
305
65
130
129
405
101
338
189
441
115
336
110
66
316
299
358
28
276
141
157
89
315
389
443
411
338
304
437
465
188
137
152
47
86
192
295
243
245
295
448
384
70
116
27
54
238
40
28
40
61
35
127
248
39
41
58
64
42
60
44
53
247
256
226
29
41
67
40
199
247
181
39
34
63
54
261
213
259
258
52
34
61
28
47
50
56
250
46
68
43
24
260
29
65
253
61
261
40
34
194
44
261
44
36
81
55
237
66
75
56
41
258
27
233
250
72
