86
451
266
446
216
401
445
404
290
208
221
214
415
447
64
400
70
217
350
341
36
42
452
73
223
406
85
39
264
141
217
430
235
406
219
79
377
329
84
487
203
475
313
240
85
300
60
224
222
61
205
478
464
224
210
221
265
259
244
444
133
221
196
98
395
157
217
217
377
402
259
293
364
384
57
351
366
329
266
482
278
175
447
476
390
89
242
61
76
72
160
71
87
82
31
59
76
26
41
99
61
41
102
220
108
26
79
109
109
91
58
98
55
94
66
70
232
37
96
27
109
69
83
33
40
73
25
98
42
82
91
29
104
34
98
121
109
86
59
124
91
44
106
91
25
236
101
86
55
87
31
88
244
256
73
55
37
88
97
100
87
97
24
46
55
257
79
25
263
74
90
25
36
450
265
445
215
400
444
403
289
207
221
213
414
446
63
399
69
216
349
340
35
41
451
72
222
406
84
38
263
140
216
429
234
405
218
78
376
328
84
486
202
474
312
239
84
299
60
223
221
60
204
477
463
223
210
220
264
258
243
443
132
220
195
97
395
156
216
216
376
401
258
292
363
383
56
350
365
328
265
482
277
174
446
475
390
88
241
61
75
71
159
71
87
81
31
58
75
25
41
99
60
40
102
219
108
26
79
108
108
90
58
97
55
94
65
70
231
36
96
27
109
69
82
32
40
73
25
97
41
81
91
28
104
33
97
121
108
85
59
124
90
43
105
90
24
236
101
86
54
86
31
88
243
256
72
54
37
88
96
100
86
96
24
46
55
256
78
25
262
73
90
25
36
