94
452
432
309
434
310
310
338
310
339
434
311
434
310
435
335
437
434
434
396
434
335
205
433
425
307
345
307
166
431
431
369
485
335
307
478
338
431
305
327
305
397
326
427
214
354
341
427
304
476
462
304
304
126
304
259
485
378
426
328
184
418
325
324
426
204
272
216
406
42
139
361
160
232
406
375
325
250
150
178
232
453
158
356
303
27
304
436
54
487
304
90
372
305
253
180
123
85
183
54
64
166
75
262
85
24
24
34
193
151
101
37
48
196
70
205
190
59
262
157
156
136
187
154
113
202
72
193
147
184
181
138
169
165
120
181
175
235
146
209
140
250
205
196
180
256
190
208
244
224
60
183
204
263
191
186
204
148
223
178
263
136
121
122
214
190
198
184
202
168
194
170
188
201
227
192
113
148
179
119
226
208
192
34
216
197
157
110
190
452
431
309
433
309
309
337
310
339
433
311
434
309
434
334
436
434
434
395
433
335
204
432
425
307
344
307
165
430
430
369
485
335
307
478
338
430
305
326
305
397
325
427
214
354
341
427
304
475
462
304
304
126
304
259
484
378
426
328
183
417
325
323
426
203
272
216
406
41
139
360
159
232
406
374
325
250
150
177
232
453
158
356
303
26
304
436
54
487
304
89
371
305
253
179
123
85
182
53
63
166
75
262
84
24
24
33
192
150
101
37
48
195
69
205
190
79
262
157
156
136
187
154
113
201
72
193
147
183
181
137
169
165
120
181
175
235
146
209
139
250
205
196
179
256
190
207
244
224
60
182
203
263
190
185
204
147
223
178
263
136
120
122
214
189
198
183
201
167
194
170
187
200
226
192
113
148
179
118
226
208
191
34
216
199
156
110
190
