97
393
129
476
109
129
71
129
132
132
258
86
424
130
454
326
129
85
394
62
337
459
140
34
27
55
245
300
401
99
130
105
316
48
463
255
432
72
398
305
130
135
174
40
394
130
101
441
50
339
46
345
97
306
337
142
131
193
443
28
116
196
130
69
94
131
412
130
276
393
300
321
136
74
312
157
72
359
407
382
164
465
86
313
316
356
341
189
115
444
380
455
132
340
93
385
132
478
238
118
33
61
157
44
136
28
61
63
55
28
175
42
40
147
40
42
64
35
261
51
245
259
49
59
40
248
256
187
73
31
239
32
41
44
55
227
24
205
248
63
229
53
48
51
28
224
185
250
226
63
55
50
29
236
75
41
24
47
65
259
253
244
226
34
215
261
261
68
53
82
31
263
66
65
43
258
250
54
44
66
252
63
26
209
37
71
263
240
73
38
197
76
29
71
254
393
129
476
109
128
71
129
132
132
258
86
424
130
454
326
128
85
394
62
337
458
140
33
26
55
245
300
401
99
130
105
315
47
463
255
432
72
398
304
130
135
174
39
394
130
101
441
50
339
46
345
97
306
337
142
131
193
443
28
116
196
130
69
94
131
412
130
276
393
300
321
136
74
312
157
72
359
407
382
164
465
86
313
316
356
341
189
115
443
380
454
132
340
93
385
132
478
238
118
33
61
156
44
136
28
61
63
55
28
174
42
40
146
40
42
64
35
260
51
245
259
49
59
40
248
255
187
73
31
239
32
41
44
55
227
24
205
248
63
229
53
48
51
28
224
185
250
226
63
55
50
29
236
75
41
24
47
65
259
253
243
226
34
215
261
261
68
53
82
31
263
66
65
43
258
249
54
44
66
252
63
26
209
37
71
262
240
72
38
197
76
29
71
254
