92
393
476
129
457
129
114
76
325
129
85
131
258
89
458
129
129
273
132
425
57
431
27
68
394
336
34
317
399
99
136
300
55
66
114
46
464
245
97
141
140
129
130
399
255
101
173
338
67
441
337
306
38
196
447
394
27
299
99
48
130
69
131
86
448
130
345
92
111
130
247
316
379
313
75
157
194
131
262
400
184
298
324
341
282
256
487
131
344
45
455
165
223
239
34
118
259
172
61
41
42
136
55
30
63
43
42
160
148
196
61
28
62
44
260
53
42
35
245
32
229
253
246
40
52
249
73
242
32
59
64
27
51
199
184
215
40
52
63
185
260
28
49
55
232
65
261
53
24
29
263
224
259
64
41
66
46
211
226
76
50
223
262
62
240
257
31
66
75
236
219
249
75
65
52
209
260
51
70
71
238
253
73
53
82
393
476
129
457
129
114
76
324
129
85
131
257
89
458
128
129
273
131
425
56
430
27
68
394
335
33
316
399
99
136
299
54
65
114
46
464
244
97
141
139
129
130
399
254
100
172
337
67
441
336
306
37
196
447
394
26
299
98
47
130
69
131
86
447
130
344
92
111
130
246
316
379
312
75
156
193
131
261
400
183
298
324
340
280
255
486
130
344
45
455
164
223
238
34
118
258
172
60
40
41
136
55
29
63
42
42
160
148
195
60
27
62
43
259
53
42
34
245
32
228
252
246
40
52
249
72
242
32
58
64
27
51
199
184
214
39
51
62
185
259
27
49
54
232
64
260
53
24
28
262
224
259
64
40
65
45
211
225
75
49
223
261
61
239
256
30
65
74
235
218
248
75
65
51
209
257
50
70
70
238
252
73
53
82
