95
217
446
451
401
445
266
203
216
447
403
216
289
221
415
213
216
401
64
451
70
447
67
205
223
60
34
39
349
263
341
430
73
85
235
97
314
259
77
98
84
299
222
405
224
219
378
203
486
84
475
141
240
216
36
47
313
243
223
400
82
58
221
331
206
478
391
184
351
364
329
345
293
265
158
259
221
133
203
217
210
402
264
392
464
89
77
216
201
138
444
57
290
193
475
233
160
72
60
72
87
76
59
202
99
82
226
31
76
42
26
212
41
64
109
102
260
79
76
58
104
104
93
107
66
26
34
91
91
96
106
39
91
69
91
55
28
98
98
124
109
82
25
73
40
97
70
82
238
81
107
24
33
34
31
104
114
48
32
112
86
79
37
97
97
46
222
88
106
91
37
86
101
48
260
91
62
48
101
58
25
80
250
101
82
233
87
98
52
74
39
216
446
451
401
445
266
203
216
446
403
216
289
220
414
213
216
400
64
451
70
447
67
205
222
60
34
39
348
263
341
429
72
85
235
97
314
259
77
98
83
298
222
404
223
219
378
203
485
84
475
141
240
216
36
47
313
243
222
400
82
57
220
331
206
478
391
183
351
364
329
345
293
265
158
258
221
133
203
217
210
401
263
391
464
88
77
216
200
138
443
57
290
192
475
233
160
72
60
72
87
76
58
201
98
82
226
31
75
41
26
212
41
64
109
101
260
78
75
58
103
104
92
106
66
25
33
90
90
96
106
39
91
69
91
55
27
98
97
124
109
81
25
73
39
97
70
81
238
81
107
24
33
33
30
103
113
48
32
112
86
78
37
97
97
45
221
88
105
90
36
85
101
47
260
91
61
47
101
58
24
80
250
101
82
232
87
98
51
73
38
