91
452
161
432
427
309
310
310
310
339
434
310
335
338
331
434
437
396
433
306
434
433
335
205
307
306
485
431
369
431
434
327
326
345
477
338
305
399
431
214
426
341
354
326
304
304
324
304
259
485
405
205
150
216
375
232
184
304
250
120
26
378
42
397
325
134
304
272
321
359
161
158
164
178
232
356
55
153
304
134
194
253
244
462
44
487
486
318
361
212
372
451
179
192
124
259
85
67
54
43
262
85
30
151
166
207
48
101
196
64
154
183
74
196
190
136
166
72
154
202
113
194
162
175
156
184
181
117
184
141
146
217
141
207
186
244
259
148
205
224
61
119
175
188
136
169
184
191
190
170
188
119
183
122
174
196
215
176
263
227
196
204
113
182
201
227
147
194
178
217
178
200
190
238
181
101
34
49
211
186
158
157
192
452
161
431
427
309
310
310
310
338
433
310
334
337
331
434
437
396
432
306
434
432
335
204
307
306
484
430
369
430
434
327
325
344
477
337
305
399
430
214
425
340
353
326
304
303
324
303
259
484
405
204
149
216
375
232
184
303
250
120
26
378
41
397
325
134
304
271
321
359
161
158
163
177
232
355
54
152
304
134
193
253
244
461
44
487
486
317
360
212
371
451
179
192
123
258
85
67
54
43
262
85
30
150
166
206
47
101
196
64
154
182
73
195
189
135
166
71
154
202
112
194
162
175
155
184
181
117
183
140
145
219
141
207
186
244
259
148
204
224
61
119
174
187
135
168
184
190
189
170
187
119
182
122
173
195
215
176
262
227
196
204
113
181
200
226
147
194
178
216
178
200
190
237
180
100
34
48
210
185
158
156
192
