85
446
451
207
266
401
216
404
445
451
221
293
415
401
64
212
216
70
67
447
205
222
60
36
39
73
486
263
350
219
84
141
98
235
313
478
259
430
406
341
85
97
406
222
240
378
77
223
48
84
475
444
243
66
364
220
223
210
351
329
135
259
222
331
203
396
264
201
83
393
286
138
403
57
193
202
292
205
377
264
447
390
181
464
233
365
72
60
56
76
72
159
82
87
107
76
29
42
41
64
26
223
102
79
97
76
58
104
81
93
91
73
66
107
109
55
70
91
96
42
86
91
34
28
26
91
106
98
98
82
82
69
125
107
40
98
236
33
119
97
46
34
91
97
46
101
37
86
32
46
30
106
102
104
101
94
82
62
87
52
25
39
112
72
48
263
80
34
58
39
108
446
451
206
266
401
216
404
444
450
220
292
414
400
63
212
216
70
66
446
204
221
59
35
38
73
486
263
349
219
84
141
98
234
313
478
258
429
405
340
85
97
405
221
239
378
77
223
48
83
475
443
242
66
363
219
222
210
350
328
134
258
222
330
203
395
263
201
83
393
285
138
403
56
193
201
291
205
377
264
447
390
181
463
232
365
71
60
55
75
71
158
82
87
107
75
29
41
41
64
26
226
101
79
97
76
58
103
81
93
90
73
65
107
109
55
70
90
95
41
85
90
33
28
25
90
105
98
97
81
81
69
124
106
40
97
235
33
119
96
46
34
91
96
45
100
37
85
31
46
29
105
101
104
101
93
81
61
87
52
25
38
112
71
47
262
79
34
58
38
107
