97
401
451
216
446
445
403
203
415
216
266
216
293
221
451
42
216
216
213
69
64
216
401
447
263
97
349
223
67
410
204
313
85
141
37
84
219
430
73
98
234
405
447
36
240
378
59
77
85
258
203
341
224
486
475
313
221
264
222
364
399
329
216
223
478
329
206
221
66
243
293
158
210
82
391
476
184
293
351
403
201
56
217
258
264
277
464
383
193
418
57
377
203
390
393
138
233
135
72
60
160
72
87
82
59
42
178
76
205
28
76
107
109
191
226
26
103
64
215
41
97
66
109
107
58
79
24
76
39
55
70
85
40
109
34
91
91
96
101
260
97
82
82
104
69
91
91
25
26
124
73
98
24
48
106
98
97
31
33
238
34
86
46
112
86
119
33
38
91
91
104
80
73
37
90
97
62
101
115
256
37
48
79
60
105
52
77
87
72
48
90
101
82
39
101
400
450
216
445
445
403
203
415
216
265
216
292
220
450
42
216
216
212
69
64
216
400
447
262
97
348
223
67
410
203
312
85
141
37
83
218
430
72
98
233
405
446
36
240
378
59
77
85
258
203
341
223
485
475
313
221
264
222
364
399
329
216
222
478
329
206
220
66
242
292
158
210
82
390
475
183
293
350
402
201
55
217
257
264
277
463
383
193
418
56
376
203
389
393
138
232
135
72
59
160
72
87
81
58
41
178
76
204
28
76
107
108
190
226
25
103
63
215
40
96
65
109
106
57
78
24
76
38
54
69
85
39
108
33
91
91
95
101
260
96
82
82
104
68
91
91
24
26
124
72
97
24
48
106
98
96
31
33
238
33
85
46
111
85
119
33
37
91
91
103
80
72
36
90
96
61
101
114
256
36
48
79
60
104
52
77
87
71
47
89
100
81
39
101
