53
452
432
161
309
434
310
310
435
434
331
338
437
427
340
485
307
431
205
477
338
326
432
305
304
213
463
431
426
475
205
417
272
375
178
304
304
231
216
26
327
250
134
120
356
150
55
44
436
158
164
188
192
44
180
123
192
85
183
75
43
193
85
207
166
101
259
262
72
136
113
187
184
181
175
133
123
113
152
181
144
217
196
175
189
263
169
190
243
263
184
137
119
263
170
215
188
147
188
194
119
208
113
182
187
199
101
451
432
161
308
433
309
310
434
434
331
337
437
426
340
484
307
431
205
477
338
326
432
304
303
212
462
431
426
474
205
417
272
375
177
303
304
230
215
26
326
249
133
119
356
150
54
43
436
158
164
189
191
43
180
123
192
85
183
75
46
192
84
207
162
100
259
261
72
135
112
190
183
180
180
133
123
113
149
181
143
217
196
172
189
262
168
189
242
262
184
136
119
262
169
215
188
147
188
194
119
208
113
181
186
198
100
