96
401
451
216
446
445
403
203
415
216
266
216
293
221
451
42
216
216
213
69
64
216
401
447
263
97
349
223
67
410
204
313
85
141
37
84
219
430
73
98
234
36
240
378
405
59
77
85
258
203
341
224
313
221
486
475
264
222
364
399
329
216
223
478
329
221
206
66
243
293
158
82
210
391
184
293
403
351
201
56
476
217
258
264
277
464
392
193
418
57
377
203
390
138
233
135
77
72
60
160
72
87
82
59
42
178
76
205
28
76
107
109
191
226
26
103
64
215
41
97
66
109
107
58
79
24
76
39
55
70
85
40
109
34
91
91
96
97
82
82
101
104
69
91
91
25
26
124
24
48
73
98
106
98
97
31
33
238
34
86
46
86
112
119
33
38
91
104
91
80
37
90
62
97
101
115
73
256
37
48
79
60
101
52
77
87
72
48
90
82
39
101
81
400
450
216
445
445
403
203
415
216
265
216
292
220
451
41
216
216
212
69
64
216
400
447
262
97
348
223
67
410
203
312
85
141
37
83
218
430
72
98
233
36
240
378
404
59
77
85
258
203
341
223
313
221
486
475
263
221
363
399
329
216
222
478
329
220
205
66
242
292
158
82
209
391
183
293
402
351
201
56
475
217
257
264
277
463
392
193
417
56
376
203
389
138
232
135
76
72
59
160
72
86
82
58
41
178
76
205
28
76
107
108
191
226
25
103
63
215
40
97
65
108
106
57
78
24
76
38
54
69
85
39
108
33
91
91
95
96
82
81
100
104
68
91
91
24
26
124
24
48
72
97
105
98
96
31
33
238
33
85
46
85
111
119
33
37
91
104
90
80
36
90
61
96
100
115
73
256
36
48
79
60
101
52
77
87
71
47
89
81
39
101
80
