56
452
432
434
310
434
310
331
437
339
426
435
434
309
431
205
369
125
478
431
166
484
327
305
326
345
427
139
303
205
326
418
136
216
406
226
462
178
26
126
427
47
160
120
250
304
139
304
55
150
253
212
158
452
271
153
305
180
124
183
54
85
75
207
101
262
262
194
37
85
154
190
202
194
184
113
187
72
165
120
175
156
234
223
244
175
186
186
247
136
121
187
184
192
119
206
223
119
198
184
170
220
213
176
194
188
190
158
113
192
263
178
110
451
431
433
310
433
309
330
436
338
425
435
434
308
430
205
368
124
477
431
166
484
326
304
326
345
426
139
303
205
326
418
136
215
406
225
461
177
25
126
427
46
160
120
249
304
138
303
54
150
252
212
158
452
271
152
304
179
124
183
36
85
75
206
101
262
261
193
33
84
154
192
201
193
183
113
186
72
162
119
177
156
234
223
244
175
186
186
249
135
120
184
184
191
118
205
223
119
198
184
169
220
213
178
193
188
190
158
112
192
262
178
109
