84
452
161
431
310
310
310
437
434
310
310
331
338
332
339
433
434
434
307
433
434
335
306
205
307
431
429
342
327
478
214
338
485
341
305
432
326
304
431
327
304
432
184
259
303
354
485
204
304
121
406
163
150
331
375
232
304
250
26
325
42
462
54
216
177
304
356
321
162
158
134
272
361
270
253
257
372
231
229
304
212
245
134
487
44
180
192
121
81
54
67
101
85
30
43
207
166
156
262
184
48
34
154
75
61
196
166
190
136
154
239
154
168
184
146
181
72
144
117
133
178
244
144
262
259
111
191
221
190
207
60
178
205
188
121
182
188
144
169
184
176
170
119
195
122
181
192
136
201
220
147
227
203
112
215
263
186
222
190
233
157
227
196
234
158
238
178
33
101
452
161
430
310
309
310
437
433
309
310
331
338
332
339
433
434
434
306
432
433
334
305
204
307
431
428
342
326
478
213
338
485
341
304
432
326
303
431
327
303
432
184
259
303
353
484
203
304
121
405
162
150
331
374
232
304
249
25
324
41
462
53
215
177
304
356
320
162
157
133
271
360
269
252
257
371
231
229
303
211
245
134
486
43
180
191
120
81
54
67
101
85
29
42
206
165
156
261
184
48
34
154
75
61
195
165
189
136
154
239
154
168
183
145
181
72
144
117
133
178
243
144
261
259
111
191
221
190
206
60
177
205
188
120
181
187
143
168
183
175
170
118
195
121
180
191
135
201
220
147
226
203
112
214
262
186
221
190
232
156
226
195
233
157
237
178
33
101
