44
452
432
161
434
434
310
434
435
335
338
437
311
434
425
431
431
477
338
485
306
305
463
417
432
150
26
205
216
406
232
121
250
184
134
47
158
162
178
134
54
250
42
436
153
180
124
192
183
85
78
24
194
151
166
101
44
70
262
113
154
184
182
72
88
117
181
186
135
189
119
175
136
121
184
188
170
191
215
119
112
203
201
178
192
132
176
210
178
452
431
161
433
433
310
433
434
334
337
436
310
433
425
430
430
477
337
485
306
304
462
417
432
150
25
205
215
405
231
121
250
183
133
46
157
161
178
134
54
249
41
436
153
179
124
192
183
84
77
24
194
151
162
101
55
70
261
113
153
183
182
71
88
116
181
186
137
189
118
175
136
121
184
188
170
190
215
119
112
202
201
178
192
131
175
210
177
