97
216
446
451
401
445
266
216
203
216
447
403
290
415
221
216
213
216
401
64
61
451
67
205
223
39
34
349
263
341
430
73
85
97
314
259
85
235
98
77
405
222
486
224
219
410
475
378
313
203
141
330
73
36
240
84
47
216
243
206
223
221
83
400
58
478
184
289
391
351
364
265
444
329
259
158
203
133
221
217
366
210
402
264
300
293
201
464
392
216
77
138
57
88
475
233
377
277
160
72
60
72
87
76
178
59
202
99
82
31
42
76
226
26
212
41
64
104
109
79
76
58
93
104
107
66
26
34
91
91
106
39
91
55
96
91
69
98
98
73
124
109
24
98
82
24
25
70
33
109
81
82
40
107
238
33
112
34
48
104
31
114
86
37
97
79
97
97
106
233
46
37
91
48
101
86
260
24
91
62
48
29
87
101
58
101
250
80
82
87
25
74
39
72
79
215
446
451
401
444
266
215
203
216
446
403
290
415
221
216
213
216
401
64
61
451
67
205
223
39
34
349
263
341
430
73
85
97
314
259
85
235
98
77
405
222
486
224
219
410
475
378
313
203
141
330
73
36
240
84
47
216
243
206
223
221
83
400
58
477
184
289
391
350
364
265
443
329
259
158
203
133
221
217
366
210
402
264
300
293
201
464
392
216
77
138
57
88
474
233
377
277
159
71
60
72
86
76
177
59
202
98
81
31
42
76
226
26
212
41
64
104
109
79
76
58
93
104
106
66
26
34
91
91
106
39
91
55
96
91
69
97
98
72
124
109
24
97
82
24
25
70
33
109
81
82
40
107
238
33
112
34
48
104
31
114
85
37
97
79
96
97
106
232
46
37
91
48
101
86
260
24
91
62
48
29
87
101
58
101
250
80
82
87
25
74
39
71
79
