35
449
405
448
73
418
454
296
434
403
407
409
367
481
238
244
467
137
198
351
221
422
91
370
382
213
386
330
289
298
372
399
41
282
354
454
76
72
86
104
42
61
31
37
42
84
28
97
87
98
85
59
102
52
24
259
78
28
76
41
92
106
120
96
41
112
32
85
82
98
111
448
403
447
71
416
452
294
433
401
406
408
366
480
236
242
466
135
199
350
219
421
90
369
381
212
385
328
288
296
370
398
40
280
352
453
75
71
85
101
41
60
30
36
41
83
27
96
89
97
84
58
99
54
24
259
77
25
75
40
94
100
119
95
40
111
31
82
81
97
110
