92
446
401
451
445
266
203
403
401
447
216
213
221
415
70
42
290
60
205
451
67
64
39
349
341
223
263
73
430
97
85
259
85
378
77
314
98
235
410
222
224
475
405
203
141
219
486
330
240
36
84
243
313
264
66
289
444
329
223
364
400
221
206
184
56
477
351
82
391
158
203
259
210
402
366
221
264
464
300
475
377
447
392
201
446
77
294
368
138
57
88
277
233
72
72
60
87
76
59
82
41
99
215
26
76
42
102
109
31
104
76
109
79
64
93
107
26
58
66
91
34
106
55
91
91
82
69
39
91
96
24
98
124
97
98
25
70
109
73
33
82
81
40
33
24
106
119
97
236
46
34
97
31
48
112
37
115
86
97
104
79
91
48
37
91
62
24
86
48
58
29
74
72
263
101
102
251
80
87
111
82
87
25
78
39
446
401
451
445
265
203
403
401
447
216
213
221
415
69
41
290
59
205
451
67
64
39
349
341
223
263
73
430
96
85
259
85
378
77
314
98
234
410
222
224
475
405
203
140
218
486
330
240
36
84
243
313
263
65
289
444
329
223
364
400
221
206
184
55
477
351
82
391
158
203
259
209
402
366
221
264
464
300
475
377
447
392
201
446
77
294
368
137
57
88
276
233
72
72
60
87
76
59
82
41
99
214
26
75
42
102
108
31
104
75
109
79
64
92
107
26
58
66
91
34
105
55
91
91
82
69
39
91
95
24
98
124
97
98
25
70
109
73
33
81
81
40
33
24
105
119
97
236
46
34
97
31
48
112
37
115
86
97
104
79
91
48
37
90
62
24
85
48
58
29
74
72
262
101
101
250
80
86
111
81
87
25
77
39
