99
401
451
216
446
445
403
203
415
216
447
266
216
293
451
221
42
216
216
213
69
64
216
401
447
445
263
97
223
349
67
410
204
313
85
141
37
84
219
430
73
98
234
36
405
240
378
59
77
85
444
258
203
341
224
486
475
313
221
264
222
364
399
329
216
223
478
329
221
206
66
243
293
158
82
210
391
476
184
293
351
403
201
56
217
258
264
277
464
193
418
383
57
377
203
390
393
138
233
135
72
60
160
72
87
82
59
42
178
260
76
205
28
107
76
109
191
226
26
103
64
215
41
97
248
66
109
58
107
79
24
76
39
55
70
85
40
109
34
91
91
96
97
101
82
82
104
69
91
236
91
25
26
124
73
98
24
48
106
98
97
31
33
238
34
86
46
86
112
119
33
38
91
104
91
80
73
37
90
97
62
101
115
256
37
48
79
60
52
77
105
87
72
48
90
101
82
39
101
400
451
216
446
444
403
203
415
216
447
265
216
292
450
220
41
216
215
212
69
64
216
400
447
444
262
97
223
348
67
410
203
312
85
141
37
83
218
430
72
98
233
36
405
240
378
59
77
85
444
258
203
341
223
486
475
313
221
263
221
363
399
329
216
222
478
329
220
205
66
242
292
158
82
209
391
476
183
293
351
402
201
56
217
257
264
277
463
193
418
382
56
376
203
390
393
138
232
135
72
59
160
71
87
81
58
41
178
260
76
205
28
107
76
108
191
225
25
103
63
215
40
96
247
65
108
57
106
78
24
76
38
54
69
85
39
108
33
91
91
95
96
100
82
82
104
68
91
236
91
24
26
124
72
98
24
48
105
98
97
31
33
238
33
85
46
85
111
119
33
37
91
104
90
80
73
36
90
96
61
100
115
256
36
48
79
60
52
77
104
87
71
47
89
101
81
39
101
