98
452
432
434
310
338
310
310
434
437
309
339
434
311
435
310
332
331
434
434
433
396
307
427
205
434
166
335
307
368
431
306
122
431
338
478
342
341
484
326
305
399
427
304
431
427
126
326
304
304
327
476
214
354
378
204
304
462
426
485
325
184
140
417
406
232
26
331
216
426
250
361
160
231
397
304
91
321
304
272
47
54
406
453
178
436
372
305
371
150
153
356
113
304
250
158
396
212
253
180
124
183
54
166
64
75
85
101
85
262
24
24
193
43
156
207
37
48
73
196
151
259
190
61
187
196
136
202
154
166
190
113
182
184
156
142
72
171
120
184
235
256
141
246
207
183
244
205
262
196
146
209
183
178
190
180
204
61
195
191
214
186
121
184
119
144
136
223
170
188
198
227
174
176
197
226
223
263
119
192
202
192
201
210
157
110
171
189
178
147
208
234
132
112
163
158
190
452
431
434
310
338
310
310
434
437
308
339
434
311
435
310
331
330
434
434
433
395
307
427
204
434
165
334
306
367
430
306
121
431
337
477
342
341
484
325
305
398
427
304
431
427
126
325
304
304
326
476
213
354
377
203
303
462
426
485
324
184
140
417
406
232
25
331
216
426
249
361
159
230
397
304
90
321
304
271
47
54
405
452
178
436
372
304
370
149
153
355
112
304
250
157
396
211
252
180
124
182
54
165
64
75
85
101
85
262
24
24
192
43
156
206
37
48
73
195
150
258
189
61
187
195
135
201
154
166
189
113
181
183
156
142
72
171
119
183
234
256
141
246
206
182
244
205
261
195
146
209
183
178
190
179
203
61
194
190
214
186
121
184
118
144
136
223
170
188
197
227
174
176
196
225
222
262
119
191
202
191
201
209
157
109
171
188
178
147
208
234
131
111
163
158
189
