91
452
431
161
310
331
434
310
310
434
310
437
332
434
338
434
434
311
340
307
427
433
396
434
335
307
306
205
431
368
342
327
338
214
341
485
305
399
432
326
354
304
432
431
417
327
304
361
184
303
205
485
259
121
304
406
150
375
331
177
26
304
378
232
250
163
42
325
216
397
321
304
158
356
406
134
272
54
365
162
244
372
257
254
487
134
231
229
153
44
219
396
180
121
192
81
207
183
54
67
85
34
101
156
48
166
24
34
44
262
154
259
75
196
61
196
136
166
190
154
201
154
168
181
146
144
72
117
184
133
178
207
259
111
144
189
262
244
190
191
190
175
60
221
188
205
121
188
168
144
201
119
176
184
184
170
182
122
195
135
174
227
220
112
147
202
215
263
192
211
203
196
157
233
193
46
178
227
196
178
101
161
160
451
430
160
309
331
433
309
309
434
309
436
331
434
338
434
434
311
339
307
426
433
396
434
335
306
306
204
431
367
341
327
338
214
340
485
305
398
431
326
353
304
431
431
416
327
304
360
184
302
204
485
258
120
304
406
150
374
330
176
26
303
378
232
250
162
42
325
216
397
321
304
158
356
405
134
271
54
364
161
243
371
256
253
486
134
230
229
152
44
219
395
179
121
192
80
206
182
53
66
84
34
101
155
48
165
24
34
44
262
153
258
74
195
60
195
135
166
189
153
200
153
168
181
146
144
72
116
183
133
178
207
258
110
143
189
262
244
190
190
189
174
59
220
187
205
121
187
167
144
201
119
176
184
183
170
182
121
195
134
174
227
220
112
146
202
215
262
191
211
202
196
156
233
193
45
178
227
196
177
100
161
160
