98
452
432
434
310
310
338
310
434
437
309
339
434
311
435
310
335
434
434
433
427
396
335
311
307
205
434
166
307
369
431
306
338
431
336
478
345
484
305
326
122
399
432
427
427
327
304
327
326
341
354
476
213
378
326
431
304
462
304
485
304
204
184
259
77
325
426
406
324
126
417
232
26
359
216
426
360
153
250
232
397
72
47
406
304
321
453
272
54
150
304
178
375
372
356
305
436
127
158
180
123
183
54
64
166
75
85
101
85
262
24
24
193
34
151
37
48
73
259
196
205
44
151
190
61
187
136
202
154
166
182
113
193
184
156
72
120
171
190
184
133
235
246
161
256
262
183
141
209
196
152
184
193
144
244
180
205
61
190
178
191
224
247
204
204
121
148
210
186
184
119
198
136
220
188
178
170
227
174
233
119
202
176
226
192
263
192
189
226
201
168
157
147
110
208
223
112
452
431
433
310
310
338
309
434
436
309
339
434
311
434
310
334
434
434
433
427
396
335
311
307
205
434
166
307
369
431
305
338
430
336
478
345
483
305
326
122
399
432
426
426
327
304
327
326
340
354
476
212
378
326
431
304
462
304
484
304
203
184
259
76
325
426
406
323
126
416
232
26
359
215
425
360
153
249
232
397
72
47
405
304
321
453
272
53
149
304
178
375
371
356
305
435
127
158
180
122
182
54
64
165
75
84
100
85
262
24
24
192
34
151
37
48
72
259
196
205
44
150
190
60
187
136
202
154
165
182
112
193
184
155
71
120
171
190
184
133
235
245
161
256
262
183
140
209
196
151
184
193
143
244
180
205
61
190
178
191
223
246
204
204
121
148
210
186
183
119
198
135
220
188
177
169
226
174
232
118
202
175
226
192
263
191
189
226
200
168
156
146
109
208
225
111
