91
129
393
476
86
258
132
129
114
129
132
325
425
454
129
76
89
132
27
56
337
394
245
70
479
34
319
48
463
431
59
380
66
136
459
100
299
101
174
130
441
256
105
66
403
411
394
476
40
130
97
299
41
130
340
130
306
131
92
46
115
344
164
131
443
94
50
336
189
487
111
192
476
412
466
90
393
66
86
318
298
78
276
412
487
157
188
344
455
357
399
136
118
238
34
55
63
28
130
61
172
61
42
28
43
161
41
41
42
260
59
35
42
59
52
252
245
32
239
33
44
45
242
62
246
259
256
40
52
63
184
28
41
73
262
247
116
53
262
229
208
63
29
263
196
188
226
55
256
76
250
71
223
54
236
41
244
224
50
61
70
50
75
24
34
44
254
261
251
66
59
65
25
261
126
53
68
37
238
73
37
218
81
128
393
475
86
257
131
129
113
128
132
325
424
453
128
76
89
132
27
56
337
393
244
69
479
33
319
48
462
431
59
379
65
136
458
99
298
100
174
130
440
255
104
65
403
398
393
476
40
129
97
298
41
129
338
129
305
131
91
46
115
343
164
130
442
93
50
335
189
486
110
192
476
412
465
89
393
65
86
318
297
78
276
398
486
157
187
343
455
357
399
136
118
238
34
55
63
27
130
61
172
61
41
28
43
160
41
40
42
259
59
34
42
59
52
254
244
32
239
33
43
44
241
62
246
258
255
40
52
63
183
28
40
73
261
247
116
53
261
229
208
63
28
263
195
185
226
54
256
75
249
71
225
54
236
40
243
224
49
61
70
49
74
24
33
43
253
260
250
66
59
64
24
260
126
52
68
37
238
73
36
214
81
