98
452
432
434
309
310
310
338
310
433
434
339
311
310
435
437
335
434
434
427
311
335
434
396
205
433
307
166
307
369
431
306
338
485
431
478
336
345
305
121
327
399
427
432
326
427
463
304
354
214
341
304
476
327
431
326
259
304
417
204
304
378
139
485
426
325
184
324
226
216
272
426
406
232
359
360
250
110
304
406
397
453
47
361
178
304
26
150
54
375
158
372
160
125
487
253
348
305
436
180
123
183
85
54
64
166
75
86
24
262
24
34
194
101
151
37
48
259
44
205
70
196
190
60
148
187
136
202
154
166
181
72
113
184
193
156
120
190
165
184
235
133
178
246
181
259
209
146
140
205
196
262
144
193
224
244
186
178
190
183
214
60
204
204
191
148
190
136
263
223
121
227
198
188
170
241
176
202
174
192
119
147
201
223
119
187
192
168
112
157
198
210
34
190
169
110
210
451
432
433
309
310
310
338
310
433
434
338
311
310
434
437
335
434
434
427
311
335
434
396
204
433
307
165
307
368
431
305
338
485
431
478
336
345
305
121
327
399
426
432
326
427
462
304
353
214
341
304
476
326
431
326
259
304
416
204
304
377
139
485
426
325
183
324
226
215
271
425
406
232
358
360
250
110
304
405
397
452
47
361
177
304
26
149
54
374
158
372
159
125
487
252
348
305
435
179
123
182
85
54
64
165
75
86
24
262
24
34
194
101
150
37
48
259
44
205
70
196
189
60
147
187
135
202
153
165
181
72
113
184
193
155
119
189
164
184
235
133
178
246
180
258
209
145
139
205
196
262
144
193
224
244
186
177
189
183
213
60
204
203
190
147
189
135
262
223
121
226
198
188
169
241
175
202
174
192
119
147
200
223
119
186
191
167
112
157
198
209
34
189
168
109
210
