98
216
446
451
401
445
266
216
203
216
403
447
290
415
221
216
216
213
216
401
64
61
445
451
67
447
205
223
39
34
349
263
341
430
73
85
97
314
259
85
235
98
77
405
222
486
224
219
410
475
378
203
141
330
73
36
240
84
47
216
243
206
223
221
83
400
58
478
184
289
391
364
351
265
329
259
444
158
203
133
221
217
210
402
264
300
293
201
464
392
216
77
138
57
475
88
233
377
277
160
72
60
72
87
76
178
59
202
82
99
31
42
76
190
226
26
212
41
64
104
245
109
79
263
76
58
93
104
107
66
26
34
91
91
106
39
91
55
96
91
69
98
98
73
124
109
24
98
82
25
70
33
109
81
82
40
107
238
33
112
34
48
104
31
114
86
37
97
79
97
97
106
46
37
233
91
48
101
86
260
91
62
48
29
87
101
58
101
250
80
82
87
74
25
39
72
79
216
445
451
401
444
266
216
202
216
403
446
289
415
220
216
216
213
216
401
64
60
444
451
67
447
204
223
39
34
348
263
340
430
72
84
97
313
259
85
234
98
77
405
222
486
223
219
410
474
377
203
140
329
72
36
240
84
47
216
243
206
223
220
82
400
57
478
183
289
391
363
350
264
328
259
443
158
202
132
221
217
210
402
264
299
293
200
464
392
216
77
137
56
475
88
233
377
277
160
72
60
72
87
76
178
58
202
81
98
31
42
75
190
226
26
212
41
64
104
244
109
79
262
76
57
93
104
106
66
25
34
91
91
106
39
91
55
95
91
69
97
98
73
123
108
24
97
82
24
70
32
108
81
81
40
106
238
33
112
34
48
104
31
113
85
36
97
79
96
96
106
45
37
233
91
48
101
86
260
91
62
48
28
87
101
58
100
250
80
82
87
73
25
39
71
79
