89
451
446
401
445
403
203
293
266
414
221
69
451
213
64
42
215
401
447
97
67
349
39
204
223
85
141
263
36
219
430
314
77
84
73
406
59
235
378
98
444
85
240
258
341
203
475
364
222
224
264
486
206
221
398
329
293
223
66
477
243
83
221
330
391
210
158
476
184
56
351
263
201
292
403
377
258
464
447
277
193
383
393
203
57
133
390
138
233
77
60
72
72
87
82
59
28
76
42
76
103
107
26
61
109
191
41
97
109
79
107
93
76
58
55
70
66
82
109
34
39
69
40
91
98
104
96
82
91
236
91
82
91
26
25
98
97
98
124
106
73
112
48
31
46
38
34
119
86
33
104
86
32
80
91
91
73
37
115
97
48
102
89
62
72
37
58
262
79
52
105
101
48
87
101
90
82
39
81
451
446
401
445
403
203
292
265
413
220
69
451
212
64
41
216
401
447
97
66
348
38
203
223
84
141
263
36
218
430
314
76
83
73
406
59
234
378
98
443
85
239
258
341
203
474
364
221
224
263
486
205
220
398
329
293
222
66
477
242
83
221
329
391
209
158
476
184
56
350
263
200
292
403
377
258
464
447
277
193
383
393
203
57
133
389
138
232
77
60
72
72
86
81
58
28
76
41
75
103
106
25
60
108
182
40
97
109
79
106
93
75
57
54
69
65
82
109
34
38
69
39
90
97
104
95
82
91
235
90
82
91
25
24
97
96
97
123
105
73
111
48
30
45
37
33
118
85
32
103
85
31
80
90
91
72
37
115
96
47
101
89
62
71
37
57
261
78
52
105
101
48
87
101
89
81
38
80
