91
393
109
86
258
476
454
132
425
71
325
394
56
85
66
132
132
459
337
58
70
294
130
245
319
105
401
256
463
101
174
339
306
431
398
441
394
344
97
338
70
196
142
312
443
136
186
115
296
276
157
393
321
412
300
93
407
407
465
379
73
75
164
115
478
304
86
356
455
27
359
64
313
132
341
314
151
385
189
316
244
448
486
257
340
33
347
421
296
375
181
439
238
61
55
63
33
43
61
28
44
42
42
59
40
260
31
42
261
35
44
55
38
118
59
32
73
248
41
33
51
63
185
55
44
227
28
53
226
63
49
65
65
28
263
41
81
70
47
28
261
68
261
53
32
68
76
43
258
44
241
24
34
54
71
254
43
66
26
73
24
43
250
252
71
209
42
57
29
36
63
42
247
26
51
197
52
238
63
57
205
46
64
392
108
85
257
475
454
132
425
71
325
393
55
85
65
131
131
458
337
58
69
294
130
244
319
104
401
255
462
101
173
338
306
431
398
441
393
344
96
337
69
195
142
311
443
135
185
114
296
276
156
393
320
412
299
92
406
406
465
379
73
75
164
114
477
304
85
356
454
27
359
64
312
132
341
314
150
385
188
316
243
447
486
256
340
33
347
421
296
374
181
439
237
60
54
63
33
43
60
28
44
41
41
58
40
259
30
41
260
35
44
54
37
118
58
32
72
248
40
33
51
63
185
54
44
226
27
53
225
63
49
64
65
28
262
41
81
69
47
27
261
68
261
53
31
67
75
43
258
44
241
24
34
54
70
253
42
66
26
72
24
43
246
252
71
209
41
56
29
36
62
42
246
26
51
197
52
237
63
56
204
46
63
