99
216
446
451
401
445
266
216
203
216
447
403
290
415
216
216
213
221
216
401
61
205
64
445
67
451
349
39
341
34
223
263
430
73
85
97
314
259
85
98
235
77
405
486
475
222
219
224
410
378
203
313
141
330
73
36
240
84
47
216
243
206
221
223
83
400
478
364
392
265
391
184
351
289
57
329
259
158
203
217
210
221
135
366
444
464
402
264
392
300
293
201
77
216
57
138
475
88
242
233
160
72
60
72
87
76
178
59
202
99
82
31
42
190
226
26
76
212
41
104
76
64
245
79
109
107
93
26
104
58
66
34
91
91
106
39
91
55
91
96
69
98
73
98
98
109
124
24
82
25
24
70
33
109
81
82
40
107
238
33
112
48
34
104
31
86
97
216
106
79
37
97
97
115
46
37
91
48
260
91
86
101
24
233
58
62
48
101
29
87
101
80
250
87
82
74
25
107
39
216
446
451
401
445
265
216
203
216
447
403
289
415
216
216
213
220
216
401
61
205
64
445
67
451
348
39
341
33
223
262
430
73
85
97
313
258
85
98
235
77
405
486
474
222
219
224
410
378
202
312
141
330
73
36
240
84
47
215
243
206
221
223
83
400
477
364
396
264
390
184
350
288
57
329
259
158
203
216
209
221
134
366
444
464
402
264
392
299
292
200
77
215
57
138
474
88
242
233
160
72
60
72
87
76
178
58
201
99
81
31
42
189
225
26
75
212
41
104
75
64
245
79
109
107
93
26
104
58
65
34
91
91
106
39
90
55
91
95
69
97
72
97
97
108
124
24
82
25
24
70
33
109
81
81
40
107
237
33
112
48
34
104
31
85
96
216
105
79
37
96
97
115
45
37
90
48
259
91
86
101
24
232
58
62
48
100
28
87
101
80
250
87
81
73
25
107
39
