92
453
432
434
310
310
310
437
339
310
434
335
332
435
396
427
433
342
161
205
368
307
306
431
337
335
431
478
485
397
306
341
338
326
305
427
128
463
136
432
354
427
214
178
304
325
304
418
304
124
231
139
426
485
325
475
139
205
378
303
303
406
259
331
375
250
426
46
216
257
26
321
304
125
165
406
356
55
358
452
178
325
158
188
153
232
113
436
372
487
347
361
341
180
124
183
67
78
54
101
262
27
85
205
156
194
196
259
75
157
191
190
201
136
160
154
168
193
113
184
72
181
88
145
181
175
120
235
223
181
250
135
209
246
146
190
172
205
205
186
256
192
184
214
204
58
195
199
226
175
183
190
244
121
219
144
169
170
223
119
135
233
119
227
223
205
181
202
147
193
196
190
200
185
113
184
178
227
208
210
157
34
169
186
135
452
431
433
309
309
309
437
338
309
433
335
332
435
396
427
432
342
160
204
367
307
306
430
337
335
431
477
485
397
305
340
337
325
304
427
128
463
136
431
353
426
214
178
303
325
304
417
303
124
231
138
425
485
324
474
138
204
377
303
303
406
259
330
374
250
425
46
216
257
25
321
304
125
165
406
356
54
357
451
177
325
158
187
152
232
113
435
372
486
347
360
341
179
123
183
67
78
53
101
262
27
84
204
156
194
196
259
74
156
191
190
200
136
160
153
168
193
112
184
71
181
87
144
181
175
120
235
223
180
249
135
208
246
145
190
171
204
204
186
256
191
184
214
203
57
194
199
226
175
183
189
244
121
218
144
168
170
222
118
134
232
119
226
222
204
181
201
147
192
195
189
199
185
113
184
178
227
207
210
157
34
169
185
134
