88
393
129
129
475
114
85
131
75
325
458
129
257
89
129
132
431
424
57
66
336
97
70
140
99
462
27
394
33
114
141
338
315
129
59
135
298
101
441
129
447
447
67
245
399
255
66
337
173
300
27
298
46
345
131
267
130
379
130
189
306
131
157
448
165
130
111
316
298
322
401
183
131
193
341
487
224
89
45
256
188
344
94
332
392
357
394
381
151
238
117
172
32
61
58
28
40
42
43
136
63
43
160
61
44
28
62
251
35
67
52
51
253
33
259
45
245
73
27
185
34
184
45
246
28
52
28
199
248
261
62
59
215
40
262
49
63
40
24
135
221
226
41
206
211
240
226
61
55
256
66
46
53
236
50
62
65
52
248
76
71
75
209
70
82
251
252
51
37
238
241
121
28
43
55
250
56
393
129
128
475
113
84
130
74
324
458
129
257
88
129
131
430
423
57
66
335
97
69
140
98
461
27
394
33
113
140
337
314
129
59
135
298
101
440
129
446
447
66
245
399
254
66
337
173
300
27
300
45
345
131
268
130
379
130
189
306
130
156
447
164
130
111
315
297
321
401
183
130
193
340
486
224
88
44
256
188
344
93
333
391
356
394
381
150
237
116
172
31
61
57
27
40
41
42
142
63
42
159
60
44
27
62
250
35
66
51
51
252
33
258
44
244
72
27
184
33
183
45
245
27
51
28
199
245
261
61
59
214
39
262
48
63
40
24
135
221
225
40
205
210
239
226
61
54
255
65
46
53
236
50
62
65
51
247
76
70
74
209
70
82
250
251
51
37
238
240
121
27
43
55
250
56
