77
393
85
130
75
475
257
423
114
66
131
453
394
97
86
55
324
400
69
33
465
27
130
431
314
338
337
59
114
42
173
441
396
46
458
67
255
27
140
134
337
100
67
297
294
244
188
316
406
45
157
357
139
110
73
165
306
465
384
342
86
394
447
443
151
256
477
298
378
195
312
455
487
413
485
92
131
394
238
55
31
41
33
63
28
63
251
61
42
45
67
39
59
42
248
52
245
30
259
43
43
31
185
35
45
73
263
63
28
228
221
261
62
40
24
27
247
49
52
261
28
38
59
61
62
258
252
68
43
129
52
31
53
55
46
29
232
66
34
263
41
56
51
252
65
242
73
42
73
55
29
26
77
71
261
392
85
129
75
475
256
422
114
66
130
452
394
97
86
55
324
399
68
32
464
27
129
431
314
337
336
59
114
42
173
441
395
45
458
66
255
26
140
133
336
100
67
296
294
244
187
316
406
45
156
357
141
110
73
165
306
465
384
342
86
393
447
443
150
255
477
298
378
195
312
454
486
413
485
92
131
394
237
54
30
41
33
63
27
63
250
61
41
44
67
38
58
41
247
51
244
30
258
42
42
30
184
35
44
73
262
62
28
227
220
260
61
40
24
27
246
48
52
260
28
37
58
61
61
258
251
67
42
164
52
31
53
55
46
29
231
65
33
262
40
56
50
252
65
241
72
41
72
55
28
25
77
71
261
