70
370
59
108
481
268
371
412
177
168
370
154
186
257
289
289
182
59
195
371
62
284
429
371
322
353
76
283
296
370
388
338
174
160
287
190
373
455
140
406
213
312
29
134
387
286
47
174
259
286
477
343
372
480
212
332
455
442
276
430
278
356
164
73
172
237
25
239
213
241
259
47
111
117
108
182
27
54
184
53
65
109
114
186
26
38
47
121
46
94
101
106
101
75
56
57
118
48
178
255
97
254
194
141
255
126
106
94
114
44
50
57
55
172
76
85
39
127
33
95
120
54
116
98
40
59
75
149
207
47
182
101
112
189
147
226
115
204
121
48
49
369
58
107
480
267
370
411
176
167
369
153
185
256
288
288
181
58
194
370
61
283
428
370
321
352
75
282
295
369
387
338
173
159
286
189
372
454
139
405
212
311
28
133
386
285
46
173
258
285
476
342
371
479
211
331
454
441
275
429
277
355
163
72
171
236
24
239
212
240
258
46
111
117
108
181
27
54
184
53
65
108
113
185
26
38
47
120
45
94
101
105
101
74
56
57
117
47
178
255
97
254
193
141
255
126
106
94
113
43
50
57
54
171
76
84
38
127
32
95
120
54
116
98
39
58
74
149
206
47
181
100
111
188
146
226
115
204
121
48
48
