90
451
446
266
207
401
451
404
445
221
415
293
401
64
447
212
67
70
42
222
205
217
36
486
60
73
350
97
235
263
39
141
98
84
478
313
259
430
406
341
85
406
378
240
475
222
77
219
223
314
444
84
243
66
158
364
220
351
223
329
210
222
259
331
201
197
203
396
135
83
393
264
292
367
138
202
57
193
264
56
292
403
464
391
181
205
377
233
446
383
365
60
72
76
56
72
107
82
87
76
42
29
41
64
97
26
79
102
109
58
76
160
81
73
104
91
107
109
96
66
93
70
91
55
86
42
91
37
28
26
91
98
82
82
98
98
69
109
125
24
236
40
33
119
91
97
46
97
34
46
91
86
37
32
102
210
46
30
101
104
101
106
89
24
82
25
87
52
48
115
39
62
58
80
34
112
72
39
251
103
108
450
446
266
207
400
451
403
444
221
415
293
400
64
446
211
66
70
41
222
204
216
35
486
60
72
349
96
235
263
38
141
97
83
477
312
259
430
406
340
85
405
378
240
475
222
77
218
223
314
444
83
243
66
157
363
220
350
223
329
210
222
259
330
201
202
203
395
134
83
392
263
291
367
138
201
57
193
263
55
291
402
464
390
181
204
376
233
445
382
364
59
72
76
55
72
106
82
87
75
42
29
40
64
97
26
79
102
109
58
75
160
81
72
103
91
107
108
95
66
92
70
91
55
85
42
90
37
28
25
90
98
82
82
98
98
69
108
124
24
235
39
33
118
90
96
46
97
34
45
91
86
37
31
101
212
46
29
100
103
101
105
89
24
81
25
87
52
47
114
38
61
57
79
34
112
71
38
251
102
108
