87
453
431
161
310
310
310
437
434
310
310
331
332
338
434
340
434
434
307
433
433
434
434
335
427
306
205
307
431
428
342
327
396
478
214
338
341
485
305
432
326
304
304
431
432
303
177
259
205
485
304
121
406
150
163
331
378
232
250
304
325
26
42
216
321
304
187
463
356
162
158
134
54
272
253
257
270
231
229
177
153
245
461
219
134
193
304
487
179
121
192
81
54
67
101
85
30
43
207
156
166
48
262
24
34
154
184
75
197
61
196
250
166
190
136
154
208
154
168
178
184
146
181
144
72
117
133
178
244
259
144
111
190
199
221
175
60
205
188
121
188
182
144
184
184
170
176
195
119
122
136
227
220
187
183
147
203
112
215
192
263
190
233
222
227
196
189
178
238
207
161
178
200
234
33
452
431
160
310
309
310
437
433
309
310
330
332
338
434
340
434
434
306
432
432
433
433
335
427
305
204
307
431
428
341
326
395
477
213
338
341
485
304
432
326
304
303
431
432
303
177
259
205
484
304
121
405
149
162
331
377
231
249
304
324
26
42
215
321
304
187
462
355
162
158
133
54
271
252
257
269
231
228
176
153
245
458
218
133
193
303
486
179
120
191
81
54
67
101
85
29
42
207
156
166
48
262
24
34
154
184
75
197
61
196
252
165
190
136
153
207
154
168
178
183
145
181
144
72
117
133
177
244
259
144
111
189
199
221
174
60
204
188
120
188
182
143
184
184
169
176
195
118
121
135
227
220
186
182
146
203
112
214
191
262
189
232
221
226
196
189
178
237
207
160
178
200
234
33
