44
309
423
305
80
310
428
237
243
425
426
305
90
331
433
365
387
359
306
302
53
304
212
64
459
307
304
370
245
159
369
192
184
331
384
444
74
249
431
458
473
66
125
434
241
44
91
103
76
55
77
179
251
226
36
127
77
138
154
140
81
49
116
80
174
166
179
101
97
252
179
46
240
71
121
122
180
116
128
84
110
77
143
87
94
65
111
90
37
297
411
293
68
298
415
227
232
413
413
293
78
319
421
353
374
346
293
290
40
292
199
52
446
295
291
357
233
147
356
180
173
318
372
432
62
236
419
445
460
54
113
421
229
44
90
102
76
55
77
179
250
225
30
127
76
138
153
139
75
49
116
80
174
166
179
100
96
257
179
45
240
70
121
122
180
116
127
84
110
76
143
87
93
64
110
90
36
