82
452
432
428
310
162
310
310
434
311
310
434
339
335
338
437
434
335
434
434
307
331
306
205
433
307
428
431
431
327
485
306
326
338
366
305
432
304
304
341
304
259
345
326
205
210
328
485
150
216
26
324
462
406
232
184
321
122
178
250
46
232
134
304
161
361
325
158
348
304
54
375
303
153
250
245
134
244
487
487
262
161
42
180
124
229
54
191
34
67
85
24
78
34
262
151
166
101
48
196
70
58
148
207
166
190
184
136
195
113
154
162
72
88
175
182
202
117
135
205
244
141
256
224
156
186
175
149
263
61
189
136
119
148
180
121
184
191
228
188
201
170
119
227
215
176
204
147
197
112
166
216
192
168
226
178
132
196
178
238
34
49
212
255
176
452
431
427
310
161
309
310
434
311
310
434
338
335
337
436
434
335
434
434
307
330
305
204
433
306
428
430
430
326
485
306
326
337
361
304
431
303
303
341
303
258
345
326
204
210
327
485
149
216
25
324
462
405
231
183
321
122
177
249
45
232
133
304
160
361
324
157
348
304
54
374
303
152
249
244
133
244
487
487
262
161
42
180
123
222
53
191
33
67
84
24
77
33
262
151
165
101
47
196
69
57
147
207
166
189
184
135
194
113
153
161
71
87
175
182
207
117
134
204
243
141
255
224
155
185
174
149
262
61
189
135
118
147
179
121
183
190
228
187
200
169
119
227
214
175
203
146
197
112
165
216
191
168
226
177
132
195
177
238
33
49
212
254
176
