83
453
432
434
338
310
310
310
434
339
311
437
310
335
427
434
435
434
433
335
307
433
396
431
368
307
306
478
336
485
431
327
345
305
326
397
338
432
427
427
341
214
354
327
304
431
418
326
303
325
426
475
485
406
304
304
378
216
324
26
375
426
226
463
304
250
272
406
54
321
304
41
158
372
232
305
452
253
364
361
257
436
42
485
180
123
183
166
54
70
81
85
262
24
101
43
151
259
48
193
37
75
205
151
64
198
154
201
136
166
184
193
72
113
165
156
120
175
181
182
133
246
235
140
146
207
262
205
144
186
186
244
205
204
199
60
121
190
259
184
136
148
119
168
220
190
181
176
170
263
202
192
227
220
122
113
157
227
110
192
190
211
147
234
210
176
49
452
432
433
337
310
310
310
434
339
311
437
310
334
427
434
434
434
433
334
307
433
395
431
368
306
305
477
336
484
431
326
345
305
325
396
337
432
427
426
340
214
354
327
304
431
417
325
303
324
426
474
485
406
304
304
378
216
323
26
374
425
225
463
304
249
271
406
53
321
304
40
158
371
231
305
452
253
363
360
257
435
42
485
179
123
182
165
54
70
81
85
262
24
101
43
150
259
47
192
36
75
204
150
63
198
154
201
135
165
184
192
71
113
164
155
120
174
180
182
133
246
234
139
145
207
262
205
144
186
186
244
204
204
199
60
121
190
258
183
135
147
119
167
220
190
180
175
169
262
202
192
226
219
122
113
156
226
110
192
189
211
147
234
209
176
49
