93
394
129
476
76
89
258
129
85
129
131
325
114
458
458
129
424
129
132
56
431
69
27
136
336
319
34
140
129
98
245
114
97
66
101
46
66
300
55
41
394
476
466
173
129
446
441
255
67
337
141
399
306
298
130
399
196
47
111
130
394
479
276
338
46
345
92
73
131
313
36
157
194
316
379
448
130
165
184
407
298
151
381
131
344
393
487
357
256
487
223
94
455
341
238
117
34
41
43
63
136
58
172
30
42
61
41
259
148
28
158
61
59
44
52
260
246
35
32
245
51
184
253
59
73
64
249
52
239
62
40
49
263
42
24
31
63
199
261
28
40
260
49
27
228
55
28
211
215
65
224
50
259
53
263
261
185
250
226
76
31
41
255
235
66
75
62
240
46
229
53
75
258
65
56
250
71
238
258
70
42
51
53
82
241
73
121
393
129
476
75
89
257
128
84
129
130
325
113
457
457
129
424
129
131
56
430
68
27
135
335
318
34
139
129
97
245
113
97
65
101
45
65
299
55
41
393
476
466
173
128
445
440
255
66
336
141
398
305
297
129
399
196
47
110
129
393
478
276
338
46
345
91
73
131
313
36
156
194
315
379
447
129
165
184
406
297
151
380
131
344
392
486
356
256
486
222
93
454
340
237
117
34
40
43
62
136
58
171
29
41
61
41
259
147
28
158
61
59
43
52
259
245
34
32
244
51
183
253
58
72
63
249
51
238
61
40
48
262
42
24
30
62
199
260
28
40
260
48
26
228
55
27
210
215
64
223
50
258
52
262
261
185
249
226
76
30
41
254
234
65
74
62
239
45
229
52
74
257
64
55
249
71
238
258
70
41
50
52
81
241
73
121
