77
432
161
427
309
310
434
339
310
335
452
437
434
427
434
338
307
433
335
396
433
308
431
434
485
338
336
367
394
434
305
431
305
477
327
431
214
304
326
304
304
417
485
328
325
355
150
216
204
41
427
26
232
405
54
406
158
250
134
303
356
153
462
272
232
178
120
162
304
348
194
487
164
357
134
253
485
261
124
192
259
85
70
85
262
30
154
180
101
24
246
48
166
157
64
205
198
74
136
157
194
72
181
193
201
187
184
117
113
169
184
165
141
146
244
186
259
205
188
61
263
204
207
188
136
178
122
205
119
184
119
192
202
113
170
215
180
147
178
181
263
227
201
188
203
231
169
200
34
182
195
178
193
49
209
432
161
427
309
309
433
338
309
335
452
437
434
427
434
337
306
432
335
396
432
307
430
434
485
338
335
366
393
434
304
430
304
476
327
431
214
304
325
303
303
417
485
327
325
355
149
215
204
41
427
26
231
404
54
406
158
250
134
302
355
153
461
272
231
177
119
162
303
348
193
486
163
357
133
252
485
261
123
191
258
85
70
85
261
30
154
180
101
24
246
48
165
156
63
204
198
74
136
156
194
72
181
193
201
187
184
116
113
169
183
165
140
146
244
185
259
205
187
60
262
204
207
188
135
175
121
205
118
183
118
192
201
113
169
214
180
147
178
180
262
227
201
187
202
231
168
200
34
182
195
177
192
48
209
