86
370
367
58
370
367
200
369
106
175
288
366
186
429
288
370
220
282
317
288
370
282
283
368
367
367
367
304
370
152
59
167
356
314
282
60
213
257
337
274
407
346
253
254
327
285
165
414
394
75
284
454
175
192
320
285
284
325
385
212
45
77
210
478
385
190
356
452
157
133
480
173
116
286
260
259
164
180
335
283
371
297
138
454
160
293
284
46
141
112
26
120
47
65
118
186
35
130
117
100
24
94
199
119
82
246
36
138
47
257
195
168
156
122
75
115
124
53
57
56
106
102
118
33
84
206
46
55
131
188
86
71
141
56
142
118
95
88
198
128
126
166
84
56
77
47
39
90
197
117
96
45
100
193
48
172
106
129
119
258
174
43
82
42
127
155
106
194
114
76
203
119
198
370
367
58
369
367
200
369
106
175
287
365
185
428
287
369
220
282
316
285
369
281
283
368
367
367
367
303
369
152
58
166
356
314
282
60
213
256
337
274
406
346
252
253
327
284
164
413
393
74
284
454
174
191
320
285
284
325
385
211
45
76
210
477
385
189
356
451
156
133
480
172
116
286
260
259
163
180
335
283
370
296
137
454
159
293
284
46
140
111
25
120
46
64
117
186
34
130
116
99
24
93
199
119
82
233
35
138
46
257
194
167
155
122
74
114
123
53
56
55
106
102
118
33
84
205
45
54
130
188
86
71
141
56
141
118
95
88
198
127
126
165
83
56
77
46
39
90
197
117
96
44
100
193
48
171
105
128
118
257
173
42
82
41
127
155
105
193
113
76
203
118
197
