91
451
266
446
216
401
445
209
294
452
404
216
214
221
206
67
70
414
401
64
406
350
35
73
223
447
263
141
97
430
85
341
43
217
79
36
240
235
379
220
203
206
84
222
330
464
224
85
400
60
410
84
224
157
259
313
221
475
478
266
66
133
444
184
308
195
221
82
210
244
217
364
286
217
266
384
57
403
262
293
351
377
330
89
390
414
296
175
447
391
139
278
61
76
72
160
72
87
59
29
107
82
175
26
76
76
79
102
42
41
61
98
108
100
91
58
97
66
70
109
37
55
26
112
232
69
80
82
96
82
109
25
109
40
98
33
60
34
91
31
101
24
104
124
88
91
42
44
98
86
106
119
101
236
37
28
52
86
79
91
25
244
97
95
256
55
100
87
62
42
39
97
72
46
25
90
88
85
25
262
80
82
79
450
265
445
215
400
444
208
293
451
403
216
213
220
205
66
69
413
400
63
405
349
35
72
223
446
262
140
96
429
84
340
43
216
78
35
239
234
378
219
202
205
83
221
329
463
224
85
399
59
410
84
223
156
258
313
221
474
477
265
65
132
443
184
307
194
220
82
209
243
217
363
285
216
265
383
56
402
261
292
350
376
329
88
389
413
296
175
447
390
138
277
60
75
72
159
72
87
58
29
106
81
175
26
76
76
79
102
41
41
61
97
107
99
91
58
96
65
69
108
37
55
26
112
231
69
79
81
95
82
108
25
108
39
98
32
60
34
91
31
101
24
103
123
87
91
42
43
97
85
106
119
101
235
37
27
52
86
79
90
25
243
97
95
256
54
100
87
62
41
39
97
71
45
24
89
88
84
25
261
79
81
78
