76
393
476
86
258
325
114
132
425
132
454
76
89
132
245
337
394
56
27
70
136
48
459
432
319
463
59
101
66
66
299
97
441
256
174
40
114
380
398
339
306
299
403
104
394
93
196
164
443
344
192
111
337
393
313
412
341
476
317
466
67
27
86
478
298
78
157
407
188
487
313
136
420
455
357
344
132
238
34
55
63
42
61
28
28
61
43
41
41
42
59
35
42
59
260
52
246
239
261
44
32
33
45
52
62
262
40
64
28
41
63
229
71
242
228
185
55
29
247
74
53
76
65
54
41
226
75
50
50
261
261
34
209
24
62
44
251
24
66
252
65
25
68
258
37
53
249
81
63
74
37
238
71
392
476
86
258
324
114
131
424
131
453
76
88
131
244
336
394
56
27
69
135
48
458
431
318
463
59
101
66
65
299
97
441
256
173
43
114
379
397
339
305
299
402
104
394
93
196
164
442
344
191
111
336
392
313
411
340
475
317
466
66
27
86
477
298
78
156
406
188
486
313
135
420
455
356
344
132
238
33
55
63
42
60
27
28
60
42
40
41
42
59
35
41
59
260
52
245
238
261
43
32
33
45
51
61
261
39
63
27
41
63
220
70
241
228
185
54
28
247
73
53
76
65
54
41
225
74
49
49
260
260
34
209
24
61
44
250
24
65
252
65
24
67
257
37
52
248
80
62
73
36
238
70
