91
129
393
476
132
258
85
114
454
129
129
132
129
425
76
129
325
89
56
27
337
132
394
245
70
136
34
48
319
459
66
299
431
59
100
463
130
394
380
256
174
98
114
101
66
299
399
441
37
130
42
403
130
306
407
130
93
480
131
46
338
46
164
339
443
94
131
193
276
317
382
313
466
189
111
104
90
66
298
412
73
157
393
188
446
400
455
357
449
385
407
344
117
238
33
28
63
58
61
43
130
172
61
140
28
41
161
42
41
59
260
35
43
42
59
52
246
245
239
32
259
62
40
44
45
256
33
184
53
240
41
63
65
71
52
262
29
228
28
235
208
263
247
196
55
258
226
76
263
256
250
49
221
54
185
41
244
236
75
261
62
250
258
44
61
50
75
254
250
65
29
31
68
261
37
235
215
74
37
260
32
43
238
128
392
476
132
257
85
114
454
129
128
131
128
425
76
128
324
89
56
27
336
131
394
245
70
136
34
48
319
459
65
298
430
59
100
463
129
394
380
255
174
98
114
101
65
298
399
440
37
129
42
403
129
306
407
129
93
480
131
46
337
46
164
338
442
94
131
192
275
316
381
312
465
188
111
104
90
65
297
412
73
157
392
187
446
400
455
357
448
385
406
343
117
237
33
28
63
57
61
42
130
172
61
139
27
41
160
41
41
59
259
35
42
42
58
52
246
244
238
32
259
62
40
44
45
255
33
184
53
240
40
63
64
71
51
261
28
227
28
234
208
262
246
195
54
257
225
75
262
255
249
49
220
54
184
41
243
235
74
261
62
249
257
44
60
49
74
253
249
64
28
31
68
260
37
234
214
73
37
260
31
43
237
