70
452
432
161
310
310
434
310
434
435
339
335
437
338
396
434
434
425
367
477
431
431
327
397
485
338
306
305
463
427
427
417
341
432
345
354
378
26
485
213
476
150
216
205
426
426
324
325
361
406
184
406
121
226
134
46
164
158
54
162
397
348
371
134
250
42
372
245
436
178
452
180
124
192
54
67
85
78
183
194
262
151
101
166
196
70
58
262
202
184
113
154
162
181
72
181
88
117
181
232
246
186
141
135
156
207
184
119
61
152
199
189
136
175
204
220
148
203
147
121
191
199
188
190
215
119
182
112
192
203
171
166
171
178
132
176
157
196
210
201
192
451
431
161
309
310
434
310
433
434
338
335
436
338
396
434
434
425
366
476
430
431
327
397
485
337
306
304
462
427
426
416
341
432
345
353
377
26
484
213
475
150
215
205
425
426
324
325
360
405
183
406
120
227
134
45
163
158
54
161
397
348
370
133
250
42
371
260
435
178
451
180
124
192
54
67
84
78
182
193
261
150
100
165
195
69
58
262
202
183
112
153
162
181
71
181
87
117
180
231
245
186
141
135
155
209
183
119
61
152
199
188
135
172
203
220
148
205
146
121
190
198
188
196
215
119
182
112
192
203
171
166
170
177
131
176
156
196
210
201
191
