53
89
316
315
392
34
393
218
316
485
270
266
109
93
74
422
277
91
347
317
112
231
274
326
475
281
136
439
346
88
93
361
247
251
425
147
459
164
166
319
128
374
387
233
139
337
235
334
349
473
213
136
354
152
117
60
42
43
247
30
59
32
46
31
263
44
34
30
41
56
67
31
200
59
55
42
62
41
32
34
43
56
215
80
42
41
61
64
40
57
40
54
215
60
44
259
70
65
40
34
30
73
31
240
259
244
52
81
308
306
384
24
384
208
308
475
262
258
100
85
67
413
268
83
338
309
103
221
266
317
465
272
127
430
337
81
86
352
236
241
417
138
450
155
157
311
118
364
380
226
132
329
225
326
339
463
205
129
347
143
116
60
41
42
255
29
59
31
48
31
262
44
34
33
40
53
66
31
199
58
55
41
62
41
31
33
42
55
217
79
42
40
57
63
39
56
39
53
214
57
44
258
69
68
39
34
29
72
30
240
259
244
51
