98
401
451
446
216
266
290
445
403
216
415
64
207
447
400
216
216
221
70
205
214
223
349
42
67
452
36
263
216
38
97
60
84
141
430
410
265
235
98
341
444
203
219
85
84
73
313
475
377
405
329
240
79
478
225
210
258
66
216
83
220
300
222
224
400
292
55
184
205
313
377
244
277
364
77
365
135
221
196
391
158
464
200
402
351
216
393
329
477
259
447
264
185
175
57
383
390
365
217
72
61
72
160
76
31
87
82
178
41
64
56
99
41
226
205
77
102
76
26
58
108
109
79
109
81
66
216
94
106
104
55
70
37
24
106
96
88
26
239
25
109
91
40
91
42
98
83
98
33
82
69
86
33
91
91
119
238
104
47
29
98
124
31
90
115
37
109
24
73
25
78
97
81
24
101
87
55
79
91
60
99
62
97
253
101
46
73
37
263
48
50
25
87
105
90
108
263
400
450
445
215
265
289
444
403
215
415
64
207
446
400
216
216
220
69
204
214
223
348
41
67
452
35
262
215
37
97
59
84
140
429
409
264
234
98
341
444
202
219
85
83
73
312
474
376
405
328
239
79
477
225
210
258
66
216
83
220
299
222
224
400
291
54
184
204
312
377
243
277
363
76
364
135
220
195
391
158
463
199
402
350
216
393
328
477
258
447
264
185
175
56
382
390
364
217
71
61
71
160
76
31
87
82
177
41
63
55
99
41
226
210
77
102
76
25
58
108
108
78
108
80
65
215
93
105
103
54
70
36
24
106
95
87
25
239
25
108
90
39
90
41
98
82
98
33
82
69
85
32
91
91
119
238
103
46
29
97
124
30
90
114
37
109
24
72
24
77
96
80
24
100
87
54
78
90
60
99
61
97
253
100
45
73
36
262
48
50
25
87
105
89
108
262
