74
452
432
310
161
310
310
434
311
310
434
335
339
338
437
434
396
335
434
434
205
434
431
431
367
485
306
477
326
338
305
432
304
341
304
354
326
345
304
259
205
210
304
485
150
216
26
324
406
232
184
321
122
250
462
46
325
356
232
134
178
161
158
272
164
54
304
303
250
153
245
244
134
487
487
180
124
54
192
34
67
85
24
78
34
151
262
166
101
48
196
205
70
58
190
184
154
113
201
72
88
184
175
182
117
135
205
141
244
207
195
156
256
224
175
149
190
61
189
136
119
148
121
184
191
227
188
170
180
119
205
147
227
215
201
204
112
263
182
192
216
226
132
178
196
238
178
34
49
452
431
310
161
309
310
434
311
310
434
335
339
338
436
434
395
334
434
434
204
435
431
430
366
484
306
476
325
338
304
431
304
341
303
353
325
345
303
258
204
210
303
485
149
215
25
324
405
231
184
320
122
249
461
45
324
355
232
134
177
160
158
272
163
53
303
303
249
153
244
243
134
487
487
180
123
53
192
33
67
84
24
77
33
151
261
166
101
47
192
204
69
57
189
183
153
113
201
72
87
183
175
181
117
135
205
140
243
207
195
155
256
224
174
149
190
61
188
136
118
147
121
183
190
226
187
169
179
119
204
146
227
214
200
203
111
263
182
191
216
226
132
177
195
238
178
33
49
