92
451
446
216
401
445
403
203
293
216
266
414
221
451
216
42
64
216
213
69
401
447
97
67
349
39
204
223
85
141
36
314
263
219
430
77
98
84
406
73
378
235
59
85
240
258
203
341
475
224
264
222
486
364
221
398
216
293
329
206
223
243
478
66
221
82
330
210
391
158
184
476
351
201
56
292
403
263
377
258
464
277
193
392
203
57
390
382
233
133
138
77
242
60
72
160
72
87
82
59
28
178
76
42
76
107
191
109
61
226
26
103
41
97
109
79
107
93
76
58
55
70
82
39
66
109
34
69
91
40
98
91
82
96
104
91
82
91
25
26
98
124
106
98
73
97
48
31
238
38
46
112
34
33
86
119
86
104
32
91
80
91
37
73
97
101
115
89
62
48
72
37
58
79
52
101
48
87
90
105
39
101
82
81
107
451
445
216
401
444
403
203
292
216
265
413
221
450
216
41
64
216
212
69
401
446
96
66
349
38
204
223
84
141
36
314
262
218
430
76
98
83
406
73
378
234
58
85
239
258
203
341
474
223
263
221
486
364
221
398
216
293
328
205
222
242
477
66
220
82
329
209
390
158
184
475
350
201
55
291
403
263
377
258
464
277
193
392
203
56
389
381
232
133
138
77
241
60
72
160
72
86
81
58
28
178
76
41
75
106
190
108
60
226
25
103
40
97
108
79
106
92
76
57
54
69
82
38
65
108
34
69
91
39
97
91
82
95
104
91
82
90
24
25
98
124
105
98
72
97
48
30
238
37
45
111
34
32
85
118
85
104
31
90
80
91
37
73
96
100
114
89
62
47
71
36
58
79
52
101
48
87
89
105
39
101
82
81
107
