78
452
432
161
309
434
310
310
310
303
310
435
310
304
434
335
434
437
427
434
433
433
433
307
485
397
307
205
431
431
478
345
399
332
432
302
305
427
304
341
431
213
462
476
205
485
426
426
375
417
406
178
232
324
250
216
26
134
303
120
453
150
356
55
436
161
232
42
158
193
164
44
153
42
188
178
134
485
372
180
123
192
85
183
54
75
64
244
43
194
30
256
85
151
24
101
259
43
64
75
54
151
72
198
136
190
113
154
184
156
187
180
133
214
123
232
113
141
144
152
180
196
175
58
217
204
169
189
121
190
184
148
170
137
119
215
224
188
190
188
147
194
208
203
227
122
113
200
182
101
178
176
187
200
178
46
157
452
432
161
308
434
310
309
310
301
310
435
310
303
433
334
434
437
427
434
433
433
433
307
485
396
307
205
430
431
478
345
398
331
432
301
305
426
303
341
431
213
462
476
205
485
425
425
374
417
405
178
231
323
250
216
25
134
302
120
453
150
356
54
436
160
231
41
157
193
164
44
153
42
188
178
134
485
372
180
122
192
85
182
54
75
64
244
43
194
30
255
85
151
24
101
258
43
64
75
54
150
72
198
136
190
112
153
183
156
186
180
133
216
122
232
112
141
144
152
180
196
175
58
216
203
169
188
121
190
184
148
169
136
118
215
220
188
189
188
147
194
207
202
227
122
113
199
182
100
178
176
187
199
178
46
156
