95
451
446
216
266
207
401
451
404
221
445
415
293
42
64
447
401
212
67
222
70
204
36
60
235
350
73
97
39
263
486
341
314
98
478
430
259
84
141
411
85
219
222
406
475
240
224
77
378
313
84
444
243
66
220
329
158
364
351
400
331
223
216
259
201
210
83
265
222
217
135
203
393
264
138
292
292
56
205
464
193
57
377
202
403
181
391
446
447
233
383
277
365
256
53
77
60
72
160
76
56
72
107
82
76
87
42
29
109
64
97
41
26
79
58
102
76
81
104
96
107
91
109
94
66
73
26
39
91
86
34
91
55
70
24
91
109
98
98
98
82
124
69
82
24
40
236
33
119
46
46
91
97
97
31
32
34
244
37
102
91
104
106
86
260
101
46
101
48
82
39
90
115
112
58
52
87
72
25
62
34
80
248
263
39
103
79
108
81
31
80
451
446
215
266
207
400
450
403
220
444
414
293
41
63
446
401
212
66
222
70
204
36
60
234
350
73
96
38
263
485
340
313
97
477
430
259
84
141
411
85
218
221
405
474
239
223
77
377
313
84
443
242
65
219
328
157
364
351
400
330
222
214
258
201
209
83
265
221
217
134
203
392
263
138
292
291
55
205
463
192
56
376
202
402
181
390
445
447
232
383
277
365
256
53
77
60
71
160
76
56
72
106
81
75
87
41
29
109
63
96
40
26
78
57
102
75
81
103
96
106
90
108
93
66
72
25
39
90
86
34
91
54
69
24
91
109
98
98
98
81
124
69
82
24
39
235
32
119
46
45
90
97
97
31
31
34
237
36
102
90
103
106
85
259
100
46
101
47
81
39
89
114
111
57
52
87
71
25
61
34
80
247
262
38
103
79
108
81
31
79
