97
452
432
434
310
338
310
310
434
437
309
339
434
311
435
310
332
331
434
434
433
396
307
166
427
434
205
335
307
368
431
306
431
338
341
478
342
484
326
305
399
304
427
431
427
139
326
122
327
354
304
304
476
214
378
204
304
462
259
426
153
485
325
184
417
406
160
232
26
178
331
136
216
427
250
361
397
304
54
304
231
321
47
153
406
453
272
125
436
305
372
371
250
158
212
253
396
348
180
124
183
54
166
64
75
85
101
85
262
24
24
193
43
156
207
37
48
73
196
151
187
259
61
190
196
136
202
154
166
113
182
142
184
156
72
171
120
184
256
235
141
246
214
181
189
262
209
205
244
196
146
183
178
190
180
224
204
188
61
195
191
186
121
198
184
119
201
144
247
136
223
170
188
174
223
192
176
227
226
119
178
202
192
263
205
210
110
157
171
132
112
158
190
163
169
451
432
434
310
338
310
310
434
437
309
339
434
311
434
310
332
331
434
434
433
395
306
166
427
434
204
335
307
367
431
305
431
338
341
477
342
483
325
304
399
303
427
431
427
139
326
122
327
353
304
303
476
213
378
204
303
461
258
426
153
485
325
184
417
406
160
231
26
178
331
135
216
427
250
360
397
303
54
304
230
321
46
153
406
452
272
125
435
305
371
371
250
158
211
252
396
348
179
124
182
54
165
64
75
85
101
84
262
24
24
192
43
156
206
37
48
73
195
151
186
259
61
189
196
136
201
154
165
113
182
142
184
155
71
170
120
184
255
234
141
245
214
181
188
262
208
205
243
196
146
182
177
189
180
223
203
187
61
195
190
185
121
198
184
118
201
144
247
136
222
170
188
174
222
191
175
227
226
119
177
201
192
262
205
210
109
156
170
132
112
158
189
163
168
