86
393
129
476
114
76
258
85
325
89
131
458
424
132
56
458
68
431
27
317
136
34
336
99
338
114
394
66
399
55
453
46
97
300
42
140
129
245
101
466
441
255
173
337
399
141
67
306
47
299
394
130
37
196
403
69
130
447
111
235
379
92
313
131
316
86
73
448
27
276
194
157
130
184
298
344
131
322
151
381
256
45
223
357
165
89
477
239
118
34
61
41
63
55
42
43
30
41
28
61
59
259
53
44
260
32
246
245
35
253
185
73
42
249
229
49
247
242
64
40
263
51
199
59
52
31
28
40
63
49
215
27
260
55
224
29
53
211
232
65
244
64
259
261
50
258
240
76
255
41
62
66
31
46
24
261
75
66
229
75
65
238
71
52
56
250
51
253
82
42
53
251
252
393
128
476
114
76
258
85
324
89
131
458
424
131
56
458
67
431
26
317
136
34
335
99
338
114
394
65
398
55
453
45
97
300
42
139
129
244
100
465
440
255
172
336
399
141
67
306
47
299
394
128
37
196
402
68
129
446
110
235
378
92
312
130
316
86
72
447
27
275
194
157
129
184
298
344
130
321
150
381
256
45
222
356
165
88
476
239
117
34
61
41
63
54
42
43
30
40
28
61
58
258
52
43
260
32
245
245
35
253
185
72
41
249
228
49
247
242
63
39
262
51
199
58
52
31
28
39
63
49
215
26
260
55
223
28
53
198
231
65
243
63
259
261
50
258
239
75
255
40
61
65
30
45
24
260
74
66
228
75
64
238
71
51
56
249
50
253
81
42
53
250
252
