72
452
432
310
310
161
310
434
434
311
310
434
335
437
434
338
434
434
307
205
307
478
431
427
431
485
306
326
327
305
432
304
340
462
259
304
345
205
210
485
150
216
324
184
476
26
406
232
122
178
250
46
361
232
134
161
158
272
54
164
452
364
153
250
245
134
244
487
487
262
161
42
228
180
124
54
34
192
67
85
183
24
78
34
151
101
48
166
70
58
148
190
136
184
154
259
113
72
88
183
161
117
135
244
141
180
224
260
156
175
149
61
189
136
148
191
199
119
121
184
188
201
170
119
147
227
215
204
112
263
192
182
190
202
178
132
196
178
238
34
49
212
255
176
196
451
431
310
309
161
310
434
433
311
310
434
335
436
434
337
434
434
307
204
307
477
431
425
430
484
306
325
327
304
432
303
340
461
258
303
345
204
210
485
150
215
324
184
475
25
405
231
121
178
249
45
361
232
133
161
158
271
54
163
451
362
153
249
244
134
244
487
487
262
161
42
227
179
123
53
33
191
67
84
183
24
77
33
151
101
47
166
69
57
148
189
136
183
154
258
113
72
87
182
160
117
135
243
141
180
224
260
156
174
149
61
189
136
147
190
198
118
121
183
187
201
169
119
147
227
214
203
111
262
191
181
190
204
178
132
195
177
238
33
49
211
254
176
195
