87
452
432
428
310
161
310
310
434
310
434
434
335
339
338
437
434
335
434
433
434
307
306
205
307
431
431
427
336
327
485
306
326
338
305
432
304
341
304
345
354
326
304
259
205
328
210
304
485
150
216
26
324
232
326
184
321
406
378
462
122
361
250
46
232
325
134
304
178
161
158
272
164
371
304
54
348
303
250
245
153
134
244
487
487
262
161
195
180
124
229
54
192
34
67
85
78
24
34
151
262
166
101
48
205
70
184
58
148
166
190
136
154
113
195
193
162
72
88
175
182
117
135
205
141
244
156
207
195
256
224
175
263
149
190
61
189
136
119
148
184
185
191
227
121
184
181
188
147
170
119
227
205
215
176
201
204
112
263
182
171
216
192
166
226
132
196
178
178
238
34
49
212
255
203
451
432
428
309
161
309
309
433
309
434
434
334
338
337
437
434
334
433
434
433
307
306
205
306
430
431
427
335
326
485
305
325
337
305
431
304
340
304
344
353
325
303
258
205
327
209
304
485
149
216
26
323
232
325
183
321
406
379
461
121
360
250
46
231
324
133
304
178
161
157
272
163
371
303
53
347
302
250
245
153
133
243
487
487
261
161
194
180
124
232
54
191
34
66
85
78
24
34
150
261
165
100
48
205
70
183
58
148
166
190
136
154
112
194
193
161
71
87
175
181
116
134
204
140
244
156
207
195
255
223
175
262
148
190
60
189
135
119
147
184
185
190
227
120
178
181
188
147
170
118
226
205
215
176
200
204
112
262
182
170
215
191
165
225
131
196
178
177
238
34
49
211
255
203
