97
452
432
434
310
338
310
310
434
437
309
339
434
311
435
310
332
331
434
434
433
396
307
427
434
205
166
335
307
368
431
306
431
338
341
478
342
122
484
326
305
399
427
304
431
427
326
327
354
304
304
214
476
378
204
304
259
462
426
485
184
135
325
150
417
178
406
232
26
331
216
427
250
166
361
397
54
304
231
91
304
321
47
406
155
453
272
436
305
153
372
371
250
125
158
212
396
253
180
124
183
54
166
64
75
85
101
85
262
24
24
193
43
156
207
37
48
73
196
151
259
61
190
187
196
136
202
154
166
113
182
142
184
156
190
72
171
120
184
235
256
141
246
181
262
209
205
244
146
196
183
178
190
224
180
204
61
191
211
195
188
186
201
121
184
119
144
136
223
170
197
188
174
192
223
227
197
176
226
119
202
200
192
263
210
110
178
157
171
132
205
112
158
163
190
452
432
434
310
338
310
310
434
437
309
339
434
311
435
310
332
331
434
434
433
395
307
426
434
204
165
335
307
367
431
305
431
338
341
478
342
121
484
326
305
398
426
304
431
426
326
327
354
304
304
214
475
378
203
303
259
462
425
485
184
136
325
150
417
178
406
232
26
331
216
426
249
166
361
396
54
304
231
91
304
321
47
405
154
453
271
435
305
152
372
371
250
124
158
212
395
252
180
124
183
54
166
64
75
85
101
85
262
24
24
192
43
156
207
37
48
73
196
150
259
61
189
186
196
136
202
154
165
113
182
142
183
156
189
72
171
120
183
235
256
141
245
181
262
209
205
244
146
195
183
178
189
223
180
204
61
190
210
195
187
186
201
120
183
119
144
136
223
169
196
188
173
192
222
226
196
175
226
119
202
200
192
262
209
110
178
157
171
132
204
112
158
162
189
