79
452
432
434
161
331
310
310
310
310
434
331
437
311
435
434
434
337
434
433
307
434
427
205
478
306
307
431
431
485
305
369
150
427
432
427
214
418
341
304
476
259
485
397
426
462
184
356
205
121
216
426
406
42
26
158
250
321
453
178
303
134
258
232
54
162
232
164
331
436
153
42
250
372
245
487
29
212
487
152
180
124
183
192
204
54
81
34
67
85
153
101
24
193
24
34
166
48
75
154
64
259
190
184
166
136
113
154
72
117
187
189
232
135
243
146
186
142
244
196
224
60
175
204
180
191
147
175
188
136
220
121
122
119
113
170
146
190
201
217
215
234
227
192
203
184
182
143
208
178
176
132
157
195
34
196
158
49
207
451
431
433
161
331
310
310
309
310
434
331
437
311
434
434
434
337
434
433
307
434
427
204
478
305
306
430
431
485
304
369
149
427
431
426
213
418
341
303
475
258
485
396
426
461
184
355
204
121
215
426
406
41
25
157
249
320
452
178
302
133
257
231
54
162
232
163
330
436
152
41
250
371
245
486
29
211
487
152
179
124
182
191
203
53
81
33
67
84
152
100
24
193
24
34
166
48
74
154
63
259
190
183
165
135
113
153
72
116
190
188
231
135
243
146
186
141
244
196
224
60
174
203
179
190
146
175
188
136
219
121
122
118
112
169
146
190
201
210
214
233
227
191
202
183
181
142
208
178
176
131
157
195
34
195
157
49
207
