90
452
432
434
310
310
338
437
434
310
166
435
332
434
332
310
434
434
339
427
433
307
396
205
433
335
431
307
306
368
338
478
341
431
342
326
485
305
396
431
214
427
427
326
378
304
304
304
476
204
354
462
327
426
259
178
417
487
304
325
27
405
232
331
321
216
427
178
250
361
304
372
272
487
453
55
361
47
193
188
375
436
358
305
231
250
253
212
42
348
158
180
124
183
54
67
166
101
85
81
187
193
156
24
207
43
37
48
262
259
73
151
196
190
62
196
154
136
166
202
182
184
142
113
156
171
72
120
178
141
146
235
246
181
184
205
244
256
196
178
209
180
263
204
224
190
186
62
190
195
119
119
184
144
226
136
223
200
170
188
220
157
263
52
191
192
147
119
202
184
168
210
198
110
227
132
190
158
176
169
112
451
431
434
309
309
337
437
434
309
166
434
332
434
332
309
434
434
338
427
433
307
396
204
432
335
430
307
306
368
338
477
340
431
342
326
484
305
396
430
214
426
427
326
378
304
304
303
475
204
353
461
327
426
258
177
416
487
304
325
26
405
232
331
320
216
426
177
249
360
304
371
272
487
452
55
361
46
193
188
374
435
357
305
231
250
252
211
42
348
157
179
123
183
53
66
165
101
85
81
186
192
155
24
206
42
37
48
262
259
73
150
196
189
62
195
153
136
165
201
182
183
142
113
155
170
72
120
178
140
145
234
245
181
184
204
243
255
195
177
208
180
262
204
224
189
186
62
189
194
118
119
183
144
225
135
222
199
170
188
220
157
262
52
191
192
147
118
201
183
167
209
197
109
227
132
189
157
176
168
112
