75
452
432
161
309
434
310
310
310
310
435
310
434
335
434
437
434
433
427
307
433
433
485
397
307
205
431
306
431
477
399
326
432
305
427
302
304
427
340
431
213
462
476
378
205
485
369
426
417
426
178
406
232
324
216
26
264
134
120
453
150
55
161
436
42
407
158
193
164
44
153
41
188
396
178
134
180
123
192
85
183
54
75
64
43
194
30
85
151
24
101
43
64
259
151
75
54
72
198
136
190
113
169
154
184
187
175
133
123
232
217
113
243
141
144
152
180
196
183
175
58
202
217
189
204
190
121
184
148
137
119
212
215
188
190
188
194
203
208
122
199
113
200
182
101
178
175
184
163
200
178
451
432
161
309
433
310
309
310
310
434
310
434
334
434
436
434
433
427
306
433
433
485
396
306
204
430
305
431
477
398
325
432
305
426
299
304
426
339
431
213
462
476
378
205
485
369
425
416
425
178
405
232
323
215
26
263
133
120
452
150
54
161
435
41
406
158
192
164
43
153
40
187
396
177
134
179
123
192
84
182
54
74
63
43
193
30
84
151
24
101
43
64
259
150
74
54
72
198
136
189
113
168
153
183
186
172
133
122
231
210
113
243
140
144
151
180
195
183
175
58
198
217
188
203
190
120
184
147
137
119
209
214
188
190
188
193
203
208
121
199
113
200
182
101
178
175
183
166
199
178
