97
452
432
161
434
338
310
310
434
335
310
311
310
426
331
434
435
339
437
434
434
396
433
307
369
205
335
431
307
478
53
307
431
327
485
338
305
326
427
432
399
345
341
214
427
327
303
305
356
326
417
204
431
304
304
259
426
304
378
485
476
216
184
463
406
226
26
304
397
427
324
250
161
163
321
325
375
359
272
47
372
69
406
153
232
150
158
361
253
137
436
212
452
45
348
485
124
178
180
123
192
183
166
67
54
85
151
81
24
43
262
207
24
194
262
101
48
37
196
67
148
202
190
196
154
160
184
189
136
113
162
72
182
117
175
235
133
184
156
141
146
246
262
244
171
205
186
186
178
144
259
205
224
204
190
184
60
196
136
191
181
121
187
119
220
174
223
148
170
204
182
227
196
168
195
263
119
157
238
202
178
228
188
113
147
190
196
210
158
192
176
169
49
194
201
451
431
161
434
338
310
310
434
335
310
311
310
425
330
434
435
338
437
434
434
395
433
307
368
205
335
430
306
478
52
307
431
327
485
337
305
325
427
431
399
345
341
213
426
326
303
304
355
325
417
203
430
303
304
259
426
304
378
485
475
216
184
463
405
225
25
304
397
427
324
250
161
162
321
324
374
358
272
46
371
70
406
152
231
150
158
361
253
136
435
211
452
44
348
485
124
177
179
122
191
183
165
67
54
85
151
81
24
43
261
206
24
194
262
101
48
37
195
67
148
202
189
195
153
159
184
189
136
113
161
72
181
117
174
234
132
183
156
141
145
246
262
244
170
204
185
186
178
143
258
205
223
204
189
183
60
196
135
190
180
121
187
118
220
174
222
148
169
204
181
227
195
167
194
262
119
156
240
202
178
227
188
113
147
190
196
210
158
192
176
168
49
194
201
