94
216
446
401
451
445
266
216
203
216
403
216
415
447
213
221
42
290
216
401
61
205
451
67
64
349
39
341
223
263
73
430
97
85
85
378
259
77
314
235
411
444
224
222
405
220
203
73
486
330
240
36
84
475
216
243
313
264
329
223
289
364
206
221
400
184
477
351
83
55
391
65
446
203
259
447
210
217
402
366
221
201
264
464
300
475
392
377
77
294
217
368
242
57
88
160
72
72
60
87
76
178
59
202
82
226
42
99
26
76
109
31
212
41
104
76
109
79
64
107
93
26
58
66
91
34
106
55
91
82
91
69
39
96
24
236
125
98
98
109
25
109
73
33
82
81
40
97
238
33
24
106
46
34
97
97
112
48
31
37
86
97
101
115
79
119
251
48
37
263
91
260
62
24
86
102
48
58
29
74
101
72
80
87
250
111
107
87
25
216
445
400
450
444
266
216
203
216
402
216
414
446
213
221
41
290
216
400
61
205
450
66
64
349
38
341
223
263
72
430
96
85
84
378
259
76
314
235
411
443
223
222
404
220
203
72
486
330
240
36
84
475
216
243
313
264
329
223
289
363
206
221
400
184
477
351
82
55
390
64
446
203
259
446
210
217
401
366
221
201
264
464
300
475
392
376
76
294
217
368
242
56
88
160
71
72
59
86
76
178
59
201
82
226
41
98
26
76
108
31
212
40
103
76
109
79
64
107
93
26
58
66
91
34
105
55
91
81
91
69
39
96
24
235
124
98
97
109
25
108
72
33
82
81
40
96
238
33
24
106
46
34
97
96
112
48
31
36
86
97
100
115
79
118
253
48
37
262
91
260
61
24
86
102
48
58
29
74
101
71
80
87
250
111
106
87
25
