99
452
432
434
310
310
338
310
434
437
309
339
434
311
435
310
335
434
331
434
433
396
307
427
205
434
166
335
307
368
431
122
306
431
338
478
345
305
484
326
399
427
304
327
427
431
327
326
341
354
126
476
304
213
304
378
462
485
304
204
258
184
325
434
324
417
406
226
426
26
216
250
360
139
110
397
232
79
54
304
47
406
260
304
272
178
453
321
153
74
113
375
372
356
305
160
118
91
158
150
180
124
183
54
64
166
75
85
101
85
262
24
24
193
43
151
37
207
48
73
196
151
259
190
61
187
196
136
202
154
190
166
113
182
184
156
120
72
171
184
235
256
161
246
141
262
183
141
209
210
196
205
152
244
184
180
61
190
178
227
191
195
208
148
186
121
190
220
119
136
170
188
214
241
174
228
249
192
226
119
202
216
176
263
201
192
226
178
233
208
168
157
147
110
198
180
197
112
189
452
432
433
310
310
338
310
434
437
309
338
434
311
434
310
335
434
331
434
433
396
307
427
205
434
165
335
307
368
431
122
305
431
337
477
345
305
484
326
399
426
304
327
426
431
326
325
341
354
126
476
303
213
304
378
462
485
303
204
258
184
324
433
324
416
406
226
425
26
216
249
360
139
110
397
231
79
54
304
47
405
260
304
272
178
453
320
152
74
113
375
372
356
304
159
118
90
158
149
180
124
182
54
64
166
75
85
101
84
262
24
24
192
43
151
37
206
48
73
196
150
259
190
61
186
196
135
202
154
189
165
113
182
184
156
120
72
171
184
234
256
161
246
141
262
183
141
209
209
196
204
152
244
184
180
61
189
177
226
191
195
207
148
186
121
190
220
119
136
169
187
213
240
174
227
249
191
225
119
202
215
175
262
200
192
226
178
233
207
168
157
147
110
198
180
197
112
188
