96
446
451
216
401
207
445
403
266
415
221
451
293
401
213
216
64
216
263
70
205
447
222
42
67
447
60
314
410
349
97
39
73
430
141
84
36
98
240
235
85
258
77
444
84
219
378
406
341
475
222
224
203
486
364
330
217
223
399
293
220
244
264
329
478
221
82
210
206
158
351
201
184
402
366
285
464
65
242
259
476
217
391
277
392
55
193
418
264
138
390
296
133
377
203
57
382
72
60
160
72
56
87
82
76
42
76
107
28
41
26
226
64
214
66
102
76
97
58
109
79
260
104
39
24
107
109
93
91
34
70
55
81
91
82
96
91
91
69
242
40
109
82
98
26
97
98
124
25
73
97
32
238
34
31
38
46
25
106
46
86
86
104
91
112
91
97
101
37
62
24
95
60
119
36
37
73
259
79
79
101
115
52
77
48
82
90
85
101
72
46
87
105
446
451
216
401
207
445
403
265
414
221
451
292
400
212
216
63
216
263
69
205
446
222
42
66
446
60
313
410
349
97
39
73
429
141
83
36
98
239
234
84
258
76
444
83
218
377
406
340
474
222
223
203
486
363
329
216
222
399
292
220
244
263
329
477
221
81
209
205
158
351
200
184
402
366
284
464
64
241
259
475
216
390
276
391
55
193
418
264
137
389
296
133
377
203
57
381
71
59
160
71
56
87
81
76
42
75
106
28
41
26
225
64
213
65
102
75
96
57
109
79
259
103
39
24
106
108
93
90
34
70
54
81
90
82
96
90
90
69
241
40
108
82
98
26
97
98
123
25
73
97
32
238
33
30
37
45
24
105
45
85
85
104
90
111
90
96
101
37
61
24
94
60
118
35
37
72
259
79
78
100
115
52
77
47
82
90
85
101
71
45
87
105
