91
452
432
434
338
310
310
310
434
339
311
437
310
335
434
427
434
435
434
160
335
433
307
433
396
205
431
368
307
306
478
336
431
485
327
345
305
326
397
338
432
427
427
341
214
354
259
418
431
178
304
426
326
303
325
476
378
485
123
406
304
204
216
324
226
375
462
426
26
139
150
361
406
250
47
321
158
153
54
372
232
305
178
253
361
155
364
452
188
258
485
396
181
123
183
166
54
70
81
85
262
24
101
43
151
24
259
48
193
37
191
205
75
151
64
198
190
154
201
136
166
184
193
113
72
165
156
120
175
181
181
133
246
235
140
146
207
224
186
144
190
205
204
190
244
205
199
184
60
213
121
259
178
136
148
190
168
184
220
119
214
189
190
202
170
119
227
113
178
192
157
227
110
200
190
147
201
211
192
184
234
49
163
451
432
433
338
310
310
310
434
339
311
437
310
335
434
427
434
434
434
160
334
433
307
433
395
204
431
368
307
306
477
336
430
484
326
345
305
325
396
338
431
427
426
340
214
353
259
418
431
178
304
426
325
303
324
476
378
485
122
406
303
203
215
324
225
374
461
425
26
139
150
360
406
249
47
320
158
152
54
371
231
305
177
253
360
155
363
451
188
258
485
395
180
123
182
166
54
70
81
84
261
24
101
43
150
24
259
48
192
37
190
205
75
150
64
198
189
153
201
136
165
184
193
113
71
165
156
120
174
180
181
132
246
235
139
146
207
224
185
143
189
204
204
189
244
205
198
184
60
213
120
258
177
136
147
189
168
183
220
119
220
188
189
202
170
118
226
113
178
192
156
227
110
200
190
146
200
211
191
184
234
49
162
