86
370
368
58
367
370
106
369
305
357
288
257
176
288
59
367
213
200
75
371
267
370
481
434
370
367
186
347
368
325
164
337
60
367
236
395
322
369
285
478
412
305
298
335
385
313
152
283
282
191
282
454
282
273
247
285
257
388
104
167
478
324
455
455
352
78
257
175
40
190
407
373
284
288
29
244
227
271
78
356
132
242
186
286
212
323
452
47
141
111
129
27
118
65
216
56
26
187
184
38
121
119
118
47
118
37
182
94
106
98
75
168
116
56
224
56
141
86
101
156
214
142
86
257
68
96
54
206
180
254
77
55
115
149
139
128
48
88
120
172
193
88
33
102
73
53
117
215
75
98
95
90
50
198
37
47
43
106
107
179
54
128
197
192
76
120
172
177
68
230
47
226
193
370
368
58
367
370
106
369
305
357
288
256
176
288
59
367
213
200
75
371
267
370
481
433
370
367
186
346
368
324
164
337
60
367
235
395
322
369
285
478
412
305
298
335
385
312
152
283
282
191
282
454
282
273
247
285
257
388
104
167
478
324
455
454
352
78
257
175
40
190
407
373
284
288
28
243
226
270
78
356
132
242
186
286
211
323
451
46
141
110
129
26
117
64
216
56
25
187
183
38
120
119
117
47
118
36
182
94
105
98
74
167
115
55
224
56
141
86
101
156
214
142
86
256
67
96
54
205
179
254
77
55
115
149
138
128
48
87
119
172
192
87
33
101
72
52
116
214
75
98
95
89
50
198
36
47
43
105
107
179
53
128
196
192
75
119
171
176
67
230
46
226
193
