38
174
375
180
373
475
43
289
347
255
347
229
164
424
369
287
373
285
354
345
266
32
220
245
50
82
268
452
195
450
33
241
164
475
388
154
302
285
57
44
46
196
34
97
102
24
102
179
92
196
41
90
205
222
68
80
73
46
42
47
42
186
33
84
181
88
195
33
82
169
177
169
35
194
173
182
113
171
375
178
372
476
47
288
349
253
349
228
160
425
367
286
372
285
354
340
263
29
226
245
48
80
265
454
191
448
30
242
164
474
386
154
299
284
59
47
48
196
36
100
104
32
104
181
95
198
44
90
205
227
71
80
75
48
44
50
45
188
35
86
186
90
195
35
85
175
180
169
37
194
181
182
115
