62
370
368
58
176
106
200
369
372
356
59
257
288
370
186
370
75
429
213
281
326
152
480
367
346
60
337
340
227
165
407
478
415
285
369
313
175
385
257
167
190
258
386
354
173
454
78
104
455
40
243
186
372
78
29
133
455
138
257
43
242
211
117
47
141
111
184
118
47
65
118
56
121
185
41
93
116
75
118
101
118
118
56
114
106
156
54
101
86
242
197
141
46
96
56
78
246
55
198
77
31
53
47
41
96
92
127
88
90
73
75
37
128
68
106
76
54
172
98
114
196
117
177
40
120
369
367
57
175
105
199
368
372
355
58
256
287
369
185
369
74
428
212
280
325
151
479
366
345
59
336
343
226
164
406
477
414
284
368
312
174
384
257
166
189
257
385
353
172
453
77
103
454
39
242
185
370
77
28
132
454
137
256
42
241
210
116
47
140
110
183
117
47
64
118
56
118
184
40
92
115
74
117
101
117
118
56
113
105
155
53
100
86
254
196
138
45
96
55
77
246
55
197
77
30
53
47
40
96
92
126
88
89
73
75
36
128
68
106
76
53
172
98
113
195
116
176
39
117
