84
452
432
161
310
310
310
434
311
434
310
435
434
339
335
338
335
437
434
396
434
307
434
425
306
307
367
431
478
431
327
397
485
306
338
326
305
417
427
341
432
304
463
304
326
345
304
259
213
485
304
26
205
476
216
150
426
324
184
361
406
232
321
360
326
386
250
325
232
178
304
46
158
378
272
56
348
118
303
250
253
397
244
452
487
180
124
192
54
34
67
85
24
183
78
194
34
262
151
166
205
101
48
196
70
148
58
262
166
136
202
154
184
113
162
181
72
88
182
175
117
186
246
141
135
244
181
205
195
156
259
224
152
61
190
119
175
199
136
188
204
148
191
147
121
184
227
188
185
190
170
205
227
201
176
119
112
180
263
195
166
213
226
132
190
171
238
192
34
451
431
160
310
309
310
434
311
434
310
435
434
339
335
338
335
437
434
395
434
306
434
425
305
307
366
431
477
430
326
397
484
306
338
325
304
416
427
341
432
303
463
304
326
345
303
258
212
485
303
25
204
475
215
151
426
323
184
360
405
232
321
359
326
385
249
325
232
177
304
45
158
377
272
56
348
126
303
249
253
397
244
451
487
180
124
191
53
33
67
85
24
182
77
193
33
261
150
166
205
101
47
195
70
147
57
262
165
135
201
153
184
112
161
181
72
87
182
174
117
185
245
141
135
243
180
205
194
156
259
224
151
61
189
119
175
198
136
187
204
147
190
146
121
183
227
187
185
190
170
204
227
201
175
119
111
180
262
201
166
206
226
132
190
171
238
191
33
