36
408
362
412
407
409
228
482
143
108
367
482
183
228
368
378
407
255
196
204
313
438
179
193
218
408
329
467
365
241
474
359
304
482
339
427
37
40
37
28
50
63
31
45
242
38
48
34
40
41
62
40
206
54
60
71
62
39
221
71
47
218
40
50
27
46
233
262
246
55
36
49
263
401
356
405
401
403
221
475
136
102
361
476
176
221
361
373
400
249
189
198
306
432
172
187
211
402
323
461
359
234
467
352
298
475
333
420
30
39
35
27
50
62
30
45
241
31
47
33
39
40
61
39
205
53
59
70
62
38
233
71
46
220
39
50
26
46
230
262
245
54
33
48
262
