93
451
446
216
401
445
403
203
293
266
414
216
215
221
213
64
42
451
61
401
447
410
67
349
39
204
223
85
141
263
97
36
219
430
314
98
73
84
77
406
235
378
240
85
341
258
444
203
486
313
222
364
475
218
264
224
221
398
478
329
293
223
73
243
83
221
330
391
210
184
158
476
58
263
292
351
403
365
377
201
258
447
464
277
193
392
203
133
57
390
138
233
382
446
60
72
160
72
87
82
59
28
76
42
209
191
76
26
61
109
107
104
41
97
24
79
107
93
76
58
55
70
66
109
82
109
34
39
91
91
40
69
98
96
82
82
91
26
91
236
25
73
24
98
97
98
259
106
124
48
31
86
46
38
34
109
33
104
86
32
80
91
37
91
73
114
48
89
97
62
24
72
101
37
262
58
79
52
101
48
101
87
90
82
39
105
251
451
446
215
400
444
403
202
293
266
414
216
215
221
213
63
41
450
60
400
446
410
67
348
39
203
223
85
141
263
97
35
219
429
313
98
73
83
76
405
234
377
239
85
340
257
443
202
485
312
222
364
474
217
264
224
220
397
477
328
293
223
73
243
83
221
330
390
210
184
157
475
57
263
291
351
403
365
376
200
258
446
464
277
193
392
202
133
56
389
138
233
381
445
60
72
159
72
86
82
58
28
76
42
211
191
75
26
61
108
106
103
41
97
24
78
106
93
76
57
55
70
65
108
82
108
34
39
90
90
40
69
98
96
82
81
90
26
91
236
25
72
24
98
96
98
258
106
123
48
31
86
46
37
33
108
33
103
85
32
80
91
37
90
73
114
48
89
97
62
24
71
101
37
262
58
79
52
100
47
101
87
90
82
38
105
250
