78
370
59
370
367
176
369
200
106
367
288
221
59
429
370
61
357
370
282
367
167
186
337
368
367
347
283
407
322
481
369
282
153
285
75
190
213
414
257
175
325
275
192
296
253
454
284
386
313
285
160
285
210
77
284
356
46
157
478
165
286
212
455
386
487
133
372
264
452
286
174
429
257
356
164
139
261
429
294
46
111
27
120
185
65
47
118
130
35
199
121
100
93
101
57
75
119
156
53
115
84
206
189
56
47
46
83
106
255
106
114
68
118
44
121
56
33
198
56
206
128
213
188
88
95
77
56
198
203
165
197
90
155
98
39
47
117
141
215
47
76
96
206
172
106
190
193
258
127
47
50
114
82
114
176
83
119
369
58
369
366
175
368
199
105
366
287
220
58
428
369
60
356
369
281
366
166
185
336
367
366
346
282
406
321
480
368
281
152
284
74
189
212
413
256
174
324
274
192
295
252
453
283
385
312
284
159
284
209
76
283
355
45
156
477
164
285
211
454
385
486
133
371
263
451
285
173
428
256
355
163
138
260
428
293
46
110
27
119
185
64
47
118
129
34
198
121
99
92
100
57
74
119
155
52
114
83
202
185
56
46
45
83
105
254
106
114
68
117
44
120
56
33
197
55
205
128
213
187
87
94
77
56
198
202
165
196
89
155
98
39
47
116
141
214
46
76
96
206
171
106
189
192
258
126
46
50
113
81
113
176
83
119
