76
452
432
310
434
310
161
310
338
434
310
434
434
335
339
435
437
434
425
396
434
307
434
369
205
335
306
307
478
431
338
431
485
306
399
305
427
330
341
427
432
327
462
417
345
205
213
485
426
216
324
150
26
184
476
226
272
406
359
122
378
178
361
397
426
46
161
134
361
158
406
375
348
164
54
436
452
180
124
54
183
34
192
67
166
85
78
24
34
151
262
194
101
48
262
196
70
148
58
202
190
196
166
136
184
154
182
113
72
88
184
117
232
207
141
246
135
161
180
190
156
175
152
61
204
136
148
189
119
191
199
190
263
121
196
188
184
201
147
174
220
119
204
215
186
112
202
169
166
182
192
208
190
452
432
309
433
309
160
309
338
433
309
434
434
334
339
435
437
434
424
395
433
307
433
369
204
334
305
307
478
430
337
431
485
305
398
305
427
330
341
427
432
327
461
416
345
205
213
485
425
215
324
149
26
183
476
226
272
406
359
122
377
177
361
396
426
45
160
133
361
157
405
375
347
163
54
436
452
179
124
54
183
34
192
66
165
85
78
24
34
151
262
193
100
48
261
196
70
148
58
202
189
196
163
136
184
153
182
112
71
87
183
116
232
206
141
246
134
161
179
189
156
174
151
60
203
135
148
189
118
191
199
187
262
120
196
188
184
200
146
173
220
118
204
215
186
112
202
169
166
182
192
207
190
