87
453
431
161
310
331
310
310
434
310
437
434
311
332
435
434
338
434
434
311
340
427
433
396
434
335
307
306
431
368
342
327
338
214
341
485
305
399
432
326
354
304
431
432
417
327
304
303
361
184
485
259
121
205
304
406
375
150
331
178
26
378
232
304
250
42
158
325
216
163
397
321
304
356
406
134
162
364
54
244
372
257
254
229
134
396
231
153
180
121
192
81
207
54
67
85
34
101
183
24
156
193
48
166
24
34
44
262
259
75
196
61
196
136
166
154
201
154
168
181
146
144
72
117
184
133
178
207
259
144
111
189
262
244
190
190
191
60
221
188
175
205
121
168
188
144
201
119
184
184
176
170
122
112
195
135
182
174
227
220
147
202
215
203
211
192
196
157
233
193
196
178
160
227
178
452
431
160
310
330
309
310
433
309
437
434
311
332
435
434
337
434
434
311
339
426
432
395
433
334
307
305
431
367
342
326
337
213
341
485
304
398
432
325
353
303
431
432
416
326
303
303
360
183
484
259
121
205
304
406
374
150
330
178
25
377
231
304
250
42
158
324
215
162
397
320
303
355
406
134
161
364
54
243
371
257
253
229
133
395
230
152
179
121
192
81
206
54
67
85
33
101
183
24
156
192
48
165
24
34
43
262
259
75
196
61
196
136
165
154
200
153
167
180
145
143
72
117
183
133
177
206
259
144
111
189
262
243
190
189
190
60
220
188
174
204
120
168
187
143
201
118
184
183
175
170
121
112
195
134
181
174
226
219
146
201
214
203
210
192
196
157
232
193
196
178
160
226
178
