100
452
432
434
309
310
310
338
310
433
434
339
435
311
310
437
335
434
427
434
311
396
434
335
205
433
307
166
307
369
306
431
338
485
431
478
336
345
305
327
121
399
326
432
427
463
427
214
304
354
327
341
304
476
326
431
77
304
259
418
304
204
378
139
485
426
184
216
324
325
272
226
406
426
359
110
232
360
70
250
304
406
397
26
453
47
178
361
150
375
158
304
54
122
372
160
487
253
321
305
348
180
123
183
85
54
64
166
75
86
24
262
194
24
34
101
151
37
259
48
44
196
70
205
190
60
148
187
136
202
166
154
181
72
113
184
193
156
120
165
190
184
178
133
235
181
246
146
259
209
262
140
205
196
193
144
247
244
224
186
190
178
183
214
60
204
191
136
148
204
263
190
121
223
198
241
227
188
230
170
176
202
174
119
192
119
201
147
187
168
112
226
192
213
157
198
34
190
226
110
169
451
431
433
309
310
310
338
310
432
434
339
435
311
310
436
335
434
427
434
311
395
434
335
205
433
307
166
307
369
305
431
338
485
430
478
336
345
305
327
121
399
326
431
427
462
427
214
304
354
327
341
304
476
326
431
76
304
259
417
304
203
378
138
485
426
184
216
324
325
272
226
405
426
359
109
232
360
70
250
304
405
397
26
452
47
178
361
149
375
157
304
53
122
372
160
487
253
321
305
348
179
122
182
85
54
64
166
75
86
24
262
194
24
34
101
151
37
259
48
44
196
69
205
190
60
147
186
136
202
165
153
181
72
112
184
193
155
120
165
190
184
178
133
235
181
246
146
259
209
262
140
204
196
193
144
246
244
224
186
190
177
182
214
60
204
191
135
148
204
263
190
121
223
198
240
227
188
229
169
175
202
174
119
192
119
201
146
187
167
112
226
191
212
156
198
34
190
226
110
169
