82
370
368
59
370
106
289
480
257
370
176
372
268
200
213
59
370
434
370
357
368
337
186
347
369
182
319
153
412
61
236
286
368
370
75
247
287
325
454
387
335
283
386
408
165
273
313
174
286
167
454
370
40
190
286
212
354
284
285
104
478
284
227
284
258
78
117
271
356
133
244
455
478
187
257
32
174
430
282
305
257
356
138
47
129
111
28
118
26
106
185
65
184
118
182
47
118
121
93
98
75
56
168
86
116
56
231
47
84
112
54
101
214
68
153
257
118
194
255
56
88
102
251
48
77
43
141
172
56
195
198
53
77
246
37
129
222
42
92
108
89
73
96
139
199
149
40
90
120
192
123
172
128
98
117
67
50
53
129
46
120
246
25
102
113
369
367
58
370
106
289
480
256
369
176
371
267
199
213
59
370
433
369
356
368
336
185
346
368
181
319
152
411
60
235
285
367
369
74
246
286
324
453
386
334
282
385
407
164
272
312
174
285
166
454
369
39
190
285
211
353
283
284
103
478
283
226
283
257
78
116
270
355
133
243
454
478
186
256
31
173
429
281
304
256
356
137
46
129
110
28
117
26
105
185
64
184
118
182
46
117
121
93
98
74
56
168
86
116
55
228
47
83
111
54
100
214
68
152
257
118
193
254
56
88
102
250
48
77
42
141
171
56
195
197
52
76
246
36
129
222
42
92
107
89
73
95
138
198
149
39
89
119
191
123
172
128
97
117
66
49
53
129
46
120
245
24
102
112
