98
401
451
216
446
445
403
447
203
415
216
266
216
293
221
451
42
216
216
213
69
64
216
401
447
263
97
223
349
67
410
204
313
85
141
37
84
219
430
73
98
234
405
36
240
378
59
77
85
258
203
341
475
224
486
313
221
264
222
444
364
399
329
216
223
478
329
221
206
66
243
293
158
82
210
391
476
184
293
351
403
201
56
217
258
264
277
464
383
193
418
399
57
377
203
390
393
138
135
72
60
160
72
87
82
260
59
42
178
76
205
28
76
107
109
191
226
26
103
64
215
41
97
66
109
58
107
79
24
76
39
55
70
85
40
109
34
91
91
96
101
97
82
82
104
69
91
91
25
26
98
124
73
24
48
106
98
236
97
31
33
238
34
86
46
86
112
119
33
38
91
104
91
80
73
37
90
97
62
101
115
256
37
48
79
60
105
52
77
222
87
72
48
90
101
82
101
400
450
216
445
444
402
447
203
415
216
265
216
292
220
451
41
216
216
212
69
64
216
400
446
262
97
223
348
67
410
203
312
85
141
37
83
218
430
72
98
233
404
36
240
378
59
77
85
258
203
341
475
223
486
313
221
263
221
443
364
399
329
216
222
478
329
220
205
66
242
292
158
82
209
390
476
183
293
350
402
201
56
217
257
264
277
463
383
193
417
392
56
376
203
389
393
138
135
72
59
160
72
87
82
259
58
41
178
76
204
28
76
107
109
190
226
25
103
63
215
40
96
65
108
57
106
78
24
76
38
54
69
85
39
108
33
91
91
95
101
96
82
82
104
68
91
91
24
26
97
124
72
24
48
105
98
235
96
31
33
238
33
85
46
85
111
119
33
37
91
104
90
80
72
36
90
96
61
100
115
256
36
48
79
60
105
52
77
221
87
71
47
89
100
81
101
