42
338
436
455
163
437
399
333
434
311
439
338
306
381
370
479
307
328
340
327
306
306
434
306
398
164
360
419
427
49
160
181
429
330
57
229
477
219
136
368
420
214
156
136
165
164
175
179
183
189
97
64
85
178
98
165
184
168
108
166
166
178
259
187
119
229
144
188
180
175
186
104
98
175
201
263
177
177
184
121
200
194
160
184
161
337
435
454
162
436
398
333
432
309
436
337
304
378
369
478
305
327
339
326
304
304
432
304
397
163
359
419
426
48
159
180
427
329
55
227
478
218
134
367
419
213
155
135
165
163
175
178
183
188
96
64
85
178
98
171
184
167
108
165
165
178
259
187
119
228
144
188
179
177
185
104
98
175
200
262
177
176
189
121
199
194
159
184
161
