74
393
129
476
86
258
129
114
325
132
129
129
132
425
454
129
76
89
132
245
394
337
56
70
432
459
319
463
59
101
66
299
97
130
441
174
256
380
339
306
114
299
130
403
104
93
394
111
196
164
24
337
443
393
193
317
341
412
476
465
86
136
299
78
157
188
456
420
132
444
357
277
344
142
385
238
118
34
55
63
130
61
42
28
172
140
61
28
43
161
41
41
42
59
42
35
59
52
44
261
32
33
45
52
62
40
64
184
28
63
41
242
185
55
71
29
208
247
74
76
53
50
65
54
252
50
41
261
75
62
209
34
24
44
66
81
65
25
68
37
74
63
71
263
37
261
238
29
32
393
128
475
86
257
128
113
324
132
128
129
131
425
453
128
76
89
131
244
394
336
55
70
431
459
318
462
59
100
65
298
96
130
440
174
255
380
339
305
114
298
129
403
104
93
394
111
196
163
24
336
442
392
193
317
341
412
475
465
86
136
298
77
157
188
455
420
131
444
357
276
343
142
385
237
118
34
55
63
129
60
41
28
171
142
61
27
42
160
41
41
41
58
42
35
58
51
43
260
32
33
45
52
62
40
63
184
28
62
40
242
184
55
71
28
205
247
74
75
53
49
65
53
251
50
40
261
75
62
209
34
24
43
66
80
65
25
68
37
74
62
70
262
37
261
237
29
31
