388
1.000000	-0.000000	-0.000000	
0.000000	1.000000	0.000000	
-0.000016	0.000009	1.000000	
430
1.000000	-0.000670	-0.000005	
0.001940	1.003104	0.000004	
0.417403	0.115083	1.003002	
399
1.000000	0.000000	0.000000	
-0.000000	1.000000	-0.000000	
-0.000021	-0.000008	1.000000	
421
1.000000	0.000000	0.000000	
-0.000000	1.000000	-0.000000	
-0.000005	0.000008	1.000000	
404
1.000000	-0.000000	-0.000000	
-0.000000	1.000000	0.000000	
-0.000040	-0.000020	1.000000	
424
1.000000	-0.000000	-0.000000	
-0.000000	1.000000	0.000000	
-0.000026	-0.000001	1.000000	
397
1.000000	0.000000	0.000000	
-0.000000	1.000000	-0.000000	
0.000019	-0.000007	1.000000	
408
1.000000	-0.000000	0.000000	
-0.000000	1.000000	-0.000000	
0.000005	0.000004	1.000000	
385
1.000000	0.000000	0.000000	
0.000000	1.000000	-0.000000	
0.000014	0.000003	1.000000	
412
1.000000	0.000000	0.000000	
-0.000000	1.000000	0.000000	
-0.000006	-0.000005	1.000000	
432
1.000000	-0.000000	-0.000000	
0.000000	1.000000	0.000000	
0.000022	0.000022	1.000000	
454
1.000000	-0.000000	0.000000	
0.000000	1.000000	0.000000	
-0.000018	-0.000017	1.000000	
437
1.000000	-0.000000	0.000000	
0.000000	1.000000	-0.000000	
0.000060	0.000006	1.000000	
459
1.000000	0.000000	-0.000000	
-0.000000	1.000000	-0.000000	
0.000023	0.000015	1.000000	
416
1.000000	0.000000	0.000000	
-0.000000	1.000000	-0.000000	
0.000001	0.000018	1.000000	
411
1.000000	0.000000	0.000000	
-0.000000	1.000000	-0.000000	
0.000044	0.000017	1.000000	
398
1.000000	0.000000	0.000000	
-0.000000	1.000000	-0.000000	
-0.000006	-0.000014	1.000000	
407
1.000000	0.000000	0.000000	
0.000000	1.000000	0.000000	
0.000032	0.000012	1.000000	
402
1.000000	-0.000000	-0.000000	
0.000000	1.000000	0.000000	
0.000015	0.000000	1.000000	
421
1.000000	-0.000000	0.000000	
0.000000	1.000000	0.000000	
-0.000026	-0.000005	1.000000	
392
1.000000	0.000000	0.000000	
0.000000	1.000000	0.000000	
-0.000006	0.000016	1.000000	
407
1.000000	0.000000	0.000000	
-0.000000	1.000000	-0.000000	
-0.000013	0.000001	1.000000	
401
1.000000	0.000000	0.000000	
-0.000000	1.000000	-0.000000	
-0.000011	-0.000003	1.000000	
411
1.000000	-0.000000	-0.000000	
0.000000	1.000000	0.000000	
0.000012	0.000012	1.000000	
407
1.000000	-0.000000	-0.000000	
0.000000	1.000000	0.000000	
0.000008	-0.000004	1.000000	
419
1.000000	-0.000000	-0.000000	
0.000000	1.000000	0.000000	
-0.000011	-0.000009	1.000000	
417
1.000000	-0.000000	-0.000000	
0.000000	1.000000	0.000000	
-0.000014	0.000007	1.000000	
416
1.000000	-0.000000	-0.000000	
0.000000	1.000000	0.000000	
-0.000005	-0.000010	1.000000	
400
1.000000	0.000000	0.000000	
-0.000000	1.000000	-0.000000	
0.000013	0.000016	1.000000	
410
1.000000	0.000000	0.000000	
0.000000	1.000000	0.000000	
-0.000018	-0.000004	1.000000	
387
1.000000	0.000000	0.000000	
-0.000000	1.000000	-0.000000	
-0.000002	-0.000006	1.000000	
398
1.000000	-0.000000	-0.000000	
0.000000	1.000000	0.000000	
-0.000006	0.000002	1.000000	
383
1.000000	-0.000000	-0.000000	
0.000000	1.000000	0.000000	
-0.000010	-0.000008	1.000000	
397
1.000000	0.000000	0.000000	
-0.000000	1.000000	0.000000	
-0.000005	-0.000019	1.000000	
406
1.000000	-0.000000	-0.000000	
-0.000000	1.000000	-0.000000	
0.000023	0.000002	1.000000	
402
1.000000	0.000000	0.000000	
0.000000	1.000000	-0.000000	
0.000030	0.000008	1.000000	
388
1.000000	0.000000	0.000000	
0.000000	1.000000	-0.000000	
-0.000004	-0.000000	1.000000	
378
1.000000	-0.000000	-0.000000	
0.000000	1.000000	-0.000000	
0.000025	-0.000007	1.000000	
380
1.000000	0.000000	0.000000	
0.000000	1.000000	0.000000	
0.000004	0.000020	1.000000	
418
1.000000	0.000000	0.000000	
0.000000	1.000000	0.000000	
0.000023	0.000012	1.000000	
400
1.000000	-0.000000	-0.000000	
0.000000	1.000000	0.000000	
0.000051	0.000021	1.000000	
421
1.000000	0.000000	-0.000000	
0.000000	1.000000	-0.000000	
-0.000008	0.000009	1.000000	
400
1.000000	-0.000000	-0.000000	
0.000000	1.000000	0.000000	
-0.000013	-0.000015	1.000000	
414
1.000000	-0.000000	-0.000000	
0.000000	1.000000	0.000000	
0.000027	0.000019	1.000000	
391
1.000000	0.000000	0.000000	
0.000000	1.000000	-0.000000	
-0.000008	0.000003	1.000000	
402
1.000000	0.000000	0.000000	
-0.000000	1.000000	-0.000000	
0.000020	0.000010	1.000000	
373
1.000000	0.000000	-0.000000	
-0.000000	1.000000	-0.000000	
-0.000026	-0.000014	1.000000	
422
1.000000	-0.000000	-0.000000	
-0.000000	1.000000	-0.000000	
-0.000036	-0.000018	1.000000	
398
1.000000	-0.000000	0.000000	
-0.000000	1.000000	-0.000000	
-0.000006	0.000003	1.000000	
440
1.000000	-0.000000	-0.000000	
-0.000000	1.000000	-0.000000	
-0.000020	-0.000018	1.000000	
432
1.000000	-0.000000	-0.000000	
-0.000000	1.000000	-0.000000	
0.000004	0.000005	1.000000	
164
1.000000	-0.000000	-0.000000	
-0.000000	1.000000	-0.000000	
0.000003	-0.000012	1.000000	
314
1.000000	-0.000000	-0.000000	
-0.000000	1.000000	-0.000000	
-0.000035	-0.000008	1.000000	
372
1.000000	0.000000	0.000000	
0.000000	1.000000	0.000000	
-0.000007	-0.000012	1.000000	
329
1.000000	0.000000	0.000000	
0.000000	1.000000	0.000000	
0.000003	-0.000002	1.000000	
375
1.000000	0.000000	0.000000	
0.000000	1.000000	-0.000000	
-0.000008	0.000006	1.000000	
389
1.000000	0.000000	0.000000	
0.000000	1.000000	0.000000	
-0.000030	-0.000025	1.000000	
444
1.000000	0.000000	-0.000000	
-0.000000	1.000000	-0.000000	
-0.000013	0.000002	1.000000	
401
1.000000	-0.000000	0.000000	
0.000000	1.000000	0.000000	
0.000012	-0.000011	1.000000	
409
1.000000	-0.000000	0.000000	
-0.000000	1.000000	-0.000000	
-0.000013	-0.000011	1.000000	
402
1.000000	0.000000	-0.000000	
0.000000	1.000000	0.000000	
0.000004	0.000004	1.000000	
410
1.000000	0.000000	0.000000	
0.000000	1.000000	0.000000	
-0.000003	0.000004	1.000000	
363
1.000000	0.000000	0.000000	
0.000000	1.000000	-0.000000	
0.000026	0.000007	1.000000	
395
1.000000	0.000000	0.000000	
-0.000000	1.000000	0.000000	
0.000015	0.000005	1.000000	
410
1.000000	0.000000	0.000000	
0.000000	1.000000	-0.000000	
-0.000004	-0.000013	1.000000	
424
1.000000	0.000000	-0.000000	
-0.000000	1.000000	-0.000000	
0.000015	0.000012	1.000000	
421
1.000000	0.000000	-0.000000	
0.000000	1.000000	0.000000	
0.000041	0.000015	1.000000	
453
1.000000	-0.000000	-0.000000	
-0.000000	1.000000	0.000000	
-0.000006	0.000000	1.000000	
408
1.000000	0.000000	-0.000000	
0.000000	1.000000	-0.000000	
0.000012	0.000012	1.000000	
409
1.000000	-0.000000	0.000000	
-0.000000	1.000000	-0.000000	
-0.000029	-0.000006	1.000000	
350
1.000000	0.000000	0.000000	
-0.000000	1.000000	-0.000000	
0.000023	0.000005	1.000000	
400
1.000000	0.000000	0.000000	
0.000000	1.000000	0.000000	
0.000046	0.000021	1.000000	
237
1.000000	0.000000	0.000000	
-0.000000	1.000000	-0.000000	
0.000010	0.000015	1.000000	
403
1.000000	-0.000000	0.000000	
-0.000000	1.000000	-0.000000	
-0.000027	-0.000017	1.000000	
425
1.000000	-0.000000	-0.000000	
0.000000	1.000000	0.000000	
0.000015	0.000006	1.000000	
416
1.000000	-0.000000	-0.000000	
0.000000	1.000000	0.000000	
0.000016	0.000013	1.000000	
372
1.000000	-0.000000	-0.000000	
0.000000	1.000000	0.000000	
-0.000010	0.000011	1.000000	
422
1.000000	-0.000000	-0.000000	
-0.000000	1.000000	0.000000	
-0.000014	-0.000007	1.000000	
388
1.000000	-0.000000	-0.000000	
0.000000	1.000000	0.000000	
0.000013	0.000019	1.000000	
393
1.000000	-0.000000	-0.000000	
0.000000	1.000000	0.000000	
0.000002	0.000014	1.000000	
369
1.000000	0.000000	-0.000000	
-0.000000	1.000000	0.000000	
-0.000028	-0.000008	1.000000	
397
1.000000	-0.000000	0.000000	
0.000000	1.000000	0.000000	
-0.000039	0.000005	1.000000	
365
1.000000	0.000000	-0.000000	
0.000000	1.000000	0.000000	
-0.000032	-0.000007	1.000000	
419
1.000000	0.000000	0.000000	
-0.000000	1.000000	-0.000000	
0.000023	0.000015	1.000000	
397
1.000000	-0.000000	-0.000000	
0.000000	1.000000	0.000000	
-0.000019	-0.000014	1.000000	
416
1.000000	0.000000	-0.000000	
0.000000	1.000000	0.000000	
0.000022	0.000013	1.000000	
411
1.000000	0.000000	-0.000000	
0.000000	1.000000	0.000000	
0.000013	0.000007	1.000000	
429
1.000000	0.000000	0.000000	
-0.000000	1.000000	-0.000000	
-0.000028	0.000010	1.000000	
396
1.000000	-0.000000	0.000000	
0.000000	1.000000	0.000000	
0.000013	-0.000003	1.000000	
417
1.000000	-0.000000	-0.000000	
0.000000	1.000000	-0.000000	
-0.000030	0.000003	1.000000	
416
1.000000	-0.000000	-0.000000	
0.000000	1.000000	-0.000000	
-0.000036	-0.000016	1.000000	
442
1.000000	-0.000000	-0.000000	
0.000000	1.000000	0.000000	
0.000026	0.000018	1.000000	
489
1.000000	0.000000	0.000000	
0.000000	1.000000	-0.000000	
-0.000004	-0.000000	1.000000	
466
1.000000	-0.000000	-0.000000	
-0.000000	1.000000	0.000000	
-0.000028	0.000001	1.000000	
434
1.000000	-0.000000	-0.000000	
0.000000	1.000000	-0.000000	
-0.000006	0.000004	1.000000	
438
1.000000	0.000000	0.000000	
-0.000000	1.000000	-0.000000	
-0.000016	0.000009	1.000000	
466
1.000000	-0.000000	-0.000000	
0.000000	1.000000	0.000000	
0.000001	0.000002	1.000000	
483
1.000000	0.000000	0.000000	
0.000000	1.000000	-0.000000	
-0.000004	-0.000004	1.000000	
461
1.000000	-0.000000	-0.000000	
0.000000	1.000000	-0.000000	
0.000001	0.000004	1.000000	
505
1.000000	-0.000000	-0.000000	
-0.000000	1.000000	-0.000000	
0.000003	-0.000002	1.000000	
470
1.000000	0.000000	0.000000	
-0.000000	1.000000	-0.000000	
0.000007	0.000016	1.000000	
449
1.000000	0.000000	0.000000	
0.000000	1.000000	-0.000000	
0.000027	0.000001	1.000000	
405
1.000000	0.000000	0.000000	
-0.000000	1.000000	-0.000000	
-0.000014	-0.000008	1.000000	
432
1.000000	-0.000000	-0.000000	
0.000000	1.000000	0.000000	
0.000011	0.000004	1.000000	
425
1.000000	-0.000000	-0.000000	
0.000000	1.000000	0.000000	
-0.000016	-0.000010	1.000000	
414
1.000000	-0.000000	-0.000000	
0.000000	1.000000	-0.000000	
0.000031	0.000016	1.000000	
394
1.000000	0.000000	0.000000	
0.000000	1.000000	0.000000	
0.000026	0.000002	1.000000	
399
1.000000	-0.000000	-0.000000	
-0.000000	1.000000	-0.000000	
-0.000006	-0.000018	1.000000	
310
1.000000	0.000000	0.000000	
-0.000000	1.000000	0.000000	
-0.000046	-0.000018	1.000000	
426
1.000000	-0.000000	-0.000000	
-0.000000	1.000000	0.000000	
0.000001	0.000003	1.000000	
417
1.000000	-0.000000	-0.000000	
0.000000	1.000000	0.000000	
0.000023	0.000006	1.000000	
173
1.000000	0.000000	0.000000	
-0.000000	1.000000	-0.000000	
0.000017	0.000012	1.000000	
358
1.000000	0.000000	-0.000000	
-0.000000	1.000000	0.000000	
0.000009	-0.000014	1.000000	
402
1.000000	-0.000000	-0.000000	
0.000000	1.000000	0.000000	
-0.000023	-0.000004	1.000000	
380
1.000000	-0.000000	0.000000	
0.000000	1.000000	0.000000	
-0.000019	-0.000004	1.000000	
420
1.000000	-0.000000	0.000000	
0.000000	1.000000	0.000000	
0.000009	-0.000014	1.000000	
424
1.000000	-0.000000	0.000000	
0.000000	1.000000	0.000000	
-0.000007	-0.000001	1.000000	
448
1.000000	0.000000	0.000000	
0.000000	1.000000	-0.000000	
0.000031	-0.000008	1.000000	
430
1.000000	0.000000	-0.000000	
-0.000000	1.000000	-0.000000	
0.000010	0.000007	1.000000	
438
1.000000	0.000000	-0.000000	
-0.000000	1.000000	-0.000000	
0.000022	-0.000006	1.000000	
434
1.000000	0.000000	-0.000000	
0.000000	1.000000	-0.000000	
-0.000010	0.000012	1.000000	
432
1.000000	0.000000	-0.000000	
-0.000000	1.000000	-0.000000	
0.000033	0.000018	1.000000	
395
1.000000	-0.000000	0.000000	
0.000000	1.000000	0.000000	
-0.000036	-0.000015	1.000000	
444
1.000000	0.000000	-0.000000	
-0.000000	1.000000	-0.000000	
-0.000004	-0.000003	1.000000	
416
1.000000	0.000000	0.000000	
-0.000000	1.000000	-0.000000	
-0.000012	-0.000005	1.000000	
441
1.000000	-0.000000	-0.000000	
-0.000000	1.000000	0.000000	
0.000006	0.000014	1.000000	
397
1.000000	-0.000000	-0.000000	
-0.000000	1.000000	0.000000	
-0.000004	0.000015	1.000000	
414
1.000000	0.000000	0.000000	
0.000000	1.000000	-0.000000	
0.000008	-0.000001	1.000000	
402
1.000000	-0.000000	0.000000	
-0.000000	1.000000	0.000000	
0.000025	0.000002	1.000000	
420
1.000000	0.000000	0.000000	
0.000000	1.000000	0.000000	
0.000037	0.000015	1.000000	
397
1.000000	0.000000	-0.000000	
-0.000000	1.000000	-0.000000	
0.000010	0.000015	1.000000	
453
1.000000	-0.000000	0.000000	
-0.000000	1.000000	0.000000	
-0.000025	0.000000	1.000000	
409
1.000000	0.000000	0.000000	
0.000000	1.000000	0.000000	
0.000005	-0.000001	1.000000	
440
1.000000	-0.000000	-0.000000	
-0.000000	1.000000	0.000000	
-0.000028	-0.000019	1.000000	
445
1.000000	0.000000	-0.000000	
0.000000	1.000000	0.000000	
0.000002	-0.000009	1.000000	
469
1.000000	-0.000000	-0.000000	
0.000000	1.000000	0.000000	
0.000009	0.000003	1.000000	
453
1.000000	-0.000000	-0.000000	
-0.000000	1.000000	-0.000000	
-0.000003	0.000006	1.000000	
469
1.000000	-0.000000	-0.000000	
0.000000	1.000000	0.000000	
-0.000014	-0.000019	1.000000	
450
1.000000	0.000000	0.000000	
0.000000	1.000000	-0.000000	
0.000026	0.000006	1.000000	
474
1.000000	0.000000	0.000000	
0.000000	1.000000	-0.000000	
-0.000018	-0.000019	1.000000	
441
1.000000	-0.000000	0.000000	
-0.000000	1.000000	-0.000000	
0.000009	0.000007	1.000000	
454
1.000000	0.000000	-0.000000	
0.000000	1.000000	0.000000	
0.000001	-0.000008	1.000000	
443
1.000000	-0.000000	0.000000	
-0.000000	1.000000	-0.000000	
-0.000004	0.000015	1.000000	
461
1.000000	-0.000000	-0.000000	
0.000000	1.000000	0.000000	
-0.000003	-0.000008	1.000000	
419
1.000000	0.000000	-0.000000	
0.000000	1.000000	0.000000	
-0.000009	-0.000009	1.000000	
438
1.000000	0.000000	0.000000	
0.000000	1.000000	-0.000000	
-0.000001	0.000006	1.000000	
430
1.000000	0.000000	0.000000	
0.000000	1.000000	-0.000000	
0.000007	0.000002	1.000000	
333
1.000000	-0.000000	-0.000000	
-0.000000	1.000000	-0.000000	
-0.000002	0.000004	1.000000	
469
1.000000	-0.000000	-0.000000	
0.000000	1.000000	0.000000	
0.000024	0.000017	1.000000	
447
1.000000	-0.000000	-0.000000	
0.000000	1.000000	0.000000	
-0.000003	-0.000009	1.000000	
436
1.000000	-0.000000	-0.000000	
-0.000000	1.000000	-0.000000	
0.000003	-0.000001	1.000000	
417
1.000000	0.000000	-0.000000	
-0.000000	1.000000	0.000000	
0.000012	0.000017	1.000000	
436
1.000000	0.000000	0.000000	
0.000000	1.000000	0.000000	
0.000020	0.000010	1.000000	
436
1.000000	-0.000000	-0.000000	
-0.000000	1.000000	0.000000	
0.000032	0.000016	1.000000	
460
1.000000	0.000000	0.000000	
0.000000	1.000000	0.000000	
-0.000003	-0.000011	1.000000	
455
1.000000	-0.000000	-0.000000	
-0.000000	1.000000	0.000000	
-0.000009	-0.000005	1.000000	
464
1.000000	-0.000000	-0.000000	
0.000000	1.000000	0.000000	
-0.000008	-0.000010	1.000000	
427
1.000000	-0.000000	-0.000000	
0.000000	1.000000	0.000000	
-0.000012	-0.000006	1.000000	
480
1.000000	-0.000000	0.000000	
-0.000000	1.000000	-0.000000	
-0.000016	-0.000000	1.000000	
434
1.000000	0.000000	-0.000000	
0.000000	1.000000	0.000000	
0.000030	0.000021	1.000000	
448
1.000000	-0.000000	0.000000	
-0.000000	1.000000	-0.000000	
-0.000034	0.000010	1.000000	
419
1.000000	-0.000000	-0.000000	
-0.000000	1.000000	0.000000	
0.000033	0.000017	1.000000	
447
1.000000	-0.000000	0.000000	
-0.000000	1.000000	0.000000	
0.000010	-0.000010	1.000000	
439
1.000000	0.000000	0.000000	
0.000000	1.000000	0.000000	
-0.000033	-0.000008	1.000000	
452
1.000000	0.000000	0.000000	
0.000000	1.000000	0.000000	
0.000047	0.000005	1.000000	
454
1.000000	0.000000	0.000000	
-0.000000	1.000000	-0.000000	
-0.000003	-0.000004	1.000000	
494
1.000000	-0.000000	-0.000000	
-0.000000	1.000000	-0.000000	
-0.000012	-0.000003	1.000000	
477
1.000000	0.000000	0.000000	
-0.000000	1.000000	-0.000000	
-0.000003	-0.000001	1.000000	
494
1.000000	-0.000000	0.000000	
-0.000000	1.000000	-0.000000	
0.000001	0.000007	1.000000	
493
1.000000	-0.000000	0.000000	
-0.000000	1.000000	-0.000000	
0.000030	0.000005	1.000000	
501
1.000000	-0.000000	0.000000	
-0.000000	1.000000	0.000000	
0.000042	0.000009	1.000000	
208
1.000000	0.000000	0.000000	
0.000000	1.000000	-0.000000	
-0.000002	-0.000004	1.000000	
402
1.000000	-0.000000	-0.000000	
0.000000	1.000000	0.000000	
0.000009	0.000013	1.000000	
372
1.000000	-0.000000	-0.000000	
-0.000000	1.000000	0.000000	
-0.000009	0.000007	1.000000	
461
1.000000	0.000000	-0.000000	
-0.000000	1.000000	0.000000	
0.000049	0.000017	1.000000	
405
1.000000	0.000000	0.000000	
-0.000000	1.000000	-0.000000	
-0.000018	0.000005	1.000000	
440
1.000000	-0.000000	-0.000000	
0.000000	1.000000	0.000000	
-0.000019	0.000002	1.000000	
393
1.000000	-0.000000	0.000000	
-0.000000	1.000000	-0.000000	
-0.000004	-0.000008	1.000000	
393
1.000000	0.000000	0.000000	
0.000000	1.000000	0.000000	
0.000029	0.000012	1.000000	
398
1.000000	-0.000000	0.000000	
-0.000000	1.000000	-0.000000	
-0.000004	0.000002	1.000000	
451
1.000000	-0.000000	0.000000	
0.000000	1.000000	0.000000	
0.000023	-0.000001	1.000000	
431
1.000000	-0.000000	0.000000	
0.000000	1.000000	0.000000	
0.000005	-0.000004	1.000000	
454
1.000000	0.000000	-0.000000	
-0.000000	1.000000	-0.000000	
0.000020	0.000015	1.000000	
359
1.000000	0.000000	0.000000	
-0.000000	1.000000	-0.000000	
0.000023	-0.000008	1.000000	
485
1.000000	-0.000043	-0.000000	
-0.000025	1.001027	0.000003	
0.033439	-0.060988	0.999906	
435
1.000000	-0.000000	0.000000	
0.000000	1.000000	0.000000	
-0.000005	-0.000026	1.000000	
469
1.000000	-0.000000	0.000000	
-0.000000	1.000000	-0.000000	
0.000000	0.000004	1.000000	
477
1.000000	0.000000	0.000000	
-0.000000	1.000000	0.000000	
-0.000010	0.000003	1.000000	
481
1.000000	-0.000000	0.000000	
0.000000	1.000000	0.000000	
-0.000033	-0.000015	1.000000	
442
1.000000	0.000000	0.000000	
0.000000	1.000000	0.000000	
0.000024	0.000006	1.000000	
471
1.000000	0.000000	-0.000000	
0.000000	1.000000	0.000000	
0.000025	0.000002	1.000000	
426
1.000000	0.000000	-0.000000	
0.000000	1.000000	0.000000	
0.000001	-0.000001	1.000000	
489
1.000000	-0.000000	0.000000	
-0.000000	1.000000	0.000000	
0.000016	-0.000004	1.000000	
460
1.000000	-0.000000	0.000000	
0.000000	1.000000	-0.000000	
0.000005	0.000018	1.000000	
490
1.000000	-0.000000	0.000000	
-0.000000	1.000000	0.000000	
-0.000016	0.000006	1.000000	
468
1.000000	-0.000000	-0.000000	
-0.000000	1.000000	-0.000000	
0.000045	0.000013	1.000000	
531
1.000000	-0.000000	-0.000000	
-0.000000	1.000000	-0.000000	
0.000008	0.000005	1.000000	
502
1.000000	0.000000	0.000000	
-0.000000	1.000000	0.000000	
0.000013	0.000004	1.000000	
562
1.000000	-0.000000	-0.000000	
-0.000000	1.000000	-0.000000	
0.000039	0.000020	1.000000	
502
1.000000	0.000000	-0.000000	
-0.000000	1.000000	-0.000000	
0.000011	0.000014	1.000000	
524
1.000000	-0.000000	-0.000000	
-0.000000	1.000000	-0.000000	
-0.000000	0.000005	1.000000	
506
1.000000	0.000000	0.000000	
0.000000	1.000000	0.000000	
-0.000008	-0.000000	1.000000	
537
1.000000	0.000000	-0.000000	
-0.000000	1.000000	-0.000000	
-0.000036	-0.000009	1.000000	
499
1.000000	-0.000000	0.000000	
0.000000	1.000000	0.000000	
0.000008	-0.000000	1.000000	
508
1.000000	0.000000	0.000000	
-0.000000	1.000000	-0.000000	
-0.000019	-0.000003	1.000000	
504
1.000000	0.000000	0.000000	
0.000000	1.000000	-0.000000	
0.000007	0.000019	1.000000	
507
1.000000	-0.000000	-0.000000	
0.000000	1.000000	0.000000	
0.000016	0.000002	1.000000	
507
1.000000	0.000000	0.000000	
-0.000000	1.000000	0.000000	
-0.000006	0.000001	1.000000	
519
1.000000	-0.000000	0.000000	
0.000000	1.000000	0.000000	
0.000017	0.000026	1.000000	
491
1.000000	-0.000000	0.000000	
-0.000000	1.000000	-0.000000	
-0.000009	-0.000015	1.000000	
497
1.000000	-0.000000	-0.000000	
-0.000000	1.000000	-0.000000	
0.000006	0.000009	1.000000	
458
1.000000	-0.000000	-0.000000	
0.000000	1.000000	0.000000	
-0.000031	-0.000013	1.000000	
511
1.000000	0.000000	0.000000	
0.000000	1.000000	-0.000000	
-0.000003	0.000010	1.000000	
500
1.000000	-0.000000	-0.000000	
0.000000	1.000000	0.000000	
-0.000010	-0.000008	1.000000	
536
1.000000	0.000000	0.000000	
-0.000000	1.000000	-0.000000	
0.000015	0.000018	1.000000	
509
1.000000	-0.000000	-0.000000	
0.000000	1.000000	0.000000	
0.000007	-0.000006	1.000000	
511
1.000000	0.000000	-0.000000	
-0.000000	1.000000	-0.000000	
-0.000012	0.000000	1.000000	
499
1.000000	0.000000	0.000000	
-0.000000	1.000000	0.000000	
-0.000009	-0.000005	1.000000	
497
1.000000	-0.000000	0.000000	
0.000000	1.000000	0.000000	
-0.000019	-0.000006	1.000000	
487
1.000000	0.000000	0.000000	
0.000000	1.000000	0.000000	
-0.000006	-0.000010	1.000000	
487
1.000000	0.000000	-0.000000	
0.000000	1.000000	0.000000	
0.000009	0.000008	1.000000	
483
1.000000	-0.000000	-0.000000	
-0.000000	1.000000	-0.000000	
-0.000043	-0.000005	1.000000	
339
1.000000	0.000000	0.000000	
-0.000000	1.000000	-0.000000	
0.000006	0.000008	1.000000	
520
1.000000	0.000000	0.000000	
0.000000	1.000000	-0.000000	
0.000037	-0.000003	1.000000	
512
1.000000	0.000000	0.000000	
-0.000000	1.000000	-0.000000	
0.000016	0.000006	1.000000	
498
1.000000	-0.000000	0.000000	
-0.000000	1.000000	-0.000000	
0.000010	0.000004	1.000000	
502
1.000000	0.000000	-0.000000	
-0.000000	1.000000	0.000000	
-0.000024	-0.000014	1.000000	
507
1.000000	-0.000000	-0.000000	
0.000000	1.000000	0.000000	
0.000022	-0.000007	1.000000	
511
1.000000	0.000000	0.000000	
0.000000	1.000000	-0.000000	
0.000041	-0.000003	1.000000	
537
1.000000	-0.000000	-0.000000	
-0.000000	1.000000	0.000000	
-0.000022	-0.000005	1.000000	
538
1.000000	0.000000	0.000000	
-0.000000	1.000000	-0.000000	
0.000030	0.000017	1.000000	
215
1.000000	0.000000	0.000000	
-0.000000	1.000000	-0.000000	
0.000031	0.000004	1.000000	
458
1.000000	-0.000000	-0.000000	
-0.000000	1.000000	0.000000	
-0.000010	-0.000015	1.000000	
508
1.000000	-0.000000	-0.000000	
-0.000000	1.000000	-0.000000	
0.000015	0.000007	1.000000	
339
1.000000	0.000000	0.000000	
0.000000	1.000000	0.000000	
-0.000040	-0.000014	1.000000	
455
1.000000	-0.000000	0.000000	
0.000000	1.000000	0.000000	
0.000002	0.000001	1.000000	
418
1.000000	0.000000	-0.000000	
0.000000	1.000000	0.000000	
-0.000022	0.000004	1.000000	
454
1.000000	-0.000000	-0.000000	
-0.000000	1.000000	-0.000000	
0.000014	0.000008	1.000000	
422
1.000000	-0.000000	-0.000000	
0.000000	1.000000	0.000000	
0.000005	0.000015	1.000000	
467
1.000000	-0.000000	-0.000000	
0.000000	1.000000	0.000000	
-0.000018	-0.000001	1.000000	
446
1.000000	-0.000000	-0.000000	
0.000000	1.000000	0.000000	
-0.000002	0.000011	1.000000	
474
1.000000	-0.000000	-0.000000	
0.000000	1.000000	0.000000	
-0.000007	0.000005	1.000000	
461
1.000000	0.000000	0.000000	
-0.000000	1.000000	-0.000000	
-0.000009	0.000004	1.000000	
509
1.000000	0.000000	0.000000	
0.000000	1.000000	0.000000	
0.000000	-0.000002	1.000000	
507
1.000000	0.000000	0.000000	
0.000000	1.000000	-0.000000	
0.000030	0.000027	1.000000	
533
1.000000	-0.000000	-0.000000	
-0.000000	1.000000	-0.000000	
-0.000009	-0.000013	1.000000	
497
1.000000	-0.000000	-0.000000	
0.000000	1.000000	0.000000	
0.000005	0.000006	1.000000	
529
1.000000	-0.000000	-0.000000	
0.000000	1.000000	0.000000	
0.000027	0.000013	1.000000	
499
1.000000	-0.000000	0.000000	
0.000000	1.000000	0.000000	
0.000040	0.000013	1.000000	
503
1.000000	-0.000000	-0.000000	
-0.000000	1.000000	-0.000000	
-0.000017	0.000003	1.000000	
491
1.000000	-0.000000	-0.000000	
-0.000000	1.000000	-0.000000	
0.000006	0.000012	1.000000	
531
1.000000	-0.000000	-0.000000	
0.000000	1.000000	0.000000	
-0.000016	-0.000005	1.000000	
557
1.000000	0.000000	0.000000	
0.000000	1.000000	0.000000	
-0.000019	0.000007	1.000000	
550
1.000000	0.000000	0.000000	
-0.000000	1.000000	-0.000000	
0.000004	0.000019	1.000000	
506
1.000000	0.000000	0.000000	
-0.000000	1.000000	-0.000000	
0.000022	0.000000	1.000000	
542
1.000000	0.000511	0.000003	
0.002650	0.999631	0.000007	
-0.853026	-0.296752	0.996294	
523
1.000000	0.000000	0.000000	
0.000000	1.000000	-0.000000	
-0.000015	-0.000003	1.000000	
455
1.000000	-0.000000	-0.000000	
0.000000	1.000000	0.000000	
0.000029	-0.000008	1.000000	
447
1.000000	0.000000	0.000000	
0.000000	1.000000	0.000000	
-0.000010	-0.000004	1.000000	
482
1.000000	0.000000	-0.000000	
0.000000	1.000000	0.000000	
0.000007	0.000002	1.000000	
452
1.000000	0.000000	0.000000	
-0.000000	1.000000	-0.000000	
-0.000007	0.000004	1.000000	
463
1.000000	0.000000	0.000000	
-0.000000	1.000000	0.000000	
0.000003	-0.000002	1.000000	
469
1.000000	0.000000	0.000000	
0.000000	1.000000	0.000000	
0.000025	0.000001	1.000000	
493
1.000000	0.000000	-0.000000	
0.000000	1.000000	-0.000000	
-0.000002	0.000006	1.000000	
506
1.000000	-0.000000	0.000000	
0.000000	1.000000	-0.000000	
-0.000010	0.000001	1.000000	
520
1.000000	0.000000	-0.000000	
0.000000	1.000000	0.000000	
0.000004	-0.000005	1.000000	
478
1.000000	-0.000000	-0.000000	
-0.000000	1.000000	-0.000000	
0.000015	-0.000010	1.000000	
529
1.000000	0.000000	0.000000	
0.000000	1.000000	0.000000	
0.000030	0.000014	1.000000	
479
1.000000	0.000164	0.000001	
0.000266	1.000973	0.000004	
-0.038359	-0.128159	0.999417	
499
1.000000	-0.000000	-0.000000	
-0.000000	1.000000	-0.000000	
0.000022	0.000024	1.000000	
498
1.000000	0.000000	-0.000000	
-0.000000	1.000000	-0.000000	
-0.000005	-0.000006	1.000000	
521
1.000000	-0.000000	-0.000000	
0.000000	1.000000	0.000000	
0.000014	-0.000004	1.000000	
499
1.000000	-0.000000	-0.000000	
0.000000	1.000000	-0.000000	
0.000023	0.000028	1.000000	
507
1.000000	-0.000000	-0.000000	
0.000000	1.000000	0.000000	
-0.000005	-0.000004	1.000000	
494
1.000000	-0.000000	-0.000000	
0.000000	1.000000	0.000000	
0.000037	0.000025	1.000000	
542
1.000000	-0.000000	-0.000000	
0.000000	1.000000	0.000000	
0.000008	0.000012	1.000000	
525
1.000000	0.000000	0.000000	
0.000000	1.000000	0.000000	
0.000015	0.000008	1.000000	
556
1.000000	-0.000000	-0.000000	
-0.000000	1.000000	-0.000000	
0.000027	0.000015	1.000000	
508
1.000000	0.000000	0.000000	
-0.000000	1.000000	-0.000000	
-0.000008	-0.000012	1.000000	
527
1.000000	0.000000	0.000000	
0.000000	1.000000	-0.000000	
0.000018	-0.000012	1.000000	
537
1.000000	-0.000000	-0.000000	
0.000000	1.000000	0.000000	
0.000010	0.000007	1.000000	
569
1.000000	0.000000	0.000000	
-0.000000	1.000000	-0.000000	
-0.000020	-0.000001	1.000000	
558
1.000000	0.000000	-0.000000	
-0.000000	1.000000	-0.000000	
0.000033	0.000012	1.000000	
597
1.000000	-0.000000	-0.000000	
-0.000000	1.000000	0.000000	
0.000013	0.000015	1.000000	
546
1.000000	0.000000	0.000000	
0.000000	1.000000	0.000000	
-0.000008	0.000004	1.000000	
570
1.000000	-0.000000	-0.000000	
-0.000000	1.000000	-0.000000	
-0.000035	-0.000009	1.000000	
521
1.000000	-0.000000	0.000000	
-0.000000	1.000000	-0.000000	
0.000008	0.000004	1.000000	
552
1.000000	0.000000	-0.000000	
0.000000	1.000000	-0.000000	
0.000051	0.000013	1.000000	
550
1.000000	0.000000	0.000000	
-0.000000	1.000000	-0.000000	
0.000003	0.000007	1.000000	
578
1.000000	0.000000	0.000000	
0.000000	1.000000	0.000000	
-0.000000	0.000013	1.000000	
580
1.000000	0.000000	-0.000000	
0.000000	1.000000	0.000000	
0.000029	0.000011	1.000000	
204
1.000000	0.000000	-0.000000	
0.000000	1.000000	0.000000	
0.000046	0.000014	1.000000	
457
1.000000	-0.000000	-0.000000	
-0.000000	1.000000	-0.000000	
-0.000020	0.000009	1.000000	
498
1.000000	0.000000	-0.000000	
0.000000	1.000000	-0.000000	
0.000002	-0.000003	1.000000	
461
1.000000	-0.000000	-0.000000	
0.000000	1.000000	-0.000000	
0.000006	0.000003	1.000000	
536
1.000000	0.000000	0.000000	
-0.000000	1.000000	-0.000000	
0.000019	0.000001	1.000000	
478
1.000000	-0.000000	-0.000000	
0.000000	1.000000	0.000000	
0.000015	0.000011	1.000000	
307
1.000000	0.000000	-0.000000	
0.000000	1.000000	0.000000	
-0.000018	-0.000009	1.000000	
514
1.000000	-0.000000	-0.000000	
-0.000000	1.000000	-0.000000	
0.000012	0.000001	1.000000	
513
1.000000	0.000000	-0.000000	
0.000000	1.000000	0.000000	
0.000009	-0.000005	1.000000	
563
1.000000	0.000000	0.000000	
-0.000000	1.000000	0.000000	
0.000032	0.000005	1.000000	
501
1.000000	0.000000	-0.000000	
0.000000	1.000000	0.000000	
0.000007	-0.000014	1.000000	
516
1.000000	-0.000000	-0.000000	
-0.000000	1.000000	-0.000000	
-0.000004	0.000015	1.000000	
512
1.000000	-0.000000	0.000000	
-0.000000	1.000000	0.000000	
0.000004	-0.000020	1.000000	
555
1.000000	-0.000000	0.000000	
-0.000000	1.000000	-0.000000	
0.000001	0.000007	1.000000	
497
1.000000	0.000000	0.000000	
-0.000000	1.000000	-0.000000	
0.000033	0.000013	1.000000	
553
1.000000	0.000000	0.000000	
0.000000	1.000000	0.000000	
-0.000022	-0.000010	1.000000	
536
1.000000	0.000000	0.000000	
-0.000000	1.000000	0.000000	
0.000012	0.000020	1.000000	
554
1.000000	0.000000	-0.000000	
0.000000	1.000000	-0.000000	
-0.000000	-0.000004	1.000000	
255
1.000000	-0.000308	-0.000002	
-0.000753	0.998224	0.000000	
-0.925646	0.083651	0.998659	
553
1.000000	-0.000000	-0.000000	
-0.000000	1.000000	0.000000	
0.000019	0.000009	1.000000	
409
1.000000	0.000000	0.000000	
0.000000	1.000000	0.000000	
-0.000004	-0.000012	1.000000	
497
1.000000	0.000000	0.000000	
0.000000	1.000000	0.000000	
-0.000007	-0.000013	1.000000	
459
1.000000	0.000000	-0.000000	
-0.000000	1.000000	-0.000000	
0.000004	0.000020	1.000000	
508
1.000000	-0.000000	-0.000000	
0.000000	1.000000	-0.000000	
-0.000004	0.000011	1.000000	
351
1.000000	-0.000000	-0.000000	
-0.000000	1.000000	0.000000	
0.000024	0.000010	1.000000	
436
1.000000	0.000000	0.000000	
0.000000	1.000000	0.000000	
0.000048	0.000004	1.000000	
148
1.000000	0.000000	0.000000	
0.000000	1.000000	0.000000	
0.000008	0.000004	1.000000	
191
1.000000	-0.000174	0.000000	
-0.003360	1.002164	-0.000004	
1.810826	0.138221	1.003482	
194
1.000000	0.000235	0.000003	
-0.000506	0.999221	-0.000009	
1.075268	0.036345	1.000625	
152
1.000000	-0.000898	-0.000003	
0.005782	1.008652	0.000015	
-0.280827	-1.061712	1.000416	
189
1.000000	0.000000	-0.000000	
-0.000000	1.000000	-0.000000	
-0.000004	-0.000003	1.000000	
158
1.000000	-0.000180	-0.000005	
0.000937	1.001820	0.000008	
0.185192	0.021269	1.002130	
142
1.000000	-0.000434	0.000001	
-0.000009	0.996207	0.000001	
-0.021621	0.279166	0.999239	
150
1.000000	-0.000000	-0.000000	
-0.000000	1.000000	-0.000000	
0.000028	-0.999988	1.000000	
142
1.000000	0.000090	-0.000005	
-0.001781	1.002808	-0.000003	
0.443059	-1.111885	1.002939	
145
1.000000	-0.000000	-0.000000	
0.000000	1.000000	-0.000000	
0.000015	-0.999989	1.000000	
177
1.000000	-0.001269	-0.000004	
0.003712	1.005342	0.000011	
-0.234947	-0.355294	1.000613	
333
1.000000	0.000000	0.000000	
-0.000000	1.000000	-0.000000	
-0.000017	-0.000007	1.000000	
223
1.000000	0.000534	0.000007	
0.001345	0.998739	0.000005	
-0.480450	-0.150948	0.996426	
238
1.000000	-0.000717	-0.000008	
0.000503	1.001090	-0.000005	
0.210058	0.359295	1.005924	
227
1.000000	0.000894	0.000006	
-0.002554	0.999278	-0.000013	
0.503895	-0.015072	1.001637	
207
1.000000	-0.000833	-0.000006	
-0.002165	1.003843	-0.000002	
1.336864	0.414555	1.007732	
176
1.000000	-0.000063	-0.000000	
0.002658	1.007203	0.000011	
0.881741	-0.104650	1.004530	
223
1.000000	0.000019	-0.000000	
0.000400	1.004762	0.000007	
0.253572	-0.134993	1.002560	
219
1.000000	-0.000948	-0.000004	
-0.002308	1.002648	-0.000006	
0.863714	0.511158	1.006352	
212
1.000000	0.000342	0.000003	
-0.006581	0.998471	-0.000013	
0.539331	0.133995	1.001719	
238
1.000000	-0.000954	-0.000004	
0.000077	1.002217	0.000002	
-0.940236	0.059763	1.001834	
250
1.000000	-0.000025	-0.000000	
-0.004667	0.997580	-0.000010	
-2.636775	0.201958	1.000896	
173
1.000000	-0.000552	-0.000003	
0.000511	1.001349	0.000016	
-5.139563	-0.191597	0.996676	
277
1.000000	0.000190	0.000001	
-0.005370	0.999798	-0.000001	
-4.698232	-0.047841	0.999659	
298
1.000000	-0.000000	-0.000000	
-0.000000	1.000000	-0.000000	
-6.000014	0.000005	1.000000	
370
1.000000	-0.000000	0.000000	
-0.000000	1.000000	-0.000000	
-7.000019	0.000004	1.000000	
303
1.000000	0.000479	0.000004	
-0.005096	0.999539	-0.000002	
-6.757947	-0.136118	0.998781	
474
1.000000	0.000000	0.000000	
0.000000	1.000000	0.000000	
-8.000002	0.000006	1.000000	
292
1.000000	-0.000000	-0.000000	
-0.000000	1.000000	0.000000	
-8.999989	-0.000002	1.000000	
342
1.000000	-0.000000	-0.000000	
-0.000000	1.000000	-0.000000	
-9.000024	-0.000006	1.000000	
353
1.000000	0.000000	0.000000	
-0.000000	1.000000	0.000000	
-8.000002	-0.000016	1.000000	
354
1.000000	0.000238	0.000007	
-0.012676	0.995716	-0.000027	
-6.587149	0.135005	0.999574	
368
1.000000	-0.000065	-0.000001	
-0.003579	0.997915	-0.000009	
-6.703215	0.182682	1.000933	
400
1.000000	-0.000314	-0.000001	
-0.004455	0.997989	-0.000010	
-6.573673	0.250824	1.001563	
265
1.000000	0.000173	0.000005	
0.001881	0.997745	0.000005	
-8.587012	-0.049750	0.996284	
374
1.000000	0.000004	-0.000002	
-0.001138	1.000273	0.000017	
-8.974782	-0.278598	0.995671	
339
1.000000	-0.000000	-0.000000	
0.000000	1.000000	0.000000	
-9.000001	-0.000000	1.000000	
404
1.000000	0.000712	0.000008	
-0.002679	0.998746	-0.000002	
-9.235832	-0.259752	0.996142	
320
1.000000	-0.000000	-0.000000	
-0.000000	1.000000	-0.000000	
-9.000003	0.000013	1.000000	
351
1.000000	-0.000000	-0.000000	
0.000000	1.000000	0.000000	
-8.999993	0.000006	1.000000	
288
1.000000	0.000981	0.000013	
-0.001279	0.995517	-0.000006	
-9.073064	-0.287371	0.992653	
319
1.000000	0.000975	0.000014	
0.001077	0.996866	-0.000010	
-9.271657	-0.332424	0.993563	
290
1.000000	0.000010	0.000002	
-0.002983	0.995417	-0.000008	
-8.947228	0.058252	0.996586	
306
1.000000	0.000000	-0.000000	
0.000000	1.000000	-0.000000	
-8.999996	0.000004	1.000000	
293
1.000000	0.000000	0.000000	
0.000000	1.000000	0.000000	
-8.999986	-0.000009	1.000000	
311
1.000000	0.001940	0.000020	
0.001434	0.997187	-0.000001	
-9.491259	-0.719367	0.989967	
328
1.000000	0.000492	0.000009	
-0.002436	0.998321	-0.000007	
-8.033067	-0.150357	0.996435	
345
1.000000	0.000633	0.000002	
0.008236	1.004517	0.000024	
-8.593652	-0.436056	0.997509	
347
1.000000	0.000000	0.000000	
-0.000000	1.000000	-0.000000	
-8.000027	0.000002	1.000000	
507
1.000000	0.000000	-0.000000	
-0.000000	1.000000	-0.000000	
-8.000007	-0.000010	1.000000	
399
1.000000	0.000734	0.000009	
0.000467	1.000503	0.000001	
-8.147214	-0.263761	0.997321	
418
1.000000	-0.000000	-0.000000	
0.000000	1.000000	-0.000000	
-8.000021	-0.000013	1.000000	
349
1.000000	-0.000000	-0.000000	
0.000000	1.000000	-0.000000	
-8.000002	0.000005	1.000000	
369
1.000000	0.000042	-0.000001	
-0.000185	0.999587	0.000007	
-8.075014	-0.072230	0.998073	
443
1.000000	-0.000000	0.000000	
-0.000000	1.000000	-0.000000	
-8.000017	-0.000002	1.000000	
286
1.000000	0.000000	0.000000	
0.000000	1.000000	-0.000000	
-7.999979	0.000002	1.000000	
378
1.000000	0.000000	-0.000000	
0.000000	1.000000	0.000000	
-7.999973	0.000009	1.000000	
332
1.000000	0.000648	0.000006	
0.005720	1.000811	0.000007	
-8.421527	-0.289322	0.996909	
346
1.000000	0.000337	0.000001	
-0.000452	1.001698	0.000007	
-6.995245	-0.177795	0.999240	
305
1.000000	0.000388	0.000008	
-0.000181	0.999317	-0.000002	
-7.268561	-0.158155	0.996791	
375
1.000000	0.000000	0.000000	
0.000000	1.000000	0.000000	
-5.999994	0.000001	1.000000	
287
1.000000	0.000095	0.000001	
-0.004087	0.997366	-0.000009	
-4.946385	0.069120	0.999618	
416
1.000000	0.000000	-0.000000	
0.000000	1.000000	0.000000	
-5.000001	0.000013	1.000000	
422
1.000000	-0.000000	-0.000000	
-0.000000	1.000000	-0.000000	
-4.999992	0.000009	1.000000	
473
1.000000	-0.000000	-0.000000	
-0.000000	1.000000	0.000000	
-5.000002	0.000013	1.000000	
399
1.000000	-0.000000	-0.000000	
-0.000000	1.000000	-0.000000	
-5.000032	0.000004	1.000000	
359
1.000000	0.001749	0.000010	
0.003792	0.999059	0.000016	
-5.445265	-0.572504	0.992085	
424
1.000000	-0.000000	-0.000000	
-0.000000	1.000000	0.000000	
-3.999985	0.000006	1.000000	
399
1.000000	0.000000	0.000000	
-0.000000	1.000000	-0.000000	
-2.999986	0.000013	1.000000	
411
1.000000	0.000000	-0.000000	
-0.000000	1.000000	-0.000000	
-2.999969	0.000016	1.000000	
355
1.000000	0.000000	-0.000000	
0.000000	1.000000	-0.000000	
-2.999989	0.000005	1.000000	
374
1.000000	-0.000000	0.000000	
-0.000000	1.000000	0.000000	
-2.999991	0.000006	1.000000	
427
1.000000	-0.000000	0.000000	
0.000000	1.000000	-0.000000	
-2.999972	0.000002	1.000000	
286
1.000000	0.000000	0.000000	
-0.000000	1.000000	-0.000000	
-2.999993	0.000003	1.000000	
332
1.000000	0.000622	-0.000001	
0.002128	0.997072	-0.000005	
-4.287288	-0.346651	0.994304	
226
1.000000	-0.002944	-0.000009	
-0.003634	0.997367	-0.000024	
-1.654690	0.195356	1.000598	
260
1.000000	0.001712	0.000004	
-0.003622	0.997222	-0.000015	
-2.900338	-1.068538	0.993792	
276
1.000000	-0.000245	0.000001	
-0.000549	0.999810	-0.000005	
-4.084690	-1.161188	0.991648	
271
1.000000	-0.001023	0.000003	
0.002917	1.001181	0.000011	
-4.425189	-1.002485	0.989416	
236
1.000000	-0.000857	0.000003	
0.000452	0.998949	-0.000004	
-3.582636	-0.937437	0.989925	
224
1.000000	-0.000601	-0.000008	
0.001243	1.003255	0.000013	
-3.329810	-1.648957	0.990124	
212
1.000000	0.000457	0.000006	
-0.002091	0.997875	-0.000008	
-3.145605	-1.407242	0.988556	
216
1.000000	0.000033	-0.000001	
-0.005558	1.001112	-0.000010	
-1.622373	-1.274002	0.992742	
266
1.000000	-0.001429	-0.000010	
-0.002179	1.000352	-0.000009	
-1.948731	-0.495119	0.995323	
230
1.000000	-0.002779	-0.000014	
-0.000340	1.004831	0.000000	
-1.420549	-0.188344	0.997059	
223
1.000000	0.000844	0.000008	
-0.000137	1.000408	0.000002	
-2.255293	-0.541328	0.986268	
260
1.000000	-0.001097	0.000003	
-0.002466	1.000459	-0.000010	
-2.126323	1.204023	0.989809	
246
1.000000	0.000456	-0.000001	
0.001686	1.001563	-0.000002	
-2.430795	1.626466	0.990326	
198
1.000000	-0.001889	-0.000011	
0.000083	1.001752	0.000001	
-2.175448	3.266248	0.994541	
231
1.000000	-0.000121	-0.000002	
-0.001882	0.998904	-0.000014	
-2.212462	1.887112	0.991314	
194
1.000000	-0.001946	0.000002	
-0.001940	0.999152	-0.000008	
-2.166261	0.986351	0.989141	
175
1.000000	0.000144	0.000003	
-0.002460	1.001387	-0.000003	
-1.994082	-0.448106	0.988257	
196
1.000000	0.002134	0.000002	
-0.001460	1.000265	-0.000012	
-2.240302	-0.383864	0.989671	
182
1.000000	-0.000800	-0.000009	
-0.000318	1.003525	-0.000001	
-2.123923	-0.036059	0.993075	
178
1.000000	-0.000157	0.000000	
-0.020553	0.989088	-0.000047	
-1.533499	0.041469	0.990577	
265
1.000000	0.000497	0.000003	
0.001505	0.998715	0.000006	
-2.877509	-0.620792	0.986756	
200
1.000000	-0.000530	0.000004	
-0.000607	0.995837	-0.000002	
-2.165312	-0.147166	0.987726	
207
1.000000	-0.000266	0.000008	
0.003472	1.002367	0.000028	
-3.048012	-0.867039	0.982993	
236
1.000000	0.000158	0.000001	
0.001139	0.999794	0.000002	
-2.107574	-0.406547	0.988803	
201
1.000000	0.000577	0.000006	
-0.003823	0.994819	-0.000008	
-2.203774	-0.495359	0.986257	
259
1.000000	-0.000196	-0.000001	
-0.001143	1.000331	-0.000001	
-1.875315	-0.486227	0.990743	
171
1.000000	0.001032	0.000008	
0.000759	0.995029	0.000000	
-3.625139	-1.615200	0.982683	
175
1.000000	0.001648	0.000009	
0.002038	0.998232	0.000009	
-3.174933	-1.840137	0.983076	
185
1.000000	-0.000303	-0.000001	
-0.002283	0.999233	-0.000004	
-1.581595	-1.127151	0.991032	
182
1.000000	0.000702	0.000002	
0.007492	1.001838	0.000010	
-0.910530	-1.488624	0.989094	
138
1.000000	0.000731	0.000010	
0.000011	0.999544	-0.000006	
0.905382	-1.698006	0.985750	
180
1.000000	-0.000757	-0.000003	
-0.002903	0.997936	-0.000011	
2.811425	-0.968643	0.992724	
162
1.000000	0.000124	0.000003	
-0.001740	0.997420	-0.000010	
1.151141	-1.301244	0.988415	
179
1.000000	0.000253	0.000002	
-0.000482	1.000048	0.000008	
-1.067850	-1.350388	0.988339	
179
1.000000	0.000291	-0.000001	
-0.003152	0.997362	-0.000011	
-2.296501	-1.271687	0.991933	
148
1.000000	-0.001459	-0.000006	
0.003546	1.003587	0.000013	
-2.638058	-0.795164	0.992989	
151
1.000000	-0.000666	-0.000003	
-0.002126	1.001909	-0.000003	
-1.771260	-0.984524	0.993916	
137
1.000000	0.000597	0.000003	
0.004763	1.002384	0.000013	
-3.123188	-1.578593	0.988279	
139
1.000000	0.003334	0.000013	
0.045267	1.015912	0.000092	
-5.442925	-2.864610	0.978486	
160
1.000000	0.000032	0.000001	
0.000328	0.999171	0.000000	
-2.737803	-1.243035	0.989512	
156
1.000000	-0.000273	-0.000003	
0.000116	1.000210	-0.000007	
-2.031514	-1.128837	0.993082	
126
1.000000	-0.000311	-0.000021	
0.029108	1.015081	0.000055	
-1.674146	-1.410227	1.001135	
141
1.000000	0.001252	0.000016	
0.011398	0.998860	0.000029	
-4.648793	-1.835222	0.978886	
165
1.000000	0.000184	0.000000	
0.000627	1.001446	0.000003	
-2.413046	-1.298797	0.991490	
177
1.000000	-0.000087	-0.000001	
-0.005385	1.000493	-0.000015	
-1.006739	-1.106054	0.995124	
158
1.000000	-0.000008	0.000009	
0.005613	0.997483	0.000013	
-3.141583	-1.205439	0.984687	
148
1.000000	-0.000279	0.000001	
0.001452	1.003553	0.000013	
-1.729027	-1.210287	0.990979	
149
1.000000	-0.000152	-0.000006	
-0.001152	1.002936	0.000000	
-0.573353	-1.150825	0.996584	
124
1.000000	-0.002215	-0.000009	
-0.000507	1.018161	0.000055	
-0.030794	-0.542871	0.998430	
166
1.000000	0.000406	0.000005	
0.001280	0.996895	0.000003	
-0.565637	-0.159764	0.994211	
152
1.000000	-0.000067	0.000001	
-0.007563	0.999331	-0.000017	
1.747605	0.133551	1.003574	
192
1.000000	-0.000000	0.000000	
-0.000000	1.000000	-0.000000	
0.999973	-0.000008	1.000000	
143
1.000000	0.000062	0.000002	
-0.001503	1.002084	-0.000000	
1.420019	-0.015081	1.001818	
188
1.000000	0.000000	0.000000	
0.000000	1.000000	0.000000	
0.999996	0.000003	1.000000	
147
1.000000	0.000237	0.000001	
0.001873	0.997943	-0.000007	
0.818436	-0.038882	0.999417	
122
1.000000	0.000000	0.000000	
-0.000000	1.000000	-0.000000	
1.999981	-0.000004	1.000000	
254
1.000000	-0.000000	-0.000000	
-0.000000	1.000000	-0.000000	
1.999986	-0.000006	1.000000	
199
1.000000	0.000000	-0.000000	
0.000000	1.000000	0.000000	
1.999979	-0.000011	1.000000	
250
1.000000	0.000000	0.000000	
0.000000	1.000000	0.000000	
1.999995	0.000011	1.000000	
187
1.000000	0.000000	-0.000000	
-0.000000	1.000000	-0.000000	
2.000029	0.000008	1.000000	
206
1.000000	-0.000178	-0.000006	
-0.024007	0.996104	-0.000039	
2.366239	0.098064	1.001091	
186
1.000000	0.000010	0.000010	
0.001359	0.995934	-0.000001	
1.277154	-0.031193	0.991784	
139
1.000000	0.001561	0.000005	
0.007164	1.003805	0.000024	
0.517149	-0.942436	0.989868	
133
1.000000	0.000878	0.000004	
0.005680	1.010436	0.000045	
1.708032	-0.771203	0.992144	
146
1.000000	0.000095	0.000000	
0.002253	1.000871	0.000012	
0.706260	-0.226223	0.992980	
143
1.000000	0.001780	0.000005	
0.013074	1.008888	0.000067	
-0.712865	-1.321361	0.989000	
163
1.000000	-0.000102	-0.000002	
-0.001181	0.997988	0.000004	
0.145151	-0.008257	0.997075	
134
1.000000	-0.004425	-0.000033	
-0.017785	1.003023	-0.000054	
3.610854	1.002339	1.019002	
151
1.000000	-0.000007	0.000014	
-0.027373	0.976218	-0.000091	
-1.271433	0.267688	0.988545	
132
1.000000	0.004238	0.000017	
0.006019	0.998576	0.000026	
-2.852772	-2.144006	0.983186	
152
1.000000	-0.000667	-0.000022	
-0.006840	1.008373	-0.000007	
1.553400	0.095028	1.011191	
164
1.000000	-0.000372	-0.000015	
-0.004644	1.000538	-0.000026	
0.907753	0.167192	1.007681	
297
1.000000	-0.000158	-0.000002	
-0.000827	1.001816	0.000004	
0.257634	0.025957	1.001136	
209
1.000000	0.000159	0.000004	
-0.006008	0.995000	-0.000012	
-0.540137	0.022134	0.996734	
162
1.000000	-0.000152	0.000009	
-0.000417	0.994808	-0.000004	
-0.681398	0.142523	0.995120	
264
1.000000	0.000000	0.000000	
0.000000	1.000000	0.000000	
0.000011	0.000006	1.000000	
227
1.000000	0.000000	-0.000000	
-0.000000	1.000000	-0.000000	
-0.000019	-0.000000	1.000000	
310
1.000000	-0.000000	0.000000	
-0.000000	1.000000	-0.000000	
-0.000005	0.000000	1.000000	
310
1.000000	0.000000	-0.000000	
-0.000000	1.000000	-0.000000	
0.000040	0.000003	1.000000	
202
1.000000	-0.000000	-0.000000	
0.000000	1.000000	0.000000	
-0.000007	0.000001	1.000000	
394
1.000000	0.000000	0.000000	
-0.000000	1.000000	-0.000000	
0.000017	0.000007	1.000000	
352
1.000000	-0.000000	0.000000	
-0.000000	1.000000	-0.000000	
0.000014	0.000018	1.000000	
378
1.000000	-0.000000	0.000000	
0.000000	1.000000	0.000000	
-0.000006	0.000004	1.000000	
299
1.000000	0.000000	-0.000000	
0.000000	1.000000	0.000000	
0.000008	-0.000007	1.000000	
389
1.000000	0.000000	-0.000000	
0.000000	1.000000	-0.000000	
-0.000009	-0.000013	1.000000	
309
1.000000	0.000000	0.000000	
0.000000	1.000000	-0.000000	
-0.000025	0.000001	1.000000	
328
1.000000	-0.000000	-0.000000	
-0.000000	1.000000	0.000000	
-0.000023	0.000002	1.000000	
296
1.000000	-0.000000	-0.000000	
0.000000	1.000000	0.000000	
0.000007	0.000022	1.000000	
382
1.000000	-0.000000	0.000000	
-0.000000	1.000000	-0.000000	
0.000026	0.000005	1.000000	
343
1.000000	-0.000000	-0.000000	
0.000000	1.000000	0.000000	
0.000044	0.000007	1.000000	
379
1.000000	0.000000	-0.000000	
0.000000	1.000000	0.000000	
-0.000031	-0.000006	1.000000	
356
1.000000	0.000000	0.000000	
0.000000	1.000000	0.000000	
0.000038	0.000007	1.000000	
385
1.000000	0.000000	0.000000	
-0.000000	1.000000	-0.000000	
-0.000017	-0.000009	1.000000	
343
1.000000	-0.000000	-0.000000	
-0.000000	1.000000	-0.000000	
0.000015	-0.000002	1.000000	
422
1.000000	0.000000	0.000000	
0.000000	1.000000	-0.000000	
-0.000010	0.000012	1.000000	
281
1.000000	-0.000000	0.000000	
0.000000	1.000000	0.000000	
-0.000014	0.000001	1.000000	
421
1.000000	-0.000000	0.000000	
-0.000000	1.000000	-0.000000	
-0.000008	-0.000003	1.000000	
377
1.000000	0.000000	0.000000	
0.000000	1.000000	0.000000	
0.000022	0.000011	1.000000	
438
1.000000	-0.000000	-0.000000	
0.000000	1.000000	0.000000	
0.000011	-0.000006	1.000000	
427
1.000000	-0.000000	0.000000	
-0.000000	1.000000	0.000000	
-0.000007	-0.000012	1.000000	
470
1.000000	-0.000000	0.000000	
0.000000	1.000000	0.000000	
-0.000003	-0.000005	1.000000	
447
1.000000	-0.000000	0.000000	
-0.000000	1.000000	0.000000	
0.000034	0.000007	1.000000	
444
1.000000	0.000000	-0.000000	
0.000000	1.000000	-0.000000	
0.000020	0.000003	1.000000	
420
1.000000	-0.000000	-0.000000	
-0.000000	1.000000	-0.000000	
0.000008	-0.000008	1.000000	
466
1.000000	-0.000000	-0.000000	
0.000000	1.000000	0.000000	
0.000017	0.000000	1.000000	
425
1.000000	-0.000000	0.000000	
-0.000000	1.000000	0.000000	
0.000024	0.000011	1.000000	
469
1.000000	-0.000000	0.000000	
-0.000000	1.000000	-0.000000	
-0.000004	0.000005	1.000000	
426
1.000000	0.000000	0.000000	
0.000000	1.000000	-0.000000	
-0.000004	-0.000002	1.000000	
430
1.000000	0.000000	0.000000	
0.000000	1.000000	0.000000	
0.000049	0.000001	1.000000	
439
1.000000	0.000000	0.000000	
-0.000000	1.000000	0.000000	
0.000012	0.000006	1.000000	
444
1.000000	0.000000	0.000000	
-0.000000	1.000000	-0.000000	
0.000008	-0.000001	1.000000	
394
1.000000	0.000000	0.000000	
0.000000	1.000000	-0.000000	
-0.000003	0.000006	1.000000	
413
1.000000	-0.000000	-0.000000	
0.000000	1.000000	0.000000	
0.000002	-0.000012	1.000000	
340
1.000000	-0.000000	0.000000	
-0.000000	1.000000	0.000000	
0.000010	0.000002	1.000000	
402
1.000000	-0.000000	0.000000	
0.000000	1.000000	0.000000	
0.000007	0.000000	1.000000	
381
1.000000	-0.000000	-0.000000	
0.000000	1.000000	0.000000	
-0.000011	0.000009	1.000000	
380
1.000000	-0.000000	-0.000000	
0.000000	1.000000	0.000000	
0.000014	0.000013	1.000000	
404
1.000000	0.000000	0.000000	
0.000000	1.000000	0.000000	
0.000010	0.000000	1.000000	
421
1.000000	0.000054	-0.000000	
0.006272	1.003599	0.000015	
-0.048704	-0.107367	0.999960	
399
1.000000	0.000000	0.000000	
-0.000000	1.000000	-0.000000	
-0.000010	-0.000009	1.000000	
416
1.000000	0.000000	-0.000000	
0.000000	1.000000	-0.000000	
-0.000000	-0.000010	1.000000	
389
1.000000	-0.000000	-0.000000	
0.000000	1.000000	0.000000	
0.000022	0.000007	1.000000	
399
1.000000	-0.000000	-0.000000	
0.000000	1.000000	0.000000	
0.000047	0.000003	1.000000	
382
1.000000	0.000000	0.000000	
0.000000	1.000000	-0.000000	
-0.000034	-0.000015	1.000000	
386
1.000000	0.000394	0.000004	
0.002217	0.995647	-0.000009	
-0.514997	-0.064874	0.997150	
376
1.000000	-0.000000	-0.000000	
-0.000000	1.000000	0.000000	
-0.000001	0.000007	1.000000	
398
1.000000	0.000000	0.000000	
-0.000000	1.000000	-0.000000	
0.000034	0.000000	1.000000	
385
1.000000	-0.000000	0.000000	
0.000000	1.000000	0.000000	
-0.000039	-0.000002	1.000000	
395
1.000000	-0.000000	-0.000000	
-0.000000	1.000000	-0.000000	
0.000050	0.000013	1.000000	
399
1.000000	0.000169	0.000000	
0.007227	1.003595	0.000016	
-0.188787	-0.157489	0.999465	
278
1.000000	-0.000000	0.000000	
-0.000000	1.000000	-0.000000	
0.000002	-0.000012	1.000000	
390
1.000000	0.000256	0.000003	
0.001090	0.996050	-0.000009	
-0.397574	-0.019483	0.997878	
384
1.000000	-0.000000	-0.000000	
0.000000	1.000000	0.000000	
-0.000049	-0.000007	1.000000	
375
1.000000	-0.000000	0.000000	
0.000000	1.000000	0.000000	
-0.000006	-0.000000	1.000000	
367
1.000000	-0.000000	-0.000000	
0.000000	1.000000	0.000000	
0.000010	0.000004	1.000000	
381
1.000000	-0.000000	0.000000	
-0.000000	1.000000	-0.000000	
0.000009	-0.000006	1.000000	
382
1.000000	-0.000000	0.000000	
0.000000	1.000000	0.000000	
0.000005	0.000001	1.000000	
385
1.000000	0.000000	0.000000	
-0.000000	1.000000	-0.000000	
-0.000041	-0.000015	1.000000	
384
1.000000	-0.000000	0.000000	
-0.000000	1.000000	-0.000000	
0.000028	0.000001	1.000000	
232
1.000000	0.000658	0.000012	
0.006550	0.996085	0.000007	
-1.429544	-0.250767	0.991747	
304
1.000000	0.000306	0.000005	
0.001672	0.995293	-0.000009	
-0.574042	-0.026575	0.996794	
387
1.000000	0.000079	-0.000001	
0.010487	1.005717	0.000023	
-0.143523	-0.167478	0.999993	
361
1.000000	0.000000	0.000000	
-0.000000	1.000000	-0.000000	
-0.000015	-0.000002	1.000000	
377
1.000000	0.000000	0.000000	
0.000000	1.000000	0.000000	
0.000014	0.000004	1.000000	
359
1.000000	-0.000000	0.000000	
0.000000	1.000000	-0.000000	
0.000009	0.000002	1.000000	
391
1.000000	-0.000062	0.000003	
-0.000855	0.993546	-0.000020	
-0.302501	0.161898	0.998290	
376
1.000000	0.000000	-0.000000	
-0.000000	1.000000	-0.000000	
-0.000029	-0.000005	1.000000	
396
1.000000	0.000000	-0.000000	
-0.000000	1.000000	-0.000000	
-0.000025	0.000001	1.000000	
352
1.000000	-0.000000	0.000000	
-0.000000	1.000000	-0.000000	
0.000031	-0.000009	1.000000	
376
1.000000	-0.000000	0.000000	
-0.000000	1.000000	0.000000	
-0.000012	0.000005	1.000000	
377
1.000000	0.000000	0.000000	
0.000000	1.000000	0.000000	
0.000045	0.000008	1.000000	
376
1.000000	0.000000	0.000000	
-0.000000	1.000000	-0.000000	
0.000018	0.000007	1.000000	
371
1.000000	-0.000000	-0.000000	
0.000000	1.000000	0.000000	
0.000018	0.000001	1.000000	
380
1.000000	-0.000000	-0.000000	
-0.000000	1.000000	-0.000000	
0.000025	0.000016	1.000000	
364
1.000000	0.000000	0.000000	
0.000000	1.000000	-0.000000	
-0.000036	-0.000010	1.000000	
365
1.000000	0.000000	0.000000	
0.000000	1.000000	0.000000	
0.000016	0.000007	1.000000	
369
1.000000	-0.000000	-0.000000	
0.000000	1.000000	0.000000	
0.000029	-0.000000	1.000000	
365
1.000000	0.000000	0.000000	
-0.000000	1.000000	0.000000	
-0.000023	0.000005	1.000000	
358
1.000000	-0.000000	-0.000000	
0.000000	1.000000	0.000000	
0.000017	0.000018	1.000000	
370
1.000000	0.000000	0.000000	
-0.000000	1.000000	-0.000000	
-0.000004	-0.000010	1.000000	
358
1.000000	0.000000	0.000000	
-0.000000	1.000000	-0.000000	
0.000030	-0.000006	1.000000	
367
1.000000	-0.000000	-0.000000	
-0.000000	1.000000	-0.000000	
0.000011	0.000003	1.000000	
358
1.000000	0.000000	0.000000	
-0.000000	1.000000	-0.000000	
-0.000004	-0.000014	1.000000	
371
1.000000	0.000000	0.000000	
-0.000000	1.000000	0.000000	
0.000012	0.000008	1.000000	
370
1.000000	-0.000000	0.000000	
-0.000000	1.000000	0.000000	
-0.000027	-0.000019	1.000000	
370
1.000000	-0.000000	0.000000	
0.000000	1.000000	0.000000	
-0.000019	-0.000009	1.000000	
369
1.000000	0.000000	-0.000000	
0.000000	1.000000	-0.000000	
-0.000009	-0.000005	1.000000	
372
1.000000	0.000000	-0.000000	
0.000000	1.000000	0.000000	
-0.000016	0.000004	1.000000	
374
1.000000	-0.000000	-0.000000	
-0.000000	1.000000	0.000000	
0.000004	0.000004	1.000000	
377
1.000000	0.000000	0.000000	
-0.000000	1.000000	-0.000000	
0.000025	0.000011	1.000000	
374
1.000000	-0.000000	-0.000000	
-0.000000	1.000000	-0.000000	
0.000016	0.000004	1.000000	
374
1.000000	-0.000000	0.000000	
0.000000	1.000000	0.000000	
-0.000016	-0.000007	1.000000	
378
1.000000	0.000000	0.000000	
-0.000000	1.000000	-0.000000	
0.000019	0.000010	1.000000	
384
1.000000	0.000000	-0.000000	
-0.000000	1.000000	-0.000000	
0.000028	0.000001	1.000000	
353
1.000000	-0.000000	-0.000000	
0.000000	1.000000	-0.000000	
-0.000009	0.000005	1.000000	
352
1.000000	0.000000	-0.000000	
-0.000000	1.000000	-0.000000	
-0.000026	0.000004	1.000000	
369
1.000000	-0.000000	0.000000	
-0.000000	1.000000	-0.000000	
-0.000022	0.000000	1.000000	
377
1.000000	-0.000000	-0.000000	
0.000000	1.000000	0.000000	
-0.000004	-0.000011	1.000000	
385
1.000000	-0.000000	0.000000	
-0.000000	1.000000	0.000000	
0.000020	0.000004	1.000000	
412
1.000000	-0.000000	-0.000000	
-0.000000	1.000000	0.000000	
-0.000020	0.000001	1.000000	
426
1.000000	0.000000	-0.000000	
0.000000	1.000000	0.000000	
-0.000044	0.000002	1.000000	
441
1.000000	0.000379	0.000001	
0.001813	1.004628	0.000019	
-0.075660	-0.256038	0.999008	
391
1.000000	0.000000	-0.000000	
-0.000000	1.000000	-0.000000	
-0.000021	0.000001	1.000000	
380
1.000000	0.000000	0.000000	
-0.000000	1.000000	-0.000000	
-0.000049	0.000001	1.000000	
375
1.000000	0.000000	-0.000000	
0.000000	1.000000	0.000000	
0.000005	0.000007	1.000000	
364
1.000000	-0.000000	-0.000000	
0.000000	1.000000	0.000000	
0.000017	0.000014	1.000000	
358
1.000000	-0.000000	-0.000000	
-0.000000	1.000000	-0.000000	
0.000044	0.000005	1.000000	
358
1.000000	0.000000	-0.000000	
-0.000000	1.000000	-0.000000	
0.000024	0.000004	1.000000	
367
1.000000	0.000000	-0.000000	
-0.000000	1.000000	-0.000000	
-0.000024	-0.000003	1.000000	
367
1.000000	0.000000	-0.000000	
0.000000	1.000000	0.000000	
0.000023	0.000008	1.000000	
366
1.000000	0.000000	0.000000	
-0.000000	1.000000	0.000000	
0.000013	-0.000001	1.000000	
367
1.000000	-0.000000	0.000000	
-0.000000	1.000000	-0.000000	
0.000017	0.000010	1.000000	
373
1.000000	0.000000	0.000000	
-0.000000	1.000000	-0.000000	
-0.000038	-0.000009	1.000000	
400
1.000000	-0.000000	-0.000000	
-0.000000	1.000000	-0.000000	
-0.000022	0.000006	1.000000	
406
1.000000	-0.000000	-0.000000	
0.000000	1.000000	-0.000000	
0.000019	-0.000000	1.000000	
424
1.000000	-0.000000	0.000000	
0.000000	1.000000	0.000000	
-0.000052	-0.000017	1.000000	
421
1.000000	0.000000	0.000000	
0.000000	1.000000	-0.000000	
-0.000027	-0.000006	1.000000	
441
1.000000	0.000000	0.000000	
0.000000	1.000000	0.000000	
0.000039	0.000007	1.000000	
413
1.000000	-0.000000	0.000000	
0.000000	1.000000	0.000000	
0.000007	0.000011	1.000000	
258
1.000000	-0.000000	0.000000	
-0.000000	1.000000	0.000000	
0.000016	0.000015	1.000000	
372
1.000000	0.000171	0.000001	
0.000741	1.002483	0.000010	
-0.011835	-0.127676	0.999583	
425
1.000000	-0.000000	0.000000	
0.000000	1.000000	0.000000	
-0.000008	-0.000008	1.000000	
408
1.000000	-0.000000	0.000000	
-0.000000	1.000000	-0.000000	
-0.000037	-0.000002	1.000000	
461
1.000000	0.000000	-0.000000	
-0.000000	1.000000	-0.000000	
0.000002	0.000003	1.000000	
408
1.000000	-0.000000	-0.000000	
0.000000	1.000000	0.000000	
0.000022	0.000012	1.000000	
274
1.000000	0.000000	-0.000000	
-0.000000	1.000000	-0.000000	
0.000018	0.000006	1.000000	
419
1.000000	-0.000000	0.000000	
0.000000	1.000000	0.000000	
-0.000013	0.000001	1.000000	
423
1.000000	-0.000000	-0.000000	
0.000000	1.000000	0.000000	
0.000038	0.000012	1.000000	
436
1.000000	0.000000	0.000000	
-0.000000	1.000000	-0.000000	
-0.000012	-0.000009	1.000000	
421
1.000000	0.000000	-0.000000	
-0.000000	1.000000	-0.000000	
-0.000010	-0.000003	1.000000	
409
1.000000	-0.000000	-0.000000	
0.000000	1.000000	0.000000	
0.000021	0.000016	1.000000	
383
1.000000	-0.000000	0.000000	
-0.000000	1.000000	0.000000	
-0.000002	0.000003	1.000000	
416
1.000000	0.000000	0.000000	
-0.000000	1.000000	-0.000000	
0.000027	0.000008	1.000000	
401
1.000000	-0.000000	-0.000000	
0.000000	1.000000	0.000000	
-0.000017	-0.000012	1.000000	
398
1.000000	0.000000	0.000000	
-0.000000	1.000000	0.000000	
-0.000029	0.000000	1.000000	
400
1.000000	0.000000	0.000000	
0.000000	1.000000	-0.000000	
0.000003	-0.000009	1.000000	
399
1.000000	0.000000	-0.000000	
0.000000	1.000000	-0.000000	
0.000025	0.000015	1.000000	
405
1.000000	0.000000	0.000000	
0.000000	1.000000	-0.000000	
0.000015	0.000004	1.000000	
405
1.000000	-0.000000	0.000000	
-0.000000	1.000000	-0.000000	
-0.000032	-0.000000	1.000000	
399
1.000000	0.000000	-0.000000	
0.000000	1.000000	0.000000	
0.000010	-0.000010	1.000000	
389
1.000000	-0.000000	0.000000	
0.000000	1.000000	0.000000	
-0.000006	0.000006	1.000000	
395
1.000000	0.000000	-0.000000	
0.000000	1.000000	-0.000000	
0.000040	0.000006	1.000000	
397
1.000000	-0.000214	0.000000	
-0.000847	0.995365	-0.000016	
-0.111276	0.184992	0.999758	
404
1.000000	0.000000	0.000000	
0.000000	1.000000	0.000000	
0.000018	0.000005	1.000000	
400
1.000000	0.000000	0.000000	
-0.000000	1.000000	0.000000	
0.000008	0.000012	1.000000	
392
1.000000	-0.000000	-0.000000	
0.000000	1.000000	0.000000	
-0.000006	-0.000012	1.000000	
379
1.000000	-0.000000	0.000000	
-0.000000	1.000000	-0.000000	
0.000010	-0.000007	1.000000	
388
1.000000	0.000000	0.000000	
-0.000000	1.000000	-0.000000	
0.000011	0.000002	1.000000	
388
1.000000	-0.000000	-0.000000	
-0.000000	1.000000	-0.000000	
0.000010	0.000008	1.000000	
384
1.000000	0.000000	0.000000	
0.000000	1.000000	-0.000000	
0.000001	0.000003	1.000000	
398
1.000000	-0.000000	0.000000	
-0.000000	1.000000	0.000000	
0.000039	0.000016	1.000000	
379
1.000000	-0.000000	-0.000000	
0.000000	1.000000	0.000000	
-0.000044	-0.000015	1.000000	
391
1.000000	0.000000	0.000000	
-0.000000	1.000000	0.000000	
0.000029	0.000011	1.000000	
382
1.000000	0.000000	-0.000000	
0.000000	1.000000	0.000000	
0.000054	0.000013	1.000000	
383
1.000000	0.000000	0.000000	
0.000000	1.000000	-0.000000	
0.000007	-0.000005	1.000000	
371
1.000000	-0.000000	-0.000000	
-0.000000	1.000000	0.000000	
-0.000014	0.000013	1.000000	
385
1.000000	-0.000000	-0.000000	
0.000000	1.000000	0.000000	
0.000007	-0.000005	1.000000	
373
1.000000	0.000000	-0.000000	
0.000000	1.000000	-0.000000	
0.000008	0.000004	1.000000	
374
1.000000	-0.000000	0.000000	
-0.000000	1.000000	-0.000000	
0.000019	0.000005	1.000000	
376
1.000000	0.000000	0.000000	
0.000000	1.000000	0.000000	
0.000006	-0.000005	1.000000	
381
1.000000	0.000000	-0.000000	
-0.000000	1.000000	-0.000000	
0.000037	-0.000000	1.000000	
375
1.000000	-0.000000	-0.000000	
0.000000	1.000000	0.000000	
-0.000012	-0.000004	1.000000	
392
1.000000	0.000000	-0.000000	
0.000000	1.000000	0.000000	
0.000010	-0.000006	1.000000	
386
1.000000	0.000000	-0.000000	
-0.000000	1.000000	-0.000000	
-0.000004	-0.000004	1.000000	
408
1.000000	-0.000000	0.000000	
-0.000000	1.000000	-0.000000	
0.000009	-0.000006	1.000000	
406
1.000000	-0.000000	-0.000000	
0.000000	1.000000	-0.000000	
-0.000020	0.000001	1.000000	
410
1.000000	0.000000	0.000000	
0.000000	1.000000	0.000000	
-0.000007	-0.000013	1.000000	
402
1.000000	0.000000	0.000000	
0.000000	1.000000	0.000000	
0.000006	0.000016	1.000000	
403
1.000000	0.000000	0.000000	
0.000000	1.000000	-0.000000	
0.000000	-0.000005	1.000000	
393
1.000000	-0.000000	-0.000000	
0.000000	1.000000	0.000000	
0.000051	0.000009	1.000000	
400
1.000000	0.000000	-0.000000	
0.000000	1.000000	-0.000000	
0.000049	0.000001	1.000000	
393
1.000000	0.000000	0.000000	
0.000000	1.000000	0.000000	
-0.000019	-0.000005	1.000000	
393
1.000000	0.000000	0.000000	
0.000000	1.000000	0.000000	
-0.000001	0.000001	1.000000	
385
1.000000	0.000000	0.000000	
-0.000000	1.000000	-0.000000	
0.000005	0.000006	1.000000	
399
1.000000	0.000000	0.000000	
0.000000	1.000000	0.000000	
-0.000004	0.000002	1.000000	
378
1.000000	0.000000	0.000000	
0.000000	1.000000	-0.000000	
0.000043	0.000014	1.000000	
390
1.000000	-0.000000	-0.000000	
0.000000	1.000000	0.000000	
0.000048	0.000013	1.000000	
393
1.000000	-0.000000	-0.000000	
-0.000000	1.000000	-0.000000	
0.000005	0.000002	1.000000	
406
1.000000	-0.000000	-0.000000	
-0.000000	1.000000	-0.000000	
0.000036	0.000014	1.000000	
212
1.000000	0.000000	0.000000	
-0.000000	1.000000	-0.000000	
-0.000011	-0.000001	1.000000	
400
1.000000	0.000000	0.000000	
-0.000000	1.000000	-0.000000	
-0.000017	-0.000005	1.000000	
417
1.000000	-0.000000	-0.000000	
0.000000	1.000000	-0.000000	
0.000015	-0.000009	1.000000	
429
1.000000	-0.000000	-0.000000	
-0.000000	1.000000	-0.000000	
-0.000021	0.000005	1.000000	
403
1.000000	0.000000	-0.000000	
0.000000	1.000000	-0.000000	
0.000036	0.000013	1.000000	
413
1.000000	-0.000000	0.000000	
-0.000000	1.000000	-0.000000	
0.000053	0.000010	1.000000	
399
1.000000	0.000000	-0.000000	
-0.000000	1.000000	0.000000	
0.000020	0.000008	1.000000	
425
1.000000	0.000000	0.000000	
0.000000	1.000000	0.000000	
-0.000037	0.000002	1.000000	
409
1.000000	0.000000	-0.000000	
0.000000	1.000000	0.000000	
-0.000014	-0.000003	1.000000	
412
1.000000	0.000000	-0.000000	
0.000000	1.000000	0.000000	
0.000045	0.000015	1.000000	
410
1.000000	0.000000	-0.000000	
0.000000	1.000000	-0.000000	
-0.000009	-0.000013	1.000000	
430
1.000000	-0.000000	-0.000000	
-0.000000	1.000000	-0.000000	
-0.000011	-0.000001	1.000000	
431
1.000000	-0.000565	-0.000003	
-0.001727	0.997911	-0.000012	
0.261125	0.272282	1.002043	
470
1.000000	0.000000	-0.000000	
0.000000	1.000000	0.000000	
-0.000037	-0.000012	1.000000	
447
1.000000	0.000000	-0.000000	
-0.000000	1.000000	-0.000000	
0.000005	0.000008	1.000000	
487
1.000000	0.000000	-0.000000	
0.000000	1.000000	0.000000	
0.000024	0.000008	1.000000	
456
1.000000	0.000000	0.000000	
0.000000	1.000000	0.000000	
0.000033	0.000007	1.000000	
464
1.000000	0.000000	0.000000	
-0.000000	1.000000	-0.000000	
-0.000012	-0.000008	1.000000	
478
1.000000	0.000000	0.000000	
0.000000	1.000000	-0.000000	
0.000005	-0.000007	1.000000	
510
1.000000	-0.000000	0.000000	
-0.000000	1.000000	0.000000	
-0.000007	-0.000012	1.000000	
477
1.000000	0.000000	0.000000	
0.000000	1.000000	0.000000	
0.000021	0.000002	1.000000	
295
1.000000	0.000000	-0.000000	
0.000000	1.000000	-0.000000	
0.000029	0.000006	1.000000	
478
1.000000	0.000000	0.000000	
-0.000000	1.000000	-0.000000	
-0.000007	-0.000007	1.000000	
493
1.000000	-0.000000	0.000000	
0.000000	1.000000	0.000000	
0.000015	-0.000012	1.000000	
463
1.000000	-0.000000	0.000000	
0.000000	1.000000	0.000000	
0.000021	-0.000002	1.000000	
463
1.000000	-0.000000	0.000000	
-0.000000	1.000000	-0.000000	
-0.000004	-0.000004	1.000000	
256
1.000000	0.000000	0.000000	
-0.000000	1.000000	-0.000000	
-0.999976	0.000004	1.000000	
224
1.000000	-0.000065	-0.000007	
-0.002764	1.003122	-0.000007	
0.773787	-0.002396	1.004837	
185
1.000000	0.000484	0.000003	
0.001441	1.001580	0.000010	
-1.248718	-1.238173	0.998048	
158
1.000000	0.000298	0.000006	
0.000809	0.994560	0.000015	
-2.387948	-0.030798	0.993999	
202
1.000000	0.000000	0.000000	
0.000000	1.000000	0.000000	
-4.000019	-1.000011	1.000000	
170
1.000000	-0.000315	0.000004	
0.000728	0.993117	0.000002	
-3.572227	-0.751827	0.996786	
242
1.000000	0.000000	0.000000	
0.000000	1.000000	0.000000	
-1.000014	-2.000006	1.000000	
233
1.000000	0.000000	0.000000	
-0.000000	1.000000	0.000000	
-0.000033	-2.000013	1.000000	
160
1.000000	-0.002870	-0.000010	
-0.001191	1.001075	0.000001	
0.720735	-0.717426	1.005706	
126
1.000000	-0.000185	0.000004	
0.007526	1.000982	0.000029	
-2.391976	-2.075326	0.992503	
188
1.000000	0.000000	0.000000	
-0.000000	1.000000	-0.000000	
-1.000018	-1.000000	1.000000	
163
1.000000	-0.000000	0.000000	
0.000000	1.000000	0.000000	
-1.999975	0.000017	1.000000	
173
1.000000	-0.000193	-0.000011	
0.000667	1.001262	0.000006	
-3.502600	0.083851	1.004892	
193
1.000000	0.003335	0.000017	
0.001481	0.999949	0.000011	
-5.394631	-1.632736	0.989084	
173
1.000000	-0.000164	0.000001	
0.006976	0.999426	0.000019	
-4.313033	0.069238	0.998724	
194
1.000000	-0.003139	-0.000005	
-0.000992	1.001485	-0.000002	
-3.644393	0.436151	1.002916	
165
1.000000	-0.000780	0.000003	
0.000181	0.994758	0.000002	
-4.167660	0.301896	0.998085	
196
1.000000	-0.000555	-0.000009	
0.000523	1.000803	-0.000017	
-4.007673	0.228292	1.006567	
221
1.000000	0.000405	0.000018	
0.001829	0.996213	0.000008	
-4.757233	-0.092063	0.992360	
186
1.000000	0.000087	-0.000020	
0.000200	1.005440	-0.000007	
-0.927184	0.040634	1.013361	
237
1.000000	-0.000228	0.000005	
-0.002091	0.993652	-0.000013	
-0.761244	0.262851	1.000342	
151
1.000000	-0.000397	-0.000009	
0.000305	1.008245	0.000016	
1.449274	0.098574	1.009125	
193
1.000000	0.000593	0.000014	
0.002270	0.999509	0.000007	
-0.254545	-0.126928	0.996761	
169
1.000000	-0.000161	0.000004	
-0.002974	0.999470	0.000000	
0.999904	0.156698	1.003333	
140
1.000000	-0.002090	-0.000012	
-0.000071	1.007459	0.000018	
1.518652	-0.062937	1.011543	
126
1.000000	0.004758	0.000016	
0.001983	0.996645	0.000011	
-0.368696	-2.913184	0.994829	
136
1.000000	-0.000562	0.000001	
0.001478	1.002554	0.000011	
1.027170	-1.718881	1.004964	
120
1.000000	0.000294	0.000014	
0.001759	0.998855	0.000014	
-0.120010	-1.042768	0.996661	
183
1.000000	-0.000771	0.000001	
-0.002190	1.000236	0.000000	
0.484808	-0.734595	1.003514	
145
1.000000	0.000843	0.000013	
-0.008051	0.994629	-0.000028	
-0.303807	-0.120965	1.001259	
165
1.000000	0.000412	0.000011	
0.000586	0.998111	0.000001	
-1.235775	0.933806	0.996778	
165
1.000000	0.000375	-0.000001	
0.000048	0.996836	-0.000014	
0.486332	0.954926	1.004774	
214
1.000000	0.000528	0.000008	
-0.002464	0.995591	-0.000005	
0.704537	0.949605	1.000164	
136
1.000000	0.002551	0.000010	
0.000773	1.000352	0.000004	
-0.206327	-0.566151	0.997313	
153
1.000000	0.000282	0.000008	
-0.004340	0.994567	-0.000010	
1.216317	0.978784	1.000793	
181
1.000000	-0.000453	-0.000001	
0.001282	1.000670	-0.000002	
1.917802	1.178102	1.005560	
177
1.000000	0.000073	0.000000	
0.000625	1.004314	0.000002	
1.907353	-0.032410	1.003594	
153
1.000000	0.000130	0.000001	
-0.002554	0.995359	-0.000012	
1.533236	1.025295	1.002148	
185
1.000000	0.001232	0.000004	
-0.000864	0.996164	-0.000003	
0.916090	0.285434	0.998358	
164
1.000000	0.000343	0.000002	
0.000965	0.999657	-0.000003	
0.649072	-0.085136	0.999793	
154
1.000000	-0.000045	0.000025	
-0.001093	0.997448	-0.000002	
-1.047694	-0.037024	0.985840	
372
1.000000	-0.000000	-0.000000	
-0.000000	1.000000	-0.000000	
0.000001	0.000003	1.000000	
197
1.000000	-0.000031	-0.000000	
-0.001873	0.999857	-0.000012	
0.480894	0.078240	1.003191	
329
1.000000	0.000000	0.000000	
0.000000	1.000000	-0.000000	
-0.000005	0.000002	1.000000	
425
1.000000	0.000000	-0.000000	
0.000000	1.000000	0.000000	
0.000004	-0.000018	1.000000	
387
1.000000	-0.000000	-0.000000	
-0.000000	1.000000	0.000000	
-0.000001	0.000002	1.000000	
436
1.000000	-0.000000	-0.000000	
-0.000000	1.000000	-0.000000	
-0.000014	0.000003	1.000000	
400
1.000000	-0.000000	-0.000000	
-0.000000	1.000000	0.000000	
-0.000018	-0.000004	1.000000	
454
1.000000	-0.000000	0.000000	
0.000000	1.000000	-0.000000	
-0.000022	-0.000020	1.000000	
423
1.000000	0.000000	0.000000	
0.000000	1.000000	0.000000	
-0.000032	-0.000002	1.000000	
455
1.000000	-0.000000	-0.000000	
-0.000000	1.000000	0.000000	
-0.000002	0.000002	1.000000	
376
1.000000	-0.000000	-0.000000	
-0.000000	1.000000	-0.000000	
0.000024	0.000006	1.000000	
447
1.000000	-0.000000	0.000000	
-0.000000	1.000000	0.000000	
0.000008	-0.000002	1.000000	
401
1.000000	0.000000	0.000000	
-0.000000	1.000000	-0.000000	
0.000010	0.000007	1.000000	
431
1.000000	0.000000	0.000000	
0.000000	1.000000	0.000000	
0.000017	0.000001	1.000000	
391
1.000000	0.000000	0.000000	
-0.000000	1.000000	-0.000000	
-0.000032	-0.000013	1.000000	
455
1.000000	-0.000000	0.000000	
-0.000000	1.000000	0.000000	
-0.000038	-0.000007	1.000000	
436
1.000000	0.000000	0.000000	
0.000000	1.000000	-0.000000	
-0.000001	-0.000007	1.000000	
467
1.000000	-0.000000	-0.000000	
-0.000000	1.000000	0.000000	
-0.000007	-0.000005	1.000000	
429
1.000000	-0.000000	-0.000000	
-0.000000	1.000000	-0.000000	
0.000012	-0.000004	1.000000	
443
1.000000	-0.000000	-0.000000	
-0.000000	1.000000	-0.000000	
0.000001	0.000004	1.000000	
424
1.000000	-0.000341	-0.000001	
-0.000957	0.998267	-0.000008	
0.084297	0.149980	1.000828	
437
1.000000	0.000000	-0.000000	
-0.000000	1.000000	-0.000000	
-0.000005	0.000003	1.000000	
422
1.000000	-0.000000	-0.000000	
-0.000000	1.000000	-0.000000	
0.000023	0.000010	1.000000	
438
1.000000	-0.000000	0.000000	
0.000000	1.000000	0.000000	
0.000017	0.000014	1.000000	
407
1.000000	0.000000	-0.000000	
-0.000000	1.000000	0.000000	
0.000019	0.000021	1.000000	
436
1.000000	0.000000	-0.000000	
0.000000	1.000000	-0.000000	
0.000037	0.000003	1.000000	
428
1.000000	-0.000917	-0.000009	
-0.001791	0.999590	-0.000010	
0.386914	0.265110	1.003913	
481
1.000000	0.000000	0.000000	
-0.000000	1.000000	0.000000	
-0.000014	-0.000012	1.000000	
462
1.000000	-0.000711	-0.000006	
-0.001115	0.999161	-0.000011	
0.328925	0.256621	1.003004	
328
1.000000	-0.000000	-0.000000	
0.000000	1.000000	0.000000	
0.000008	-0.000001	1.000000	
542
1.000000	-0.000000	-0.000000	
0.000000	1.000000	0.000000	
0.000001	-0.000006	1.000000	
537
1.000000	-0.000000	-0.000000	
0.000000	1.000000	0.000000	
0.000049	0.000020	1.000000	
578
1.000000	0.000000	0.000000	
-0.000000	1.000000	-0.000000	
-0.000008	-0.000001	1.000000	
507
1.000000	-0.000000	-0.000000	
-0.000000	1.000000	-0.000000	
0.000028	0.000010	1.000000	
519
1.000000	-0.000000	-0.000000	
-0.000000	1.000000	-0.000000	
0.000046	0.000012	1.000000	
493
1.000000	-0.000000	-0.000000	
-0.000000	1.000000	0.000000	
0.000008	0.000002	1.000000	
473
1.000000	-0.000000	-0.000000	
-0.000000	1.000000	0.000000	
-0.000007	0.000004	1.000000	
446
1.000000	-0.000000	0.000000	
0.000000	1.000000	0.000000	
-0.000024	-0.000008	1.000000	
441
1.000000	-0.000000	0.000000	
0.000000	1.000000	0.000000	
0.000016	-0.000001	1.000000	
390
1.000000	0.000000	-0.000000	
0.000000	1.000000	0.000000	
0.000035	0.000005	1.000000	
391
1.000000	0.000000	0.000000	
-0.000000	1.000000	-0.000000	
-0.000007	0.000005	1.000000	
414
1.000000	-0.000000	0.000000	
0.000000	1.000000	0.000000	
0.000035	0.000005	1.000000	
432
1.000000	0.000000	0.000000	
-0.000000	1.000000	-0.000000	
-0.000012	0.000007	1.000000	
396
1.000000	0.000000	-0.000000	
0.000000	1.000000	0.000000	
-0.000004	0.000004	1.000000	
430
1.000000	0.000000	0.000000	
-0.000000	1.000000	-0.000000	
0.000001	-0.000009	1.000000	
433
1.000000	-0.000000	-0.000000	
-0.000000	1.000000	-0.000000	
-0.000037	-0.000014	1.000000	
460
1.000000	0.000000	0.000000	
-0.000000	1.000000	0.000000	
0.000020	0.000001	1.000000	
442
1.000000	-0.000000	-0.000000	
-0.000000	1.000000	-0.000000	
0.000008	-0.000002	1.000000	
443
1.000000	-0.000000	-0.000000	
-0.000000	1.000000	0.000000	
0.000033	0.000003	1.000000	
415
1.000000	-0.000097	-0.000001	
-0.000135	1.001528	0.000005	
0.106018	-0.015299	1.000416	
440
1.000000	-0.000000	-0.000000	
0.000000	1.000000	0.000000	
0.000013	0.000007	1.000000	
436
1.000000	0.000000	0.000000	
0.000000	1.000000	0.000000	
-0.000011	0.000015	1.000000	
435
1.000000	0.000000	0.000000	
-0.000000	1.000000	0.000000	
0.000008	-0.000008	1.000000	
183
1.000000	-0.000000	-0.000000	
-0.000000	1.000000	-0.000000	
0.000019	0.000009	1.000000	
390
1.000000	-0.000000	-0.000000	
0.000000	1.000000	0.000000	
-0.000013	-0.000006	1.000000	
361
1.000000	0.000000	0.000000	
-0.000000	1.000000	-0.000000	
0.000023	-0.000014	1.000000	
416
1.000000	0.000000	0.000000	
-0.000000	1.000000	-0.000000	
0.000026	0.000009	1.000000	
423
1.000000	-0.000000	-0.000000	
0.000000	1.000000	0.000000	
0.000069	0.000012	1.000000	
460
1.000000	0.000000	0.000000	
-0.000000	1.000000	-0.000000	
-0.000016	0.000003	1.000000	
415
1.000000	-0.000000	-0.000000	
0.000000	1.000000	0.000000	
-0.000035	-0.000009	1.000000	
394
1.000000	0.000000	-0.000000	
-0.000000	1.000000	-0.000000	
-0.000008	-0.000007	1.000000	
393
1.000000	0.000000	0.000000	
0.000000	1.000000	-0.000000	
-0.000013	0.000001	1.000000	
395
1.000000	-0.000000	-0.000000	
0.000000	1.000000	0.000000	
-0.000002	0.000007	1.000000	
394
1.000000	-0.000000	0.000000	
-0.000000	1.000000	-0.000000	
0.000033	-0.000004	1.000000	
422
1.000000	-0.000000	-0.000000	
-0.000000	1.000000	-0.000000	
0.000007	-0.000006	1.000000	
407
1.000000	0.000000	0.000000	
0.000000	1.000000	-0.000000	
-0.000034	-0.000012	1.000000	
423
1.000000	-0.000000	-0.000000	
0.000000	1.000000	0.000000	
0.000010	0.000010	1.000000	
416
1.000000	0.000000	-0.000000	
-0.000000	1.000000	-0.000000	
0.000020	0.000010	1.000000	
450
1.000000	-0.000000	-0.000000	
-0.000000	1.000000	-0.000000	
0.000020	0.000015	1.000000	
428
1.000000	-0.000000	0.000000	
-0.000000	1.000000	-0.000000	
0.000068	0.000002	1.000000	
446
1.000000	-0.000000	0.000000	
-0.000000	1.000000	0.000000	
-0.000024	-0.000013	1.000000	
437
1.000000	-0.000000	0.000000	
0.000000	1.000000	0.000000	
0.000043	0.000009	1.000000	
437
1.000000	-0.000000	0.000000	
-0.000000	1.000000	0.000000	
0.000048	0.000009	1.000000	
388
1.000000	-0.000000	-0.000000	
-0.000000	1.000000	-0.000000	
-0.000026	-0.000002	1.000000	
397
1.000000	0.000000	-0.000000	
0.000000	1.000000	0.000000	
0.000005	-0.000003	1.000000	
378
1.000000	-0.000000	-0.000000	
0.000000	1.000000	0.000000	
0.000020	0.000001	1.000000	
383
1.000000	-0.000000	-0.000000	
-0.000000	1.000000	0.000000	
-0.000016	-0.000005	1.000000	
379
1.000000	0.000000	-0.000000	
0.000000	1.000000	0.000000	
0.000048	0.000012	1.000000	
377
1.000000	0.000000	0.000000	
0.000000	1.000000	-0.000000	
-0.000031	0.000000	1.000000	
382
1.000000	-0.000000	-0.000000	
-0.000000	1.000000	0.000000	
-0.000009	0.000000	1.000000	
365
1.000000	-0.000000	0.000000	
0.000000	1.000000	-0.000000	
-0.000001	0.000007	1.000000	
359
1.000000	-0.000000	-0.000000	
0.000000	1.000000	0.000000	
-0.000020	-0.000006	1.000000	
355
1.000000	-0.000000	-0.000000	
-0.000000	1.000000	0.000000	
0.000002	0.000002	1.000000	
356
1.000000	0.000000	-0.000000	
0.000000	1.000000	0.000000	
-0.000011	-0.000015	1.000000	
353
1.000000	0.000000	0.000000	
0.000000	1.000000	-0.000000	
0.000025	0.000010	1.000000	
351
1.000000	0.000000	0.000000	
0.000000	1.000000	-0.000000	
0.000028	0.000013	1.000000	
349
1.000000	-0.000000	0.000000	
-0.000000	1.000000	-0.000000	
-0.000015	-0.000000	1.000000	
342
1.000000	-0.000000	0.000000	
-0.000000	1.000000	-0.000000	
-0.000004	-0.000007	1.000000	
357
1.000000	-0.000000	0.000000	
0.000000	1.000000	0.000000	
0.000006	0.000002	1.000000	
341
1.000000	-0.000000	0.000000	
-0.000000	1.000000	0.000000	
0.000020	0.000012	1.000000	
372
1.000000	-0.000000	-0.000000	
-0.000000	1.000000	0.000000	
0.000004	0.000003	1.000000	
347
1.000000	0.000000	0.000000	
0.000000	1.000000	0.000000	
-0.000006	0.000004	1.000000	
373
1.000000	-0.000000	-0.000000	
0.000000	1.000000	0.000000	
0.000001	0.000008	1.000000	
351
1.000000	-0.000000	0.000000	
0.000000	1.000000	0.000000	
0.000011	-0.000013	1.000000	
358
1.000000	-0.000000	-0.000000	
-0.000000	1.000000	-0.000000	
0.000021	-0.000002	1.000000	
349
1.000000	0.000000	0.000000	
-0.000000	1.000000	-0.000000	
0.000007	0.000005	1.000000	
339
1.000000	0.000000	-0.000000	
-0.000000	1.000000	-0.000000	
-0.000016	0.000004	1.000000	
334
1.000000	0.000000	-0.000000	
0.000000	1.000000	-0.000000	
0.000007	-0.000015	1.000000	
360
1.000000	-0.000000	0.000000	
0.000000	1.000000	-0.000000	
-0.000010	-0.000001	1.000000	
351
1.000000	-0.000000	-0.000000	
0.000000	1.000000	0.000000	
0.000034	0.000011	1.000000	
387
1.000000	-0.000000	-0.000000	
0.000000	1.000000	0.000000	
0.000003	0.000003	1.000000	
376
1.000000	0.000000	-0.000000	
0.000000	1.000000	0.000000	
0.000038	0.000009	1.000000	
377
1.000000	0.000000	0.000000	
-0.000000	1.000000	-0.000000	
-0.000027	-0.000004	1.000000	
381
1.000000	-0.000000	0.000000	
0.000000	1.000000	0.000000	
-0.000008	0.000012	1.000000	
231
1.000000	0.000000	-0.000000	
-0.000000	1.000000	-0.000000	
0.000034	0.000007	1.000000	
345
1.000000	-0.000000	0.000000	
-0.000000	1.000000	-0.000000	
0.000031	-0.000002	1.000000	
354
1.000000	-0.000000	0.000000	
-0.000000	1.000000	-0.000000	
0.000039	0.000011	1.000000	
361
1.000000	-0.000000	0.000000	
-0.000000	1.000000	0.000000	
-0.000001	0.000005	1.000000	
352
1.000000	-0.000000	0.000000	
-0.000000	1.000000	0.000000	
-0.000001	0.000008	1.000000	
353
1.000000	-0.000000	-0.000000	
-0.000000	1.000000	-0.000000	
0.000014	-0.000002	1.000000	
340
1.000000	-0.000000	0.000000	
0.000000	1.000000	0.000000	
0.000043	0.000019	1.000000	
353
1.000000	-0.000000	-0.000000	
0.000000	1.000000	0.000000	
-0.000007	-0.000004	1.000000	
354
1.000000	-0.000000	0.000000	
0.000000	1.000000	0.000000	
0.000038	0.000006	1.000000	
188
1.000000	0.000000	0.000000	
-0.000000	1.000000	-0.000000	
0.000011	0.000003	1.000000	
315
1.000000	0.000000	-0.000000	
0.000000	1.000000	0.000000	
0.000026	0.000006	1.000000	
354
1.000000	-0.000000	-0.000000	
-0.000000	1.000000	-0.000000	
-0.000010	0.000008	1.000000	
323
1.000000	-0.000000	0.000000	
-0.000000	1.000000	-0.000000	
-0.000009	-0.000010	1.000000	
350
1.000000	-0.000000	0.000000	
-0.000000	1.000000	-0.000000	
-0.000035	-0.000008	1.000000	
361
1.000000	0.000000	-0.000000	
0.000000	1.000000	-0.000000	
0.000041	0.000004	1.000000	
384
1.000000	0.000000	0.000000	
0.000000	1.000000	-0.000000	
-0.000010	-0.000006	1.000000	
300
1.000000	0.000000	-0.000000	
-0.000000	1.000000	-0.000000	
0.000034	0.000003	1.000000	
418
1.000000	-0.000000	0.000000	
-0.000000	1.000000	0.000000	
0.000008	-0.000002	1.000000	
356
1.000000	-0.000000	-0.000000	
-0.000000	1.000000	0.000000	
0.000025	0.000008	1.000000	
401
1.000000	-0.000000	0.000000	
0.000000	1.000000	0.000000	
0.000047	0.000016	1.000000	
395
1.000000	0.000000	0.000000	
0.000000	1.000000	-0.000000	
-0.000005	-0.000006	1.000000	
407
1.000000	-0.000000	-0.000000	
-0.000000	1.000000	-0.000000	
-0.000019	-0.000005	1.000000	
405
1.000000	-0.000000	-0.000000	
-0.000000	1.000000	0.000000	
0.000005	-0.000003	1.000000	
417
1.000000	-0.000000	-0.000000	
0.000000	1.000000	0.000000	
-0.000028	0.000002	1.000000	
350
1.000000	-0.000000	-0.000000	
0.000000	1.000000	0.000000	
-0.000025	0.000006	1.000000	
435
1.000000	0.000000	-0.000000	
0.000000	1.000000	0.000000	
-0.000010	-0.000007	1.000000	
399
1.000000	0.000000	-0.000000	
0.000000	1.000000	-0.000000	
0.000002	-0.000003	1.000000	
419
1.000000	-0.000000	-0.000000	
-0.000000	1.000000	-0.000000	
-0.000016	-0.000007	1.000000	
408
1.000000	0.000000	0.000000	
0.000000	1.000000	0.000000	
-0.000043	-0.000022	1.000000	
428
1.000000	-0.000000	-0.000000	
-0.000000	1.000000	-0.000000	
0.000035	0.000005	1.000000	
419
1.000000	0.000000	0.000000	
0.000000	1.000000	-0.000000	
-0.000017	-0.000002	1.000000	
416
1.000000	-0.000000	0.000000	
0.000000	1.000000	0.000000	
-0.000001	-0.000002	1.000000	
424
1.000000	0.000000	0.000000	
-0.000000	1.000000	-0.000000	
-0.000033	-0.000005	1.000000	
430
1.000000	-0.000000	0.000000	
0.000000	1.000000	0.000000	
0.000028	0.000009	1.000000	
421
1.000000	-0.000000	0.000000	
-0.000000	1.000000	-0.000000	
0.000023	-0.000007	1.000000	
410
1.000000	-0.000000	0.000000	
-0.000000	1.000000	-0.000000	
-0.000033	-0.000012	1.000000	
403
1.000000	0.000000	0.000000	
0.000000	1.000000	0.000000	
0.000016	0.000003	1.000000	
410
1.000000	0.000000	0.000000	
-0.000000	1.000000	-0.000000	
-0.000003	0.000001	1.000000	
423
1.000000	-0.000000	-0.000000	
0.000000	1.000000	0.000000	
-0.000004	0.000000	1.000000	
440
1.000000	-0.000000	0.000000	
0.000000	1.000000	-0.000000	
-0.000016	-0.000012	1.000000	
433
1.000000	0.000000	0.000000	
0.000000	1.000000	-0.000000	
-0.000007	0.000002	1.000000	
417
1.000000	0.000000	-0.000000	
0.000000	1.000000	-0.000000	
0.000006	0.000017	1.000000	
399
1.000000	-0.000000	0.000000	
0.000000	1.000000	0.000000	
0.000013	-0.000010	1.000000	
421
1.000000	0.000000	0.000000	
0.000000	1.000000	0.000000	
-0.000032	-0.000003	1.000000	
403
1.000000	-0.000000	-0.000000	
-0.000000	1.000000	0.000000	
0.000001	0.000008	1.000000	
404
1.000000	0.000000	0.000000	
0.000000	1.000000	-0.000000	
0.000011	-0.000002	1.000000	
398
1.000000	-0.000000	-0.000000	
0.000000	1.000000	0.000000	
-0.000025	0.000003	1.000000	
396
1.000000	0.000000	-0.000000	
0.000000	1.000000	-0.000000	
0.000016	0.000002	1.000000	
397
1.000000	-0.000000	0.000000	
0.000000	1.000000	0.000000	
0.000002	-0.000004	1.000000	
396
1.000000	0.000000	-0.000000	
0.000000	1.000000	0.000000	
-0.000012	-0.000005	1.000000	
390
1.000000	0.000000	-0.000000	
-0.000000	1.000000	0.000000	
0.000015	0.000000	1.000000	
402
1.000000	0.000000	0.000000	
0.000000	1.000000	0.000000	
0.000015	0.000016	1.000000	
391
1.000000	0.000000	0.000000	
0.000000	1.000000	-0.000000	
0.000002	0.000000	1.000000	
380
1.000000	-0.000000	-0.000000	
-0.000000	1.000000	0.000000	
0.000012	0.000002	1.000000	
366
1.000000	-0.000000	-0.000000	
-0.000000	1.000000	-0.000000	
-0.000013	-0.000009	1.000000	
383
1.000000	-0.000000	0.000000	
0.000000	1.000000	0.000000	
0.000030	0.000008	1.000000	
386
1.000000	-0.000000	-0.000000	
-0.000000	1.000000	-0.000000	
0.000006	0.000002	1.000000	
400
1.000000	-0.000000	-0.000000	
-0.000000	1.000000	-0.000000	
-0.000011	-0.000002	1.000000	
385
1.000000	-0.000000	0.000000	
0.000000	1.000000	0.000000	
-0.000048	-0.000014	1.000000	
377
1.000000	0.000000	-0.000000	
0.000000	1.000000	-0.000000	
-0.000011	-0.000003	1.000000	
379
1.000000	-0.000000	-0.000000	
-0.000000	1.000000	-0.000000	
0.000002	-0.000002	1.000000	
347
1.000000	0.000000	0.000000	
0.000000	1.000000	0.000000	
0.000033	-0.000003	1.000000	
189
1.000000	-0.000250	-0.000004	
0.000286	1.000487	-0.000012	
0.099536	0.144324	1.004635	
204
1.000000	-0.000518	-0.000005	
-0.006622	1.002195	-0.000015	
1.976098	0.230984	1.006854	
292
1.000000	-0.000000	-0.000000	
-0.000000	1.000000	-0.000000	
0.000051	0.000018	1.000000	
355
1.000000	-0.000000	0.000000	
0.000000	1.000000	0.000000	
-0.000006	0.000003	1.000000	
151
1.000000	0.000195	0.000007	
0.005624	0.996784	0.000004	
-0.761514	-0.043511	0.995373	
167
1.000000	-0.000008	-0.000000	
0.004578	1.000427	0.000002	
2.926815	0.008206	1.000149	
163
1.000000	-0.000208	-0.000001	
0.003759	1.000459	-0.000001	
5.272472	0.093951	1.001418	
142
1.000000	0.000000	-0.000000	
-0.000000	1.000000	-0.000000	
7.000004	-1.000006	1.000000	
168
1.000000	0.000000	0.000000	
0.000000	1.000000	-0.000000	
8.999981	-0.000002	1.000000	
123
1.000000	0.000298	-0.000000	
-0.007971	0.990542	-0.000023	
9.324853	0.069556	1.001000	
132
1.000000	-0.000528	-0.000016	
-0.004885	1.008168	-0.000000	
10.724890	-0.883256	1.010754	
190
1.000000	-0.000183	-0.000001	
-0.000341	0.997867	0.000006	
6.460619	0.027938	0.996641	
210
1.000000	0.000000	0.000000	
-0.000000	1.000000	0.000000	
7.000010	-0.999993	1.000000	
135
1.000000	0.000000	0.000000	
0.000000	1.000000	-0.000000	
6.999999	-1.000000	1.000000	
165
1.000000	-0.000352	-0.000001	
0.001821	0.996825	0.000007	
6.792720	-1.776532	0.999416	
194
1.000000	-0.002669	-0.000001	
0.000186	0.996470	0.000001	
6.990897	-1.760238	1.000234	
175
1.000000	-0.000588	-0.000009	
-0.004765	1.000748	-0.000009	
7.421991	-2.781848	1.004910	
161
1.000000	-0.000000	-0.000000	
0.000000	1.000000	-0.000000	
6.999996	-3.000004	1.000000	
159
1.000000	-0.000221	-0.000003	
-0.004902	1.002063	-0.000004	
8.201605	-2.924711	1.003651	
128
1.000000	-0.000847	-0.000015	
0.003314	1.010308	0.000013	
8.156633	-3.103801	1.008209	
183
1.000000	-0.000000	-0.000000	
0.000000	1.000000	0.000000	
8.000000	-2.000001	1.000000	
140
1.000000	-0.000660	-0.000015	
0.000163	0.996326	-0.000022	
10.309142	0.334818	1.009807	
209
1.000000	-0.000645	-0.000008	
0.001516	1.005519	0.000006	
11.248525	0.098121	1.006227	
108
1.000000	0.000305	0.000002	
-0.003874	1.000329	-0.000016	
13.366180	0.105963	1.004016	
179
1.000000	-0.000636	-0.000007	
-0.004199	1.000516	-0.000015	
15.340568	0.366086	1.006354	
161
1.000000	-0.000305	-0.000005	
-0.007199	1.000770	-0.000022	
16.624528	0.229508	1.006158	
161
1.000000	0.000102	0.000002	
-0.002969	1.001203	-0.000004	
15.355151	0.033417	1.001825	
155
1.000000	-0.000308	-0.000005	
0.003880	1.002101	-0.000008	
14.844738	0.149843	1.005213	
170
1.000000	-0.000895	-0.000013	
-0.003674	1.008432	-0.000004	
15.713421	0.202959	1.011591	
134
1.000000	-0.001783	-0.000023	
-0.000032	1.007047	0.000000	
16.188028	0.770156	1.017120	
128
1.000000	-0.000364	-0.000003	
-0.004557	1.006653	-0.000000	
14.335202	0.138436	1.008021	
99
1.000000	-0.000838	-0.000010	
-0.000583	1.006565	0.000001	
12.447945	0.288957	1.009731	
158
1.000000	-0.002216	-0.000005	
-0.006310	0.992062	-0.000040	
12.081145	2.049026	1.013503	
173
1.000000	-0.001133	0.000002	
-0.008374	0.994843	-0.000031	
11.571506	1.386685	1.010086	
148
1.000000	-0.004756	-0.000021	
-0.005569	1.005666	-0.000013	
11.531883	2.032658	1.022130	
179
1.000000	0.000001	-0.000014	
-0.002078	0.996588	-0.000030	
9.788704	0.440721	1.018717	
192
1.000000	-0.000036	-0.000013	
0.010661	1.006174	0.000028	
9.033055	-0.731724	1.015143	
155
1.000000	0.000226	-0.000000	
-0.007151	0.993560	-0.000026	
8.924539	0.246682	1.016226	
197
1.000000	-0.001367	-0.000004	
-0.006915	0.998841	-0.000007	
8.484234	0.649738	1.017370	
219
1.000000	-0.000033	-0.000012	
-0.001411	1.003848	0.000004	
9.078665	0.332980	1.021748	
249
1.000000	-0.000178	0.000000	
0.007876	0.996188	0.000021	
8.601646	0.221344	1.014138	
235
1.000000	-0.000125	-0.000003	
-0.004517	0.997815	-0.000019	
8.774310	-0.803616	1.019715	
224
1.000000	0.000759	0.000000	
-0.009571	0.996823	-0.000025	
8.583162	-1.142732	1.019591	
224
1.000000	-0.001092	-0.000007	
-0.009919	0.998624	-0.000018	
8.320018	-0.461515	1.022025	
215
1.000000	0.000435	0.000006	
0.010718	1.002412	0.000026	
5.760165	-0.418867	1.011685	
197
1.000000	-0.000674	-0.000012	
0.004432	1.004960	0.000012	
5.653791	0.989511	1.022990	
205
1.000000	0.002588	0.000020	
0.009169	0.996877	0.000025	
3.513589	1.380321	1.007489	
237
1.000000	0.001855	0.000013	
0.005630	0.996427	0.000010	
4.033563	2.191482	1.010737	
243
1.000000	-0.002208	-0.000013	
0.006374	1.005983	0.000019	
5.468722	2.974574	1.022587	
246
1.000000	-0.001074	-0.000010	
0.001140	1.003754	0.000004	
6.098717	2.530012	1.021863	
263
1.000000	0.000909	-0.000004	
-0.001895	0.996226	-0.000009	
5.517487	2.722844	1.020727	
270
1.000000	0.000225	-0.000007	
-0.005213	1.001354	-0.000012	
5.820323	2.483541	1.023973	
242
1.000000	0.000441	0.000002	
0.005528	1.002981	0.000012	
4.613778	2.375898	1.016478	
316
1.000000	0.000389	0.000000	
-0.001575	0.997960	-0.000002	
4.707760	1.842156	1.016743	
307
1.000000	0.000537	0.000002	
-0.003643	1.001175	-0.000009	
5.064782	0.735549	1.017881	
218
1.000000	0.002309	0.000010	
-0.001085	0.998931	0.000008	
4.314460	0.252153	1.012345	
290
1.000000	0.000460	0.000002	
-0.001518	0.997091	-0.000003	
4.391625	1.010593	1.016112	
232
1.000000	-0.000682	0.000001	
-0.002976	1.000353	-0.000010	
4.189279	0.481693	1.015765	
255
1.000000	0.002107	0.000009	
-0.003401	0.995537	-0.000015	
3.875324	0.190352	1.013274	
269
1.000000	-0.001318	-0.000008	
0.002840	1.004901	0.000012	
3.390623	0.356397	1.017944	
